1.818800372354356432e+00,2.166720438058949316e+00,-4.063800191166780706e+00,1.707151435355430680e+00,-4.883679801796770192e+00,8.233795024053508271e+00,1.515148568492745262e+00,3.408614134289089215e+00,-2.960319662803694296e+00,2.846119412280786687e+00,-3.509423793517419288e+00,-7.738253154554183277e-01,-4.339228312706352675e+00,-3.559274417681874780e+01,-1.192718236622162564e+01,-1.960109918984973376e+01
2.215221464797371365e+00,2.338270419860501104e+00,-3.724288573751600495e+00,1.976539586160813045e+00,-4.783196892444989246e+00,8.807169625829111226e+00,2.147325999185887291e+00,3.476831896075118777e+00,-2.419834288035788372e+00,3.320898349647041670e+00,-3.385831106450378325e+00,-7.451214228746705359e-01,-4.285536895797720902e+00,-3.503851121834838978e+01,-1.158709673773165250e+01,-1.916079136052052689e+01
2.595489943028597146e+00,2.540777051167042444e+00,-3.393748599253567200e+00,2.268153562791573208e+00,-4.685736979148729553e+00,9.365854140757136292e+00,2.722067820953561146e+00,3.526761522801814763e+00,-1.887274593226896613e+00,3.739838651208139630e+00,-3.329284164724910955e+00,-7.920582610023814141e-01,-4.296735268235469363e+00,-3.443534379486902708e+01,-1.130056926107494775e+01,-1.872104069493369138e+01
2.957066338651852977e+00,2.779636633026405512e+00,-3.069831755111955829e+00,2.585022613682184556e+00,-4.587658223132079272e+00,9.904910440611210731e+00,3.232861762922055071e+00,3.551588529127499339e+00,-1.377636948836932440e+00,4.087087588550234685e+00,-3.348312690768575628e+00,-9.250370017850646498e-01,-4.385065806802868948e+00,-3.380311612876040073e+01,-1.108615480801512199e+01,-1.831569781660791918e+01
3.296093071075481440e+00,3.056484731629182772e+00,-2.752245776075396222e+00,2.926431475016003869e+00,-4.486341771624822172e+00,1.041800751501258837e+01,3.673709491088230195e+00,3.545653096534477910e+00,-9.083172656749844975e-01,4.347430858755926053e+00,-3.451442094227357593e+00,-1.153102561847474394e+00,-4.560308078889892869e+00,-3.316465481273016991e+01,-1.096088760150289332e+01,-1.797980846397424415e+01
3.607247697204348569e+00,3.368780513980734082e+00,-2.443209495658015928e+00,3.287633071225164905e+00,-4.380609134961516382e+00,1.089753315688707147e+01,4.039078363587700338e+00,3.504572548730882531e+00,-4.983743713400929920e-01,4.507010179249947512e+00,-3.646692425550920547e+00,-1.483239889228237018e+00,-4.828994077661070250e+00,-3.254454074642453776e+01,-1.093937710636467919e+01,-1.774757215150544809e+01
3.883875839833439869e+00,3.709684627047903582e+00,-2.147553051724283790e+00,3.659898744923599789e+00,-4.270781150103667656e+00,1.133503786256980383e+01,4.323903656077252577e+00,3.425388778125132205e+00,-1.674871719408299597e-01,4.554053077614355516e+00,-3.940848624052914140e+00,-1.919593370441440960e+00,-5.193616042129489685e+00,-3.196737000609155643e+01,-1.103276289829225476e+01,-1.764982522369064100e+01
4.118146086514430593e+00,4.068260896256393089e+00,-1.872842124842957201e+00,4.030809884633823614e+00,-4.158894128665843404e+00,1.172150022012622550e+01,4.523708307783042670e+00,3.306533136781904858e+00,6.498544324510024950e-02,4.479512747450010934e+00,-4.338851804561276282e+00,-2.462858873586900366e+00,-5.652238366892563981e+00,-3.145674075035073969e+01,-1.124816114666626987e+01,-1.771228071642069679e+01
4.301459871582920869e+00,4.430016722177043675e+00,-1.628989744433135822e+00,4.384925334351683190e+00,-4.048519781417695640e+00,1.204787551982121485e+01,4.634699019099971729e+00,3.147809782534528367e+00,1.812315936564230512e-01,4.277663014748895876e+00,-4.843064632289544313e+00,-3.109737753982640296e+00,-6.198097615883510159e+00,-3.103352056201718767e+01,-1.158799885955670561e+01,-1.795337585078126352e+01
4.424824434913505300e+00,4.777597176746915864e+00,-1.428036739083831996e+00,4.704494746293724106e+00,-3.944736451799194743e+00,1.230546548628316827e+01,4.654031617829001988e+00,2.950333492615041742e+00,1.659177875055082296e-01,3.946450189153662969e+00,-5.452794761942461932e+00,-3.852551666788671003e+00,-6.819676551932435160e+00,-3.071525366661047229e+01,-1.204990137648976578e+01,-1.838320302037366716e+01
4.479470715722607466e+00,5.091844717372065787e+00,-1.283428635766022730e+00,4.970562535792954151e+00,-3.853749753955457713e+00,1.248644095166363144e+01,4.580109714962904199e+00,2.716457337806458039e+00,7.221624996884834502e-03,3.487863767798357273e+00,-6.163702751037165584e+00,-4.679018955847260131e+00,-7.500856134260702746e+00,-3.051530024987156864e+01,-1.262653790870125370e+01,-1.900245497945613593e+01
4.457365370474883015e+00,5.352911510583979293e+00,-1.209358369773542385e+00,5.164015351681372934e+00,-3.782590521802950523e+00,1.258421633415933805e+01,4.412841946091933032e+00,2.449585697588649857e+00,-3.023890572378995500e-01,2.908005857141911843e+00,-6.967540292005095282e+00,-5.572320173467049997e+00,-8.221435874054716209e+00,-3.044248253522730607e+01,-1.330595097642588875e+01,-1.980220631041057189e+01
4.351965699078382599e+00,5.541593494736206438e+00,-1.219701955729870946e+00,5.266927133554055729e+00,-3.738496330728002803e+00,1.259405418703362045e+01,4.154023555669195567e+00,2.154172746180698539e+00,-7.653466037622127516e-01,2.217138288257021195e+00,-7.851850722916137393e+00,-6.511293386735553135e+00,-8.957736984688185800e+00,-3.050040014187601045e+01,-1.407178975234915441e+01,-2.076372054469256412e+01
4.158711066529024336e+00,5.640554233713476862e+00,-1.327217068384324961e+00,5.263626521946589421e+00,-3.728517967525343479e+00,1.251324829048267162e+01,3.807529818846779435e+00,1.835476088807844519e+00,-1.378639759182671121e+00,1.429413563580727686e+00,-8.800043947864908844e+00,-7.470996352860889367e+00,-9.683583663661853080e+00,-3.068754433283648808e+01,-1.490407675936448584e+01,-2.185933659734693535e+01
3.875654097084527461e+00,5.635538596549923618e+00,-1.542374197961122739e+00,5.141919047209951188e+00,-3.758848183754566641e+00,1.234161607978330899e+01,3.379617378810840123e+00,1.499577601687335449e+00,-2.133491929914843155e+00,5.625706554921245939e-01,-9.791534561879819520e+00,-8.423416369693342176e+00,-1.037125323037456504e+01,-3.099692288210597013e+01,-1.577977212309150801e+01,-2.305330765332839249e+01
3.503885780223842339e+00,5.516457696008187916e+00,-1.872482293076728865e+00,4.894004779902145330e+00,-3.834324789361448271e+00,1.208169049251588056e+01,2.878974095509522435e+00,1.153215220199540925e+00,-3.015362982934759017e+00,-3.625979024693979369e-01,-1.080215426896170072e+01,-9.338424825526972839e+00,-1.099262866023394203e+01,-3.141592047377290697e+01,-1.667365430062444887e+01,-2.430320495786353163e+01
3.047812110769448246e+00,5.278166488069265583e+00,-2.320834033408520902e+00,4.517185488553574935e+00,-3.957986062781309045e+00,1.173885882605805264e+01,2.316790714716177035e+00,8.036561539114542851e-01,-4.004288027507278080e+00,-1.322864784955194217e+00,-1.180475874279502158e+01,-1.018488534869174700e+01,-1.152040074122529312e+01,-3.192655510445870348e+01,-1.755926878093106325e+01,-2.556178718354044221e+01
2.515133162169943759e+00,4.920928881409362354e+00,-2.886277574543125279e+00,4.014151097361910558e+00,-4.130866418816616203e+00,1.132120638930770262e+01,1.706541197295686096e+00,4.584754086327296196e-01,-5.075618472340327259e+00,-2.293413197267389680e+00,-1.277021824588268117e+01,-1.093195526579317267e+01,-1.192937960273751052e+01,-3.250623362026533414e+01,-1.841004545600446107e+01,-2.677937315150281705e+01
1.916761425030070409e+00,4.450602792492161619e+00,-3.562753885979918600e+00,3.393104952668478447e+00,-4.351740913504356101e+00,1.083950463196006986e+01,1.063894493217177661e+00,1.254616879411758479e-01,-6.200787052138762689e+00,-3.248526835350150854e+00,-1.366826653321029816e+01,-1.155029037255501656e+01,-1.219754591300043778e+01,-3.312850284615580421e+01,-1.920016421051233024e+01,-2.790609367211304459e+01
1.266403588119173307e+00,3.878411952541118701e+00,-4.339413992288587707e+00,2.667373354642244898e+00,-4.617240137197793359e+00,1.030672779090793156e+01,4.062409926715204733e-01,-1.877052812756903055e-01,-7.348579207625067333e+00,-4.162581497577997780e+00,-1.446883976965630225e+01,-1.201341370950355092e+01,-1.230718592127420941e+01,-3.376436965204625551e+01,-1.990565050323655427e+01,-2.889449386335277126e+01
5.799981412757153620e-01,3.220368854293096383e+00,-5.200878030663988127e+00,1.854773304279119905e+00,-4.922011267615415520e+00,9.737667286243713249e+00,-2.476959232246240816e-01,-4.736635925938867953e-01,-8.486429417608212233e+00,-5.010854463037839324e+00,-1.514328063769909605e+01,-1.229885204779780494e+01,-1.224575990263797109e+01,-3.438407614551726255e+01,-2.050528705383710815e+01,-2.970212970264464758e+01
-1.250175033723081031e-01,2.496449389099320904e+00,-6.127803829751600873e+00,9.767072355083357138e-01,-5.259014359433464847e+00,9.148399711312572791e+00,-8.785160385596988419e-01,-7.256517213203863559e-01,-9.581795334602217551e+00,-5.770387541016354760e+00,-1.566562926514922793e+01,-1.238922269886681704e+01,-1.200654559161394275e+01,-3.495851618794820581e+01,-2.098133833531228021e+01,-3.029365387252403607e+01
-8.305157853971794069e-01,1.729455814237998545e+00,-7.097642194292364870e+00,5.702929694619340850e-02,-5.619928424775672227e+00,8.555728404649029173e+00,-1.466818094215048163e+00,-9.377886293102607462e-01,-1.060353416585179609e+01,-6.420698255038136182e+00,-1.601375909961785382e+01,-1.227304449477311898e+01,-1.158899006555363620e+01,-3.546083921901531966e+01,-2.132012541870413713e+01,-3.064261779709828559e+01
-1.518582731559090515e+00,9.437333674517736082e-01,-8.085758672779228107e+00,-8.792573215887893312e-01,-5.995685660212854096e+00,7.976592276469394172e+00,-1.994083541572792662e+00,-1.105419552718210685e+00,-1.152331639027151944e+01,-6.944604016142875480e+00,-1.617055264021774974e+01,-1.194544206003798514e+01,-1.099883781607465139e+01,-3.586765180873870662e+01,-2.151249187966091725e+01,-3.073271397156550577e+01
-2.172374803393233744e+00,1.638541584899226855e-01,-9.066423132182714895e+00,-1.807253686895053724e+00,-6.376961775200493676e+00,7.427525816191187680e+00,-2.443390186990579416e+00,-1.225345847917723940e+00,-1.231669782690213921e+01,-7.328616335171017404e+00,-1.612470625608782271e+01,-1.140840008999754396e+01,-1.024787455955195803e+01,-3.616018319551653093e+01,-2.155389312780997457e+01,-3.055845500942335491e+01
-2.776933036377560171e+00,-5.867744797794944844e-01,-1.001404732105708817e+01,-2.703468866525346570e+00,-6.754674413704604419e+00,6.924190497249519183e+00,-2.800356179870896689e+00,-1.296104527902390613e+00,-1.296410081457808694e+01,-7.563474930747886127e+00,-1.587138704537703404e+01,-1.067087396452782322e+01,-9.353418428617837677e+00,-3.632443890796631081e+01,-2.144442071434319175e+01,-3.012498437717468391e+01
-3.319893088876903153e+00,-1.287144575645402078e+00,-1.090439850176796810e+01,-3.546979714933787164e+00,-7.120535218528938337e+00,6.480823992112133780e+00,-3.053865495986975098e+00,-1.318200914563080861e+00,-1.345154130775966017e+01,-7.644419205348658153e+00,-1.541262095897574724e+01,-9.748510052143226190e+00,-8.337660618953110614e+00,-3.635176442636171146e+01,-2.118864402956064907e+01,-2.944767228796686709e+01
-3.792080797584731044e+00,-1.919763219185419034e+00,-1.171577201953210334e+01,-4.320475199395252375e+00,-7.467450214700117606e+00,6.109832196030448692e+00,-3.196755553744669243e+00,-1.294218082400459213e+00,-1.377112466997384033e+01,-7.571351835262939645e+00,-1.475743524951603902e+01,-8.663162939696555043e+00,-7.226734234689369707e+00,-3.623872354084977587e+01,-2.079533909672031911e+01,-2.855101103248673056e+01
-4.187887531398019725e+00,-2.471477616807499889e+00,-1.243007100454079605e+01,-5.011013203515960690e+00,-7.789909588774341032e+00,5.821425558576761361e+00,-3.226187619378224625e+00,-1.228859655741891155e+00,-1.392122288763320448e+01,-7.348677069588008592e+00,-1.392161353904685761e+01,-7.442006034251423152e+00,-6.049648671585194926e+00,-3.598735810934918078e+01,-2.027702127334754678e+01,-2.746737145929614954e+01
-4.505453736774897244e+00,-2.933998727195689327e+00,-1.303358368040551518e+01,-5.610488618000410099e+00,-8.084174665414455063e+00,5.623371256895515202e+00,-3.143968300956685447e+00,-1.128891485257529359e+00,-1.390635900493766108e+01,-6.985218127066566751e+00,-1.292723204957691507e+01,-6.116548948532001262e+00,-4.837121543919215227e+00,-3.560461386200645251e+01,-1.964946660367496989e+01,-2.623510719879729081e+01
-4.746712766095776637e+00,-3.304183339407945397e+00,-1.351775308525794550e+01,-6.115911646436337001e+00,-8.348468332970469419e+00,5.520701774436377107e+00,-2.956531363075044716e+00,-1.003037506776488952e+00,-1.373690315745053780e+01,-6.493801759926942196e+00,-1.180196842556296488e+01,-4.721420006971198013e+00,-3.620530445934372565e+00,-3.510267416710156851e+01,-1.893120988971732999e+01,-2.489708818251912348e+01
-4.917048801923183277e+00,-3.583864141058801245e+00,-1.387937587905270576e+01,-6.529172167308983532e+00,-8.582813137254150959e+00,5.515701487892344268e+00,-2.674685371724972782e+00,-8.616098718441431714e-01,-1.342837880977902287e+01,-5.890736922586320645e+00,-1.057800671973857831e+01,-3.293010819778693588e+00,-2.430589225071930315e+00,-3.449813014250813836e+01,-1.814282013352254808e+01,-2.349838912504051081e+01
-5.024882321706988009e+00,-3.779429024028819750e+00,-1.412064906533643516e+01,-6.856663291718446018e+00,-8.788828226035462876e+00,5.607951356408809040e+00,-2.313098324363068947e+00,-7.160672569253274666e-01,-1.300052508171104471e+01,-5.195129857518891114e+00,-9.290820278439866797e+00,-1.868066401715230196e+00,-1.296300825458231998e+00,-3.381167772560742435e+01,-1.730618528929128175e+01,-2.208445308009570951e+01
-5.080930441483335613e+00,-3.901050624249117860e+00,-1.424879847285758139e+01,-7.108435265562453864e+00,-8.969399445750832811e+00,5.794469593927683349e+00,-1.889747971571350771e+00,-5.785811052024376622e-01,-1.247622513899125707e+01,-4.428246615877252879e+00,-7.977790352054102918e+00,-4.823936225607177164e-01,-2.439396888792302320e-01,-3.306681593773306105e+01,-1.644382558523823334e+01,-2.069885432299388128e+01
-5.097431481928550667e+00,-3.961705334343881724e+00,-1.427544930716686622e+01,-7.297270023679677919e+00,-9.128181212332606265e+00,6.069954147546950729e+00,-1.424948548190840381e+00,-4.613534910160410618e-01,-1.188027961596633730e+01,-3.612645712606596948e+00,-6.676720497870130444e+00,8.304992486551516784e-01,7.038325978928332560e-01,-3.228914613609084228e+01,-1.557819142270029644e+01,-1.938169856564992699e+01
-5.087117791534218725e+00,-3.975947125931803328e+00,-1.421556346696889861e+01,-7.437374043546652658e+00,-9.268929869304201929e+00,6.427274624121514179e+00,-9.404462676769789198e-01,-3.759188273656066670e-01,-1.123789555790760275e+01,-2.771274384734067731e+00,-5.424202573554905094e+00,2.040572050418917094e+00,1.528771613466698653e+00,-3.150436715158074463e+01,-1.473076310363107133e+01,-1.816745258621138248e+01
-5.062393944113985356e+00,-3.958805411072120251e+00,-1.408647736718282317e+01,-7.543286369550224357e+00,-9.395100915750582260e+00,6.857708117193235253e+00,-4.584068919467902958e-01,-3.326101906195857438e-01,-1.057358880405872803e+01,-1.926770024382593816e+00,-4.254297676787582638e+00,3.122088757514799084e+00,2.217360226596333916e+00,-3.073729442670248702e+01,-1.392160028204304112e+01,-1.708403628000768748e+01
-5.034347474080815843e+00,-3.924538303972561870e+00,-1.390657900993885754e+01,-7.628615446054089588e+00,-9.509273375993041455e+00,7.351426405598472158e+00,-3.759323021945704113e-04,-3.398870247784524512e-01,-9.909888958696130956e+00,-1.100657848170606634e+00,-3.197175850367505845e+00,4.054372679135331836e+00,2.761118885547224622e+00,-3.001009917684096706e+01,-1.316865960844248384e+01,-1.615163165469235906e+01
-5.012092402697134297e+00,-3.885598654404109453e+00,-1.369424696211213011e+01,-7.705034201365790203e+00,-9.612811059359918531e+00,7.897777736858326847e+00,4.138711741101825936e-01,-4.038823905523252211e-01,-9.266446047808821973e+00,-3.126705649025147693e-01,-2.278095671721923843e+00,4.822246970827328560e+00,3.156506904473517672e+00,-2.934188858815317147e+01,-1.248750183586851215e+01,-1.538275270946636475e+01
-5.002080657983426271e+00,-3.851691384884034619e+00,-1.346655682516275832e+01,-7.781289102151736969e+00,-9.705547212998416384e+00,8.485721496820179510e+00,7.671733150521795608e-01,-5.279497166663595920e-01,-8.659200732647626353e+00,4.198682320449038663e-01,-1.516508830297303767e+00,5.416219410612281848e+00,3.404767131805121139e+00,-2.874741073878100650e+01,-1.189081297143334837e+01,-1.478194992427912702e+01
-5.007814055305501277e+00,-3.829232301890589163e+00,-1.323845469190370849e+01,-7.862731386739495676e+00,-9.785765621187579200e+00,9.103978831970707120e+00,1.045871291146077464e+00,-7.125460921553792293e-01,-8.100053114193196180e+00,1.082452515980507846e+00,-9.256736785230588183e-01,5.832401016766830537e+00,3.511323261403902052e+00,-2.823744177520713805e+01,-1.138845061702384598e+01,-1.434699469444617570e+01
-5.029589387974140458e+00,-3.820944888541436324e+00,-1.302181019957282793e+01,-7.950832791351198026e+00,-9.850183450334077051e+00,9.741414013638475922e+00,1.240456788181256265e+00,-9.550796969880162024e-01,-7.596572640024297662e+00,1.663805964819066174e+00,-5.123120114212493803e-01,6.072263297841377749e+00,3.485273173338315544e+00,-2.781844243474345291e+01,-1.098714314040105222e+01,-1.406952895932602665e+01
-5.064644792887724734e+00,-3.825880259430165076e+00,-1.282495945848484453e+01,-8.043260484540816435e+00,-9.894211764165742551e+00,1.038710706813145102e+01,1.346010704303285621e+00,-1.250065697970438094e+00,-7.152156351092521902e+00,2.156032778945785822e+00,-2.768098860881975654e-01,6.142102362005301686e+00,3.338604357161758074e+00,-2.749329913981924278e+01,-1.069063929656397427e+01,-1.393664477351866182e+01
-5.107326080351468178e+00,-3.839612954300792413e+00,-1.265221486587540767e+01,-8.134003275815167910e+00,-9.912188874414999518e+00,1.103071525542593179e+01,1.362306899008629557e+00,-1.589344932514846320e+00,-6.766185627779480960e+00,2.554750179090166107e+00,-2.134092121214266058e-01,6.052454183993415171e+00,3.085562334642331095e+00,-2.726107296078260944e+01,-1.049962437782708591e+01,-1.393181306733125879e+01
-5.149661975760031929e+00,-3.854807109936659870e+00,-1.250400919446719072e+01,-8.214001649204980993e+00,-9.897941765360682709e+00,1.166249831847593299e+01,1.293752151134545336e+00,-1.962628690908393203e+00,-6.434766931898344922e+00,2.858906821407242838e+00,-3.109800949926055935e-01,5.817239376395987982e+00,2.741731253122989820e+00,-2.711817449871541186e+01,-1.041201579546319422e+01,-1.403671232078135844e+01
-5.181864521904946841e+00,-3.861904754698501030e+00,-1.237689830396965007e+01,-8.271761705803793774e+00,-9.845150425853551823e+00,1.227360689275800354e+01,1.148976935095564755e+00,-2.357953668093434985e+00,-6.151177993906646435e+00,3.070668713818616613e+00,-5.536437804472686963e-01,5.453039710841581567e+00,2.323480106157484570e+00,-2.705815096636706585e+01,-1.042297416305308388e+01,-1.423203618297110751e+01
-5.193137555611402334e+00,-3.850083802722020554e+00,-1.226411710103478292e+01,-8.294354424577775831e+00,-9.747986519204093980e+00,1.285616641130799032e+01,9.402377967036166240e-01,-2.762427690132896352e+00,-5.906784854152643760e+00,3.195051955982576963e+00,-9.218110122754747948e-01,4.978175676062256194e+00,1.847171918470666085e+00,-2.707239124614607917e+01,-1.052528490181339649e+01,-1.449886366601547394e+01
-5.172416829083753775e+00,-3.808211684240078387e+00,-1.215617880969707976e+01,-8.268378141037210582e+00,-9.601620708317920361e+00,1.340347725966879011e+01,6.826133813338954859e-01,-3.162919430808523558e+00,-5.691812220515359400e+00,3.239518393593684209e+00,-1.393187693724283083e+00,4.411901832161047032e+00,1.328698648843204211e+00,-2.715024348944763233e+01,-1.070958094007720263e+01,-1.481935606719587639e+01
-5.109311302434724311e+00,-3.725927168850746263e+00,-1.204190579941970185e+01,-8.181176144716882703e+00,-9.402861767586641051e+00,1.390993731506667075e+01,3.931406625547084754e-01,-3.546858639926331769e+00,-5.496414086628096385e+00,3.213460931158418354e+00,-1.944027096702863666e+00,3.773629503424435150e+00,7.828103854546730744e-01,-2.728025790436527132e+01,-1.096493879420930284e+01,-1.517803020947880199e+01
-4.994755153921575541e+00,-3.594475780857839364e+00,-1.190921325886991866e+01,-8.021748980464789014e+00,-9.150422775911003725e+00,1.437129568174771421e+01,8.988962623676610697e-02,-3.902803759493405078e+00,-5.311335641085378256e+00,3.127757397730289490e+00,-2.550029720655656362e+00,3.082347931413997877e+00,2.229524528191149102e-01,-2.745025386543228763e+01,-1.127907752413131348e+01,-1.556184941959478962e+01
-4.821813385623319625e+00,-3.407597383704470406e+00,-1.174633582349896521e+01,-7.781848303980306802e+00,-8.845384010251239104e+00,1.478456516057980963e+01,-2.089917114198986958e-01,-4.221127331032594299e+00,-5.128800981198755160e+00,2.994188067565434430e+00,-3.187534297079465340e+00,2.356104009661049048e+00,-3.391252299634182066e-01,-2.764869995941137759e+01,-1.163905162525123238e+01,-1.596104540566089014e+01
-4.586182914446229830e+00,-3.162086440006784294e+00,-1.154263139271821004e+01,-7.456663521891769619e+00,-8.491250713555306362e+00,1.514813788137072947e+01,-4.861593264286443450e-01,-4.494433069244245793e+00,-4.943049634791143454e+00,2.825012436557904572e+00,-3.834341516720141563e+00,1.611660007561398267e+00,-8.934206707538256964e-01,-2.786536248004898653e+01,-1.203160939720366684e+01,-1.636907774060124510e+01
-4.286629293050360445e+00,-2.858216828151979083e+00,-1.128961713398618016e+01,-7.045468027644983700e+00,-8.093968215092900209e+00,1.546170529640689928e+01,-7.258348372640219814e-01,-4.717904777451336074e+00,-4.750835529170974958e+00,2.632427509571336088e+00,-4.470518546642479052e+00,8.642344405157589282e-01,-1.431722475276909989e+00,-2.809223795693291237e+01,-1.244373572513419646e+01,-1.678270053942381423e+01
-3.924996417308096230e+00,-2.499722221584650850e+00,-1.098139449418740732e+01,-6.551691878901317878e+00,-7.661508467232807540e+00,1.572654247981065367e+01,-9.144406812849965593e-01,-4.889235175126592559e+00,-4.551332865096234137e+00,2.428326109057036497e+00,-5.078742945189405944e+00,1.275639297563788688e-01,-1.947320858068463778e+00,-2.832351411538344266e+01,-1.286284351009368976e+01,-1.720112797275025329e+01
-3.506204096783327451e+00,-2.093656030827927506e+00,-1.061527099692967013e+01,-5.983000597468231874e+00,-7.203618713940482365e+00,1.594534884938665442e+01,-1.041117826856722051e+00,-5.008677568999342355e+00,-4.346235156856791626e+00,2.223862073524585536e+00,-5.644778548828321085e+00,-5.861751982203380340e-01,-2.434960570569185911e+00,-2.855618435697322255e+01,-1.327736242507276998e+01,-1.762575722956978908e+01
-3.037882402307158003e+00,-1.649854515419781675e+00,-1.019173883661868452e+01,-5.350816982646414033e+00,-6.731041732016361578e+00,1.612246620667747266e+01,-1.098022930218499837e+00,-5.078662517821753042e+00,-4.139233733103820256e+00,2.029307705295528841e+00,-6.157395471851451418e+00,-1.266175142668527931e+00,-2.890417336024891704e+00,-2.878942325826529114e+01,-1.367677457385484630e+01,-1.805892660084670354e+01
-2.529831145645989210e+00,-1.180217499889673949e+00,-9.714400314773262934e+00,-4.669658759472580023e+00,-6.254835074515159299e+00,1.626387389051233612e+01,-1.080475915450072488e+00,-5.103369867423298345e+00,-3.935510214690165931e+00,1.853844254992590868e+00,-6.608286062837014363e+00,-1.902829046009057112e+00,-3.310253557322608842e+00,-2.902398277729965770e+01,-1.405187929719145856e+01,-1.850300256153904499e+01
-1.993416912478468195e+00,-6.978840729343219751e-01,-9.189608424271780152e+00,-3.956300860895647364e+00,-5.785593417755201529e+00,1.637716830625486608e+01,-9.869348068633678750e-01,-5.088166495630079389e+00,-3.741034627421708336e+00,1.705489302136242724e+00,-6.991769718329303274e+00,-2.487567493162679000e+00,-3.691528161837613453e+00,-2.926144722173496859e+01,-1.439488706019070818e+01,-1.895936062573805359e+01
-1.440895569672095533e+00,-2.163317546569382133e-01,-8.626096250824609513e+00,-3.228861268042219734e+00,-5.332848312703230675e+00,1.647127259894229567e+01,-8.188094801513317034e-01,-5.039129205728356098e+00,-3.561957973095720043e+00,1.590947119744574145e+00,-7.304581074087006520e+00,-3.012728775735919129e+00,-4.031694665251256637e+00,-2.950382310840125655e+01,-1.469972100856980113e+01,-1.942786876639807403e+01
-8.845879011639508072e-01,2.516647472654153228e-01,-8.034168968081491613e+00,-2.505649561453222152e+00,-4.904276061835361133e+00,1.655636231582775508e+01,-5.799993693870701961e-01,-4.962316397232712006e+00,-3.403772061055189369e+00,1.515703666261642102e+00,-7.545245489042748943e+00,-3.471340260110916009e+00,-4.328351584383369755e+00,-2.975266029534275347e+01,-1.496185993500316513e+01,-1.990607190204966770e+01
-3.362300590654445642e-01,6.948726013034729476e-01,-7.425117767955415893e+00,-1.804157018065378537e+00,-4.505343272334678240e+00,1.664340137646658491e+01,-2.765133180685372949e-01,-4.863353067590915124e+00,-3.270753216725394985e+00,1.483980068963637766e+00,-7.713793825022698947e+00,-3.857121516275435091e+00,-4.579331080122535091e+00,-3.000885793925601774e+01,-1.517856438034918831e+01,-2.038914711901320231e+01
1.936769753563933882e-01,1.104352867537047755e+00,-6.810451522632404497e+00,-1.140110509767575664e+00,-4.138886164994788786e+00,1.674378017542386488e+01,8.415071787117112123e-02,-4.746896517787825509e+00,-3.165430958865966815e+00,1.498788374693752257e+00,-7.811338407080063995e+00,-4.164451081849029457e+00,-4.782730400579705332e+00,-3.027260063143685187e+01,-1.534881209489105558e+01,-2.086999603077047993e+01
6.963550069620252359e-01,1.473994592606603593e+00,-6.201241333894913055e+00,-5.266521974034794606e-01,-3.805098286433464594e+00,1.686872762880561538e+01,4.935263900257789160e-01,-4.616388600587812974e+00,-3.088231436585910927e+00,1.561956166832060511e+00,-7.839684639400559263e+00,-4.388451372834449415e+00,-4.937074834404727497e+00,-3.054322817952875013e+01,-1.547326232498125975e+01,-2.133949446683151763e+01
1.165203028057210322e+00,1.800944426502320894e+00,-5.607324493125341647e+00,2.640467681386904353e-02,-3.501434275470916013e+00,1.702892803266137633e+01,9.428011439149410755e-01,-4.473780198354321946e+00,-3.037158330577335974e+00,1.674276880914046028e+00,-7.800971311894046245e+00,-4.525044676604054850e+00,-5.041354633899302939e+00,-3.081914357327804055e+01,-1.555396829615612653e+01,-2.178681840153818428e+01
1.595951772916524458e+00,2.085594243109218482e+00,-5.036921701737502310e+00,5.129195384888047826e-01,-3.223039193326779905e+00,1.723386791680441021e+01,1.423160127060828728e+00,-4.319650711256435294e+00,-3.007853148078751371e+00,1.835445834226109962e+00,-7.697553215059614651e+00,-4.571247260520538980e+00,-5.095355772571961595e+00,-3.109783219204789262e+01,-1.559434463934523762e+01,-2.220014180685009464e+01
1.986746076959862606e+00,2.331457763863516330e+00,-4.496124286291725447e+00,9.306522130816516913e-01,-2.963133261364419901e+00,1.749143554839133685e+01,1.926229086562501802e+00,-4.153301852532927718e+00,-2.993693519631591471e+00,2.044170739510478896e+00,-7.531796760478775887e+00,-4.525336714721891695e+00,-5.099747125949935622e+00,-3.137587160312322609e+01,-1.559872770338705372e+01,-2.256723294853761885e+01
2.337975872353642792e+00,2.544709017701951126e+00,-3.988777519712503050e+00,1.281144848209320841e+00,-2.713689449255417330e+00,1.780746360712337406e+01,2.444174231685755316e+00,-3.973157435611023303e+00,-2.986133020484353473e+00,2.298140389081934742e+00,-7.306096008237278561e+00,-4.387219124806540194e+00,-5.056277447946715853e+00,-3.164853501018782467e+01,-1.557216989614538427e+01,-2.287600036745778809e+01
2.652041912274380575e+00,2.733604544397771896e+00,-3.516402849792435781e+00,1.569424552659733907e+00,-2.466161389425133077e+00,1.818537981745436483e+01,2.969852190476399922e+00,-3.777173372084761560e+00,-2.975215334984227411e+00,2.594060784964358213e+00,-7.022917422473767601e+00,-4.158609883970767918e+00,-4.967899900509880950e+00,-3.190990280565578274e+01,-1.552005454807870066e+01,-2.311529156873539392e+01
2.932803464606332344e+00,2.907590360754810810e+00,-3.078492102407941022e+00,1.803360895067277481e+00,-2.212420484591838488e+00,1.862580791484418086e+01,3.496739563896435588e+00,-3.563484501711549068e+00,-2.950300981178144433e+00,2.927577093834674571e+00,-6.685046580058947363e+00,-3.843347388921575458e+00,-4.838914754202478186e+00,-3.215291473634351860e+01,-1.544793171107680152e+01,-2.327565940604559813e+01
3.185072670171198883e+00,3.076427524899889132e+00,-2.672882896856684898e+00,1.992871649238683762e+00,-1.945583995884338613e+00,1.912643833171263452e+01,4.018958671120199000e+00,-3.330970270288323931e+00,-2.900851552552341506e+00,3.293352669479934214e+00,-6.295763659654590505e+00,-3.447502441447614530e+00,-4.674971167837538744e+00,-3.236992691021792723e+01,-1.536114107298843301e+01,-2.335015197086427818e+01
3.413956455907427134e+00,3.249213941558144914e+00,-2.296324197942870349e+00,2.149002224696405339e+00,-1.660876694123084807e+00,1.968194629924600392e+01,4.531002950470469415e+00,-3.079882881652154847e+00,-2.817247205377995112e+00,3.685064533485184590e+00,-5.859144597415234301e+00,-2.979491834463858346e+00,-4.482986079093662646e+00,-3.255294478100626065e+01,-1.526461866642617693e+01,-2.333487501392648156e+01
3.624181768325259512e+00,3.433447636168127204e+00,-1.945201254685265058e+00,2.282870326716784248e+00,-1.356378094328523964e+00,2.028397411225794045e+01,5.027650782995181089e+00,-2.812317131948310678e+00,-2.691728678255594254e+00,4.095454760258504301e+00,-5.380362397190395995e+00,-2.450002735199539927e+00,-4.271067741115697203e+00,-3.269487253124788140e+01,-1.516278971081883853e+01,-2.322985652702552883e+01
3.819513589614536908e+00,3.634242921813965133e+00,-1.616124797297277205e+00,2.404717203552710902e+00,-1.033467089776754388e+00,2.092140250917163868e+01,5.503726648534426502e+00,-2.532586304094658569e+00,-2.519068697537600876e+00,4.516435855057546966e+00,-4.865900127985779200e+00,-1.871833545444620661e+00,-4.048191856971244285e+00,-3.278985395108091438e+01,-1.505931886876712333e+01,-2.303909805320061110e+01
4.002286444944634702e+00,3.853732925610406479e+00,-1.306566159169159302e+00,2.523023355957313640e+00,-6.970928938522920060e-01,2.158076363958985766e+01,5.954034069432664111e+00,-2.247365507047043742e+00,-2.297167207195620620e+00,4.939304694234390780e+00,-4.323659433131670227e+00,-1.259560862838320805e+00,-3.823855887453969871e+00,-3.283421122151941773e+01,-1.495702626880223463e+01,-2.277083566603206322e+01
4.173106451879026402e+00,4.090698332840064566e+00,-1.015277622875418118e+00,2.643818823009107088e+00,-3.556882578140694307e-01,2.224681150846963362e+01,6.373143141179299143e+00,-1.965664312914358725e+00,-2.027349982333044309e+00,5.354952795287887035e+00,-3.762958245753285080e+00,-6.291339810765035345e-01,-3.607579840738986299e+00,-3.282635374335982448e+01,-1.485769243427895780e+01,-2.243698340409662606e+01
4.330660560126628589e+00,4.340475457706544304e+00,-7.426930419087192092e-01,2.770182112431293309e+00,-2.091649608283407957e-02,2.290318547980196229e+01,6.755431526536693987e+00,-1.698573050337669255e+00,-1.714527192087130558e+00,5.754172770885714883e+00,-3.194448460059032602e+00,2.655349270190843214e-03,-3.408485750937398251e+00,-3.276740673072713861e+01,-1.476209792264488740e+01,-2.205287461708456220e+01
4.471820648480773208e+00,4.595155935449938056e+00,-4.909425922029666545e-01,2.902070453800877914e+00,2.930576528215282917e-01,2.353328538571841477e+01,7.094978660749461596e+00,-1.458720983667461724e+00,-1.366951129024444711e+00,6.127934747102375290e+00,-2.629851631121383537e+00,6.187533119513575208e-01,-3.234634480731480188e+00,-3.266033285645922035e+01,-1.466984023665576942e+01,-2.163595119858000615e+01
4.591871775316301196e+00,4.844066670817047893e+00,-2.638248261528663985e-01,3.036299630107505365e+00,5.703319519128458026e-01,2.412105240576389065e+01,7.385748881252983011e+00,-1.259643778581834184e+00,-9.958730784140588099e-01,6.467712081294106241e+00,-2.081656998416517634e+00,1.202432204241002944e+00,-3.092681051254961844e+00,-3.250985591891526383e+01,-1.457948994391367492e+01,-2.120499798021549864e+01
4.684930794844026636e+00,5.074466311871151269e+00,-6.648598332268440547e-02,3.166920964734671884e+00,7.943809581495133720e-01,2.465184483323347564e+01,7.621752506592667231e+00,-1.114889503103186463e+00,-6.148762208121452133e-01,6.765850350389465362e+00,-1.562657193905069075e+00,1.737989145605026930e+00,-2.987345642366268983e+00,-3.232154444143312588e+01,-1.448865779762647499e+01,-2.077877566381729935e+01
4.744388906221791657e+00,5.272448975247059799e+00,9.489228720073383805e-02,3.285644590986459779e+00,9.490666446050419758e-01,2.511306340224325950e+01,7.797396216509663525e+00,-1.037180493664022318e+00,-2.392221310643156684e-01,7.015891310220895072e+00,-1.085530073714381150e+00,2.211304961585650375e+00,-2.921234037645824344e+00,-3.210188136260553193e+01,-1.439429372466010193e+01,-2.037530053016305587e+01
4.763627871505590861e+00,5.423979687723615051e+00,2.137960720721189256e-01,3.382651591941348457e+00,1.019939557697571164e+00,2.549490908607348416e+01,7.907825952006543702e+00,-1.037368657882884460e+00,1.151314863170824765e-01,7.212867354634822092e+00,-6.622790412718564390e-01,2.610436230457952256e+00,-2.894570042741720250e+00,-3.185725550125990679e+01,-1.429285545310927752e+01,-2.001049347428878278e+01
4.736562424777619462e+00,5.515940517817301547e+00,2.838520258173203858e-01,3.447333648108001469e+00,9.952245222266435931e-01,2.579067253808768356e+01,7.949411042078873280e+00,-1.123605972696098743e+00,4.322849298060456036e-01,7.353525144534511782e+00,-3.038636957750524559e-01,2.926031162452594536e+00,-2.905352909933024197e+00,-3.159437003056716975e+01,-1.418084205610213289e+01,-1.969786878161788835e+01
4.658385591242239165e+00,5.537252305796322105e+00,2.996608836959491207e-01,3.469323251377171680e+00,8.669466667984149222e-01,2.599718800727862345e+01,7.920190099535239447e+00,-1.300494085578602910e+00,6.974538364558622305e-01,7.436563971471585432e+00,-1.963068613424656661e-02,3.151740434633925503e+00,-2.949377818993268896e+00,-3.131967628517230651e+01,-1.405499184449976369e+01,-1.944762974967958868e+01
4.526141855000912706e+00,5.479795803804501375e+00,2.574431756506582181e-01,3.439396577132059374e+00,6.316956431230082991e-01,2.611484325634956605e+01,7.820307188244406404e+00,-1.568462414407300720e+00,8.977436440207302581e-01,7.462700410097475867e+00,1.830265200891227906e-01,3.284402287865450631e+00,-3.020664102242623272e+00,-3.103969537565641801e+01,-1.391279308603525777e+01,-1.926654293384955707e+01
4.339317611504514005e+00,5.339277318657401850e+00,1.557997804683233234e-01,3.350488068220808024e+00,2.913095589732339619e-01,2.614760861593866537e+01,7.652296429039048498e+00,-1.923345277431907974e+00,1.023017358463617299e+00,7.434659732884968619e+00,2.990635961947849530e-01,3.324121737001390464e+00,-3.111714145421889732e+00,-3.076025691676773377e+01,-1.375267828642548196e+01,-1.915730349235776941e+01
4.100195853921874800e+00,5.115809105898586395e+00,-3.856970293369510472e-03,3.198440454990841619e+00,-1.469349041956927726e-01,2.610270287568270220e+01,7.421348905041861066e+00,-2.356300092237971544e+00,1.066447533643039236e+00,7.357127014390661301e+00,3.260138223890440834e-01,3.274183903753467462e+00,-3.214160836570932211e+00,-3.048691068215169864e+01,-1.357442437735717178e+01,-1.911886229334463039e+01
3.814195152178642800e+00,4.814252031581873759e+00,-2.167027842732891507e-01,2.982769140896762927e+00,-6.701823848774404180e-01,2.599040804953905592e+01,7.135336173912935287e+00,-2.853857139715836322e+00,1.025087205433005799e+00,7.236537561307406108e+00,2.641814205970938190e-01,3.140831430820783421e+00,-3.319192907464908249e+00,-3.022400141677440644e+01,-1.337917134843672784e+01,-1.914615352172597085e+01
3.489856796407056372e+00,4.444250789493539244e+00,-4.744542040203053590e-01,2.707004413496226114e+00,-1.260455975542072560e+00,2.582334867948637935e+01,6.804712973396100928e+00,-3.398500272860777827e+00,9.000181866745267101e-01,7.080763417785302494e+00,1.165802897079286637e-01,2.932844077984065656e+00,-3.418263111458122339e+00,-2.997465699491704427e+01,-1.316972791679544486e+01,-1.923066266745329500e+01
3.138755261282214271e+00,4.019964888515803025e+00,-7.652947976981081535e-01,2.378940185595688650e+00,-1.895258340796019070e+00,2.561600009446854287e+01,6.442237149152050257e+00,-3.969305670390692153e+00,6.963805919400956057e-01,6.898730020666558715e+00,-1.110705476712401385e-01,2.661089566594795564e+00,-3.503625657672334359e+00,-2.974021205493505704e+01,-1.295046255714637695e+01,-1.936070429331920550e+01
2.774981434395107804e+00,3.559409607764822070e+00,-1.074380354326973652e+00,2.010365706974249989e+00,-2.548736884210385689e+00,2.538369799315287523e+01,6.062586500928508926e+00,-4.543040653323640932e+00,4.229128793643681661e-01,6.699919059452826176e+00,-4.107859687632364754e-01,2.337905159615689232e+00,-3.569071723349379166e+00,-2.952087317756095075e+01,-1.272745133737326029e+01,-1.952269945160784204e+01
2.414732309327281001e+00,3.083692900351129307e+00,-1.384227163241567915e+00,1.616761475078838384e+00,-3.192751124138459851e+00,2.514204386497729615e+01,5.681857477117729260e+00,-5.095184614131137657e+00,9.161588682636967462e-02,6.494012265731259781e+00,-7.724414464755842147e-01,1.976570912125041435e+00,-3.610176501938265226e+00,-2.931524927903481625e+01,-1.250813017930265403e+01,-1.970162527020425358e+01
2.075478196136042897e+00,2.615926493880105674e+00,-1.675675564742807655e+00,1.216510265131099944e+00,-3.798430948188480372e+00,2.490596564823734838e+01,5.316977724848714004e+00,-5.601303150895906136e+00,-2.831534327776452642e-01,6.290340985490718850e+00,-1.184380652623708841e+00,1.590678906784932956e+00,-3.624814979920647495e+00,-2.912139762093884698e+01,-1.230118995387029557e+01,-1.988254889360217703e+01
1.775075671070750705e+00,2.179970707641647021e+00,-1.928823990283051293e+00,8.299407976164401290e-01,-4.337625776010943568e+00,2.468903503478973605e+01,4.984944032511647194e+00,-6.038308495362564088e+00,-6.855438041379704472e-01,6.097450024622682818e+00,-1.633874132694336012e+00,1.193567676991089677e+00,-3.613327351093230888e+00,-2.893723713013214649e+01,-1.211620407691606616e+01,-2.005156431665067629e+01
1.530855796811263492e+00,1.799110630393430554e+00,-2.124182991626170747e+00,4.782148617582677730e-01,-4.784488906911210648e+00,2.450274283380671392e+01,4.702137023204512545e+00,-6.385760752757452252e+00,-1.099173986297584449e+00,5.922703156257421497e+00,-2.107635951775185479e+00,7.977872723806185284e-01,-3.578538466009094421e+00,-2.876138188421545294e+01,-1.196324250531946198e+01,-2.019698736183242715e+01
1.358760995388065718e+00,1.494819112925417581e+00,-2.243640745813787252e+00,1.822265544623200562e-01,-5.116692829674370557e+00,2.435618752466161041e+01,4.483562996316646121e+00,-6.626830003261797941e+00,-1.507953523697832310e+00,5.772065942621791734e+00,-2.592202404764463175e+00,4.147413705420959218e-01,-3.525434557269058189e+00,-2.859310981637537452e+01,-1.185210236435998965e+01,-2.030975781048541151e+01
1.272414001104438253e+00,1.285530714609148140e+00,-2.271662485017322375e+00,-3.871034482028368195e-02,-5.316756665117461367e+00,2.425564356900497387e+01,4.342135096160148144e+00,-6.749294284831726998e+00,-1.897099568275626424e+00,5.649802442833752103e+00,-3.074456298314160563e+00,5.431535637067774758e-02,-3.460882240316268899e+00,-2.843310258709489347e+01,-1.179186398306126193e+01,-2.038430792028359662e+01
1.282427338621237034e+00,1.185607776085416454e+00,-2.196080519915688534e+00,-1.679055472001280691e-01,-5.372811248056926559e+00,2.420464434400399156e+01,4.288045509882311812e+00,-6.746014043306576724e+00,-2.253683400270271697e+00,5.558508674114542636e+00,-3.541896200693932073e+00,-2.752963414132811870e-01,-3.392917460592254741e+00,-2.828294201011534525e+01,-1.179002827222225491e+01,-2.041836031882614222e+01
1.395815517932432970e+00,1.204561564674833107e+00,-2.008918109430923860e+00,-1.923263451740231389e-01,-5.279251224684657018e+00,2.420397889845845540e+01,4.328160380845184285e+00,-6.615332138623502445e+00,-2.567255893184115401e+00,5.499069145222983401e+00,-3.982921809115500977e+00,-5.677071815307130898e-01,-3.330122276144241944e+00,-2.814484031692655108e+01,-1.185192956206295278e+01,-2.041288937050425645e+01
1.615526300495066181e+00,1.346453498609295085e+00,-1.706918017457884851e+00,-1.034434744172774145e-01,-5.036949241040682423e+00,2.425200414820543671e+01,4.465654765295610673e+00,-6.360997929870769951e+00,-2.830204579721123714e+00,5.470784328765681437e+00,-4.387043408940822786e+00,-8.183380373259416807e-01,-3.280831818114258169e+00,-2.802110594992151960e+01,-1.198009906908830402e+01,-2.037164581157883347e+01
1.940175825112588015e+00,1.609659271254765045e+00,-1.291978803025327860e+00,1.021208266937101428e-01,-4.653271233549801877e+00,2.434487207649737428e+01,4.699791868214573398e+00,-5.991919381322425409e+00,-3.038020275012357274e+00,5.471567417832703839e+00,-4.745126367908268250e+00,-1.024378591796800020e+00,-3.252514545920686118e+00,-2.791407048558129134e+01,-1.217394201958033939e+01,-2.030085877070674627e+01
2.364114842296578978e+00,1.986928249292058357e+00,-7.710708827796821652e-01,4.223202429432575400e-01,-4.141532396767027002e+00,2.447714130014748335e+01,5.025950827245342367e+00,-5.521456905259821468e+00,-3.189198441119452276e+00,5.498298555687589406e+00,-5.049338370825287470e+00,-1.184502977621971764e+00,-3.250911003587187764e+00,-2.782539929119477762e+01,-1.242925782352917352e+01,-2.020826581375857245e+01
2.877471648795939529e+00,2.465703376053263618e+00,-1.562268127863122302e-01,8.495112290810862277e-01,-3.520431478054439012e+00,2.464212060364856072e+01,5.435779579782693993e+00,-4.966675055334660804e+00,-3.285191581465339183e+00,5.547073595069203833e+00,-5.293366987408096414e+00,-1.298733273891801154e+00,-3.279583368441557845e+00,-2.775616837063401476e+01,-1.273831978341574178e+01,-2.010264001967919612e+01
3.466596574902166772e+00,3.028784089944814184e+00,5.360077034213581726e-01,1.370745046022536329e+00,-2.812973224391131843e+00,2.483244499615635803e+01,5.917676049593071141e+00,-4.347269493461819678e+00,-3.329997162766925811e+00,5.613686750154909255e+00,-5.472349226096424601e+00,-1.368099933983014882e+00,-3.339447851798103883e+00,-2.770686092630474207e+01,-1.308985824691618660e+01,-1.999298155496587270e+01
4.114553349201688803e+00,3.655158823602112861e+00,1.285169907319048122e+00,1.968212448088287214e+00,-2.045349758577871047e+00,2.504048801179967754e+01,6.457263045875603069e+00,-3.684458920062225307e+00,-3.329787208569966239e+00,5.693915567862203098e+00,-5.582958723854172689e+00,-1.394419972254538731e+00,-3.428581730060376032e+00,-2.767741453021974252e+01,-1.346945322282563495e+01,-1.988780931320635759e+01
4.801871882172720873e+00,4.321086408238465459e+00,2.067883587284758740e+00,2.620120932191563501e+00,-1.245535042095852862e+00,2.525886913976933812e+01,7.038087363223319848e+00,-2.999791223985656785e+00,-3.292218153466005326e+00,5.783918455673647152e+00,-5.623300045170775974e+00,-1.379999104325590142e+00,-3.542131154674536653e+00,-2.766707731532798320e+01,-1.385995616059685354e+01,-1.979427199168347684e+01
5.507312320731820421e+00,5.001230098357416054e+00,2.858811560167193733e+00,3.301613010993277086e+00,-4.419817346152306037e-01,2.548074451391417838e+01,7.642306444533621068e+00,-2.314071403540209459e+00,-3.225886551623617038e+00,5.880445323200165220e+00,-5.592982016506758747e+00,-1.327485575095373793e+00,-3.672552634676599315e+00,-2.767454923973605219e+01,-1.424226773387968947e+01,-1.971758313949027297e+01
6.208862352949576113e+00,5.669978871828535105e+00,3.631957370856423228e+00,3.986080640054789015e+00,3.378202633690694512e-01,2.570021145303561028e+01,8.251523500934778710e+00,-1.646298974748879207e+00,-3.139570332864868973e+00,5.981097679882486418e+00,-5.492976422304188588e+00,-1.239620033745887806e+00,-3.809924447767698119e+00,-2.769779151461983702e+01,-1.459598983065454547e+01,-1.966025205902370132e+01
6.884578765894808328e+00,6.302598592397465893e+00,4.361766655101886769e+00,4.646347800955114238e+00,1.068577394432098870e+00,2.591242070573643730e+01,8.847411450126857702e+00,-1.012943423639288021e+00,-3.041641452568212500e+00,6.084327944973041191e+00,-5.325689335009398562e+00,-1.119279275103636673e+00,-3.942579470224482741e+00,-2.773369558718095718e+01,-1.490049247965856161e+01,-1.962161300463015223e+01
7.513546918425124232e+00,6.876419732951229769e+00,5.024370062016625837e+00,5.256065496574969131e+00,1.728296368510746639e+00,2.611368652544070201e+01,9.412486133312381043e+00,-4.273490385758194066e-01,-2.939510254771287912e+00,6.189440498179636485e+00,-5.094939924491242778e+00,-9.694238872642737537e-01,-4.057870752112865631e+00,-2.777808861449901556e+01,-1.513588651288394438e+01,-1.959768380559556533e+01
8.076633786004300930e+00,7.371766589309821427e+00,5.598470688251071081e+00,5.790878782081327003e+00,2.299046410191563972e+00,2.630125206300204610e+01,9.930638261297193736e+00,1.005303797572372204e-01,-2.839323900864632932e+00,6.296365527723011724e+00,-4.806074894889889038e+00,-7.932217594646625569e-01,-4.143141617004323152e+00,-2.782586498072954129e+01,-1.528421244297018866e+01,-1.958134033271953811e+01
8.557171936671844392e+00,7.772731437553613176e+00,6.066207872106550880e+00,6.229518004936154263e+00,2.767517155147255270e+00,2.647320587581600648e+01,1.038774887176550976e+01,5.641766961843917016e-01,-2.745770153250989054e+00,6.405489579874618755e+00,-4.466021815262445571e+00,-5.941846314636034521e-01,-4.186707307097593755e+00,-2.787146659498773005e+01,-1.533044590577700461e+01,-1.956286311661008881e+01
8.941487973012815615e+00,8.067710879278939373e+00,6.413740544283116130e+00,6.554726753990847143e+00,3.125217053215387342e+00,2.662809971198822723e+01,1.077199495076771107e+01,9.602485226140240471e-01,-2.662053373497607289e+00,6.517235035955094347e+00,-4.083396967498836183e+00,-3.763236874714801505e-01,-4.178858019259132028e+00,-2.790930489732071962e+01,-1.526358977597072197e+01,-1.953068553059437917e+01
9.219272315652602856e+00,8.249703189292741712e+00,6.631585026745948852e+00,6.753907121924143553e+00,3.368454462983383024e+00,2.676456851916152146e+01,1.107425652262057802e+01,1.288145011802945383e+00,-2.590100593802904250e+00,6.631762802242204380e+00,-3.668547607875474625e+00,-1.443138313637211123e-01,-4.112803394875541585e+00,-2.793488284365978558e+01,-1.507750141431544755e+01,-1.947263816238330136e+01
9.383763151430631666e+00,8.316248566440290091e+00,6.714755790595487994e+00,6.819532297806631504e+00,3.497999454982723577e+00,2.688096196710874253e+01,1.128816600714032958e+01,1.549415092546851280e+00,-2.530845589551441677e+00,6.748501066683298077e+00,-3.233615298591824505e+00,9.630340057771213935e-02,-3.985502649826320631e+00,-2.794538602804257721e+01,-1.477153950535369198e+01,-1.937702869547096896e+01
9.431763268667298306e+00,8.269201398834804095e+00,6.662660229285968683e+00,6.749267525750194174e+00,3.518547007225234502e+00,2.697504078271268924e+01,1.141010808871897453e+01,1.747000665416584386e+00,-2.484622358368332673e+00,6.865859971455149591e+00,-2.792410236262030665e+00,3.390038442309948330e-01,-3.798205058572049708e+00,-2.794056068786944280e+01,-1.435091046749325550e+01,-1.923396153693349220e+01
9.363579084595407664e+00,8.114306264961777870e+00,6.478812153281490183e+00,6.545869284900044605e+00,3.438027590304660208e+00,2.704370007787002095e+01,1.143902804566504905e+01,1.884498065649188092e+00,-2.451571372522224124e+00,6.980836960587986084e+00,-2.360290979658516974e+00,5.761680654905583232e-01,-3.556783540343078531e+00,-2.792285995609951499e+01,-1.382674882272586636e+01,-1.903628604376736178e+01
9.182832439007590608e+00,7.860609863090392224e+00,6.170454636018834371e+00,6.216880226784880392e+00,3.266866326626207240e+00,2.708291487977770373e+01,1.137625279468359452e+01,1.965537341134748317e+00,-2.432023949850055988e+00,7.088873738801236613e+00,-1.953832186946155236e+00,7.991494871394047017e-01,-3.271704326284611497e+00,-2.789792868594049224e+01,-1.321576234226547086e+01,-1.878065869310420055e+01
8.896156495996629943e+00,7.519712734129105236e+00,5.748074772709559355e+00,5.774101443488425467e+00,3.017214683013642151e+00,2.708780242292615981e+01,1.122503492370155342e+01,1.993178234391392856e+00,-2.426796049380159026e+00,7.183744886490201154e+00,-1.590353219617691494e+00,9.983381939316862130e-01,-2.957662192726726147e+00,-2.787377859718951711e+01,-1.253956414480907355e+01,-1.846787086904471664e+01
8.512804451418357843e+00,7.104964342862920113e+00,5.224732478815976577e+00,5.232835659501396286e+00,2.702091835810827902e+00,2.705272742930097962e+01,1.099018459127866798e+01,1.969521492670982088e+00,-2.437474230726940583e+00,7.257631050921501625e+00,-1.287442036616765151e+00,1.163359526070475214e+00,-2.633053248647433620e+00,-2.786054039645099323e+01,-1.182380066412796715e+01,-1.810340516814859413e+01
8.044176435069807951e+00,6.630609041677951510e+00,4.615351225715100369e+00,4.610996634987357012e+00,2.334591691610114594e+00,2.697150039352938933e+01,1.067752374647825064e+01,1.895390836243008081e+00,-2.466619133661810626e+00,7.301164590042122704e+00,-1.062381286117536128e+00,1.283281686055034676e+00,-2.319144771545077255e+00,-2.786952058446495784e+01,-1.109702847610109622e+01,-1.769740842910329448e+01
7.503307368461126003e+00,6.110997149677378282e+00,3.936031559061959229e+00,3.928158426665799841e+00,1.927239583676377599e+00,2.683777807891427258e+01,1.029364300346313144e+01,1.770387236918601559e+00,-2.517846537504402349e+00,7.303875423853345872e+00,-9.314563614200208619e-01,1.347078443189244190e+00,-2.038999568699166431e+00,-2.791283552672529922e+01,-1.038937964992203788e+01,-1.726474816687314373e+01
6.904400179883936950e+00,5.559872135527518466e+00,3.203375625199074150e+00,3.204584584524633240e+00,1.491480477389022674e+00,2.664551541513966981e+01,9.845457347697065487e+00,1.593047828122033494e+00,-2.595726799170582133e+00,7.254622736111042691e+00,-9.092628446139743303e-01,1.344066952548414573e+00,-1.816201032507267499e+00,-2.800217184216374733e+01,-9.731127497606733456e+00,-1.682425952474163111e+01
6.262271040388732501e+00,4.989755724594853170e+00,2.433812004646350946e+00,2.460228563380201461e+00,1.037253844337345576e+00,2.638939499418043511e+01,9.340089697590578055e+00,1.361261319196716890e+00,-2.705664582486591030e+00,7.142204703155470291e+00,-1.008025743150859910e+00,1.264472624637413389e+00,-1.673620360892634551e+00,-2.814869976438318133e+01,-9.151269845132274483e+00,-1.639840760267206221e+01
5.591939460153923847e+00,4.411516488647763801e+00,1.643152232266376078e+00,1.713915401823038920e+00,5.728785540599954373e-01,2.606541550808594465e+01,8.784664681005729392e+00,1.072849443759577248e+00,-2.853485139543142424e+00,6.956070484096869677e+00,-1.236860241257466519e+00,1.100009087517413775e+00,-1.632028104187545736e+00,-2.836200447841071437e+01,-8.675980710369721294e+00,-1.601203652953110534e+01
4.908201361789926942e+00,3.834109517522289678e+00,8.461849779578090036e-01,9.826051668625730429e-01,1.050033644289909418e-01,2.567131129411155044e+01,8.186331530491854025e+00,7.262567469260927666e-01,-3.045048782861952574e+00,6.687099300244510047e+00,-1.601185954582783566e+00,8.444781323828571828e-01,-1.708854098116964870e+00,-2.864981160714315678e+01,-8.327357600439924568e+00,-1.569136833048074919e+01
4.225366391248579490e+00,3.264517805374934412e+00,5.648068546719198224e-02,2.809010774943256905e-01,-3.611381829450666103e-01,2.520714660374973803e+01,7.552215010595479505e+00,3.212941410020366817e-01,-3.285576638226181956e+00,6.328337720787502008e+00,-2.102132767900442012e+00,4.943333903516751171e-01,-1.916931508398068473e+00,-2.901669695698258877e+01,-8.122094781224319604e+00,-1.546212289997816747e+01
3.556964293624742535e+00,2.707838462984942574e+00,-7.137789252171904408e-01,-3.793212004003931881e-01,-8.214851837188357209e-01,2.467568168548761776e+01,6.889617137961571380e+00,-1.401065117819868533e-01,-3.579096938437615449e+00,5.875762514498730660e+00,-2.736169959377369842e+00,4.917390171447699743e-02,-2.263594699876122718e+00,-2.946398489027950518e+01,-8.070627128924439120e+00,-1.534825447441085089e+01
2.915681595665277293e+00,2.167602327625152814e+00,-1.453625272011104030e+00,-9.889121580299882197e-01,-1.272621855576039351e+00,2.408280318696389344e+01,6.206056578083529729e+00,-6.532466340586298159e-01,-3.927681533444999928e+00,5.328915852720659707e+00,-3.494781833348981515e+00,-4.879097897187794075e-01,-2.749892581120371382e+00,-2.998838713516760635e+01,-8.176363948937003912e+00,-1.536985546221900378e+01
2.313171917585573834e+00,1.646150637132612449e+00,-2.153289162057746342e+00,-1.541457221200846384e+00,-1.711419575904247203e+00,2.343756366086895326e+01,5.509486226959786848e+00,-1.210191793870851740e+00,-4.330916987470169843e+00,4.691416466456904466e+00,-4.364468177819410322e+00,-1.110057415391373592e+00,-3.370263630056448356e+00,-3.058172919342395346e+01,-8.435427652011776800e+00,-1.554176950727579332e+01
1.760105866320156309e+00,1.145128922799536930e+00,-2.803953270146816834e+00,-2.032959114399562672e+00,-2.134511607317798543e+00,2.275230948189199154e+01,4.808452336966855256e+00,-1.799463186259564473e+00,-4.785354073898730576e+00,3.971240660862159544e+00,-5.326859420627112485e+00,-1.806606240488258130e+00,-4.112428378653598671e+00,-3.123031225550734291e+01,-8.836681523622736734e+00,-1.587202687637375220e+01
1.265983502399906424e+00,6.659306995222347147e-01,-3.397773033205968130e+00,-2.461599626652391848e+00,-2.538082767486832481e+00,2.204227553614134649e+01,4.112293899312389200e+00,-2.406129946087220972e+00,-5.284349632466372348e+00,3.180818098666688520e+00,-6.359259502629668326e+00,-2.563209223912548129e+00,-4.957871876131869193e+00,-3.191571849944392625e+01,-9.362359178367800183e+00,-1.636129912158685329e+01
8.392505584298108889e-01,2.103042465281026452e-01,-3.927541405362896754e+00,-2.827130599429572122e+00,-2.917440612794558241e+00,2.132538074872786282e+01,3.431241156827801397e+00,-3.012007741210229739e+00,-5.817798942456356315e+00,2.336943987919499310e+00,-7.435120212448254939e+00,-3.362076684684624617e+00,-5.882348523159016906e+00,-3.261467207703774562e+01,-9.988697309233874222e+00,-1.700189407665052244e+01
4.871368314610966532e-01,-2.193118512720482194e-01,-4.386837732118527455e+00,-3.130555844886757200e+00,-3.267079495131278932e+00,2.062138528775632196e+01,2.776517485379550898e+00,-3.596316177226444921e+00,-6.372466658767462988e+00,1.460334715235429126e+00,-8.525091792031409099e+00,-4.182513444011368264e+00,-6.857092076987327367e+00,-3.330086000161526272e+01,-1.068735929321296219e+01,-1.777829384300422078e+01
2.156557637520615245e-01,-6.194184627226508866e-01,-4.769880139789536955e+00,-3.373581838267037725e+00,-3.580603207184712922e+00,1.995121615698955964e+01,2.160302436087795819e+00,-4.136434114511478910e+00,-6.932307437637402536e+00,5.750427839429477217e-01,-9.597977523057867444e+00,-5.001549622183585342e+00,-7.849971466102823925e+00,-3.394605285053107480e+01,-1.142674684123909046e+01,-1.866740395194187840e+01
2.955127987322359040e-02,-9.852341794959915688e-01,-5.071628960561415767e+00,-3.558183960699000004e+00,-3.850925763785546074e+00,1.933604274911034082e+01,1.595665375967502797e+00,-4.608985093412181655e+00,-7.479065742359141566e+00,-2.923462763936921505e-01,-1.062191387730491776e+01,-5.794700457639582858e+00,-8.827008052637937752e+00,-3.452204074534184741e+01,-1.217365817885919554e+01,-1.963970967034799742e+01
-6.770362299845533727e-02,-1.310645202219488326e+00,-5.287754818891089670e+00,-3.686150072513348697e+00,-4.070463978210669964e+00,1.879650502473072038e+01,1.096248705321717587e+00,-4.990982836389052046e+00,-7.992968080298831879e+00,-1.113724543920735499e+00,-1.156553667170157240e+01,-6.536911665163225749e+00,-9.753795746415232060e+00,-3.500179263018562636e+01,-1.289479026257035876e+01,-2.066021049098569407e+01
-7.405168685557006469e-02,-1.588322022203323858e+00,-5.414957057203099389e+00,-3.758891432109781050e+00,-4.231657393484759666e+00,1.835159639015971322e+01,6.758535385228068293e-01,-5.261175349640828003e+00,-8.453714538292411262e+00,-1.860646253368034797e+00,-1.239934345289941220e+01,-7.203592087295559665e+00,-1.059724088189598135e+01,-3.536162184160484401e+01,-1.355863020813395003e+01,-2.169043397355299163e+01
1.125564924342814521e-02,-1.809918639989291034e+00,-5.450853180207738902e+00,-3.777127783419528484e+00,-4.327278519690988645e+00,1.801798342339736791e+01,3.479492191958986069e-01,-5.401238636893753053e+00,-8.841297635210032979e+00,-2.505484446715864788e+00,-1.309673693439462383e+01,-7.771583471973488422e+00,-1.132685662725030973e+01,-3.558193226874261228e+01,-1.413671131867160469e+01,-2.268979628417860539e+01
1.875233869005117349e-01,-1.966512546693224284e+00,-5.394330939855461082e+00,-3.740867496130077186e+00,-4.351028767728754687e+00,1.780910970923636327e+01,1.249915786511657245e-01,-5.397014360910870501e+00,-9.137101507225960262e+00,-3.022766458187078786e+00,-1.363521109415792765e+01,-8.220268482436848601e+00,-1.191623805498807798e+01,-3.564835729937615838e+01,-1.460510095308946354e+01,-2.361761995032455985e+01
4.526711715603277675e-01,-2.049082356834960983e+00,-5.245570006829858301e+00,-3.649422448378647488e+00,-4.297911845297668343e+00,1.773463445287115547e+01,1.781798131831546783e-02,-5.239434906295326044e+00,-9.324784521854191155e+00,-3.390338368918663026e+00,-1.399720763019171521e+01,-8.532490332493821938e+00,-1.234412422108187002e+01,-3.555232966950919860e+01,-1.494544076684160316e+01,-2.443492550695525978e+01
8.030691570920280853e-01,-2.049211943370798927e+00,-5.006452436418999952e+00,-3.501753705430114216e+00,-4.164949922973930185e+00,1.779969586925714964e+01,3.488563943000233536e-02,-4.925456395056296621e+00,-9.391401478925416768e+00,-3.590603759847984300e+00,-1.417104583222707248e+01,-8.695463439087482982e+00,-1.259547320640179002e+01,-3.529207309915538815e+01,-1.514590756862670240e+01,-2.510676337443814532e+01
1.233641060441397208e+00,-1.959679242472654348e+00,-4.680549029466903654e+00,-3.296649376109139773e+00,-3.951439471172527362e+00,1.800478745525878566e+01,1.817051353137548730e-01,-4.458370328460847354e+00,-9.328027537087763221e+00,-3.611314381220323444e+00,-1.415130717130015547e+01,-8.701393806483462612e+00,-1.266190761244503804e+01,-3.487247766495604395e+01,-1.520148166567349612e+01,-2.560365284846868761e+01
1.737732180442066898e+00,-1.775218565765659839e+00,-4.273445676110632974e+00,-3.033276995542188104e+00,-3.659476864334832769e+00,1.834536424969238055e+01,4.602289537725923196e-01,-3.848108091541287301e+00,-9.130630746326284353e+00,-3.446495304677436700e+00,-1.393930391568703975e+01,-8.548046755774691974e+00,-1.254218708263092097e+01,-3.430567040458356587e+01,-1.511432137021829014e+01,-2.590360074438190097e+01
2.307182943426052013e+00,-1.493154990261105652e+00,-3.792738673591672161e+00,-2.711607168288198366e+00,-3.294070974602467672e+00,1.881197298739511936e+01,8.684883435577877009e-01,-3.110895662750009727e+00,-8.800452078144219925e+00,-3.096794670632272428e+00,-1.354302429058879120e+01,-8.238930502489788310e+00,-1.224214175381345449e+01,-3.361082976593836236e+01,-1.489343002352779521e+01,-2.599334382467756299e+01
2.932374579628242106e+00,-1.113918464773625772e+00,-3.248059578881285603e+00,-2.332876201200837940e+00,-2.863200699155045825e+00,1.939049319929969073e+01,1.400304945488570318e+00,-2.268697883842572871e+00,-8.344169198685214894e+00,-2.569693316977135211e+00,-1.297690814342608689e+01,-7.783286743756159254e+00,-1.177432894065479907e+01,-3.281376833993643061e+01,-1.455408547627790838e+01,-2.586927474633001722e+01
3.602451632151111749e+00,-6.414157488290017639e-01,-2.650757743398826527e+00,-1.899866261299504977e+00,-2.377550303317764957e+00,2.006271649327771911e+01,2.045231034689711791e+00,-1.348188368028450768e+00,-7.773671357957539385e+00,-1.879260464320913648e+00,-1.226118808325331955e+01,-7.195761158876702979e+00,-1.115721861745857346e+01,-3.194567260509087347e+01,-1.411675370590455358e+01,-2.553749183380509535e+01
4.305472507604974908e+00,-8.325491607103696623e-02,-2.013802734260913496e+00,-1.417313938143758278e+00,-1.850280193830722730e+00,2.080695422256999194e+01,2.788678463615719139e+00,-3.795629754888816265e-01,-7.105750646605806686e+00,-1.045745500769420744e+00,-1.142116110866877854e+01,-6.495856749731244051e+00,-1.041437427937704463e+01,-3.104202029270743779e+01,-1.360602579668552892e+01,-2.501376792805888982e+01
5.028724967727799644e+00,5.492957977667725089e-01,-1.351213435992468348e+00,-8.919435414303373832e-01,-1.296365413109310971e+00,2.159904874669209107e+01,3.612226255003182729e+00,6.050369198053964226e-01,-6.361275822190349594e+00,-9.473485356495991994e-02,-1.048600988090445796e+01,-5.707115483139439505e+00,-9.573165074510914252e+00,-3.014059468127708641e+01,-1.304905672456989763e+01,-2.432245624168984577e+01
5.759058054676760463e+00,1.241545226788133505e+00,-6.776288418491551724e-01,-3.324942205660503802e-01,-7.319882090063156710e-01,2.241334521539651448e+01,4.494085038213240679e+00,1.573071763612836627e+00,-5.564211533843756108e+00,9.438441739819629639e-01,-9.487607903221260131e+00,-4.856175438401388433e+00,-8.663465589861075955e+00,-2.927916518557542247e+01,-1.247402498920583547e+01,-2.349506144159362719e+01
6.483295698997785017e+00,1.975881293089411628e+00,-7.659279142115948957e-03,2.504827422541264781e-01,-1.736918345730043001e-01,2.322386417289786209e+01,5.409860051058622332e+00,2.493340231721115963e+00,-4.740427675197117274e+00,2.037079930773263658e+00,-8.459084784315145100e+00,-3.971555145716258561e+00,-7.716248148678180208e+00,-2.849331204825030994e+01,-1.190849753544758549e+01,-2.256843019996866673e+01
7.188553953998162882e+00,2.732386330465232938e+00,6.445516282912562289e-01,8.448601391630861102e-01,3.623342434018956837e-01,2.400525977500826613e+01,6.333396383207301028e+00,3.337520961109401441e+00,-3.916550228433617775e+00,3.150349213331343545e+00,-7.433530947327571248e+00,-3.082452546838370111e+00,-6.762243511993979439e+00,-2.781446357428517402e+01,-1.137808394555415248e+01,-2.158282312605324904e+01
7.862714026275321899e+00,3.489735085221470801e+00,1.266019463086095698e+00,1.437472800941558937e+00,8.611370327438354622e-01,2.473401324995403527e+01,7.237938964356349203e+00,4.081750649847101897e+00,-3.118551224539398703e+00,4.249006939740116451e+00,-6.442458436592881199e+00,-2.217327347700664308e+00,-5.830548579209022364e+00,-2.726806180704758731e+01,-1.090493035555931556e+01,-2.057967752114081605e+01
8.494737091890847580e+00,4.226100945985180601e+00,1.845308628530331063e+00,2.014570523757098996e+00,1.309685250715692639e+00,2.538926297007903088e+01,8.097175456838741070e+00,4.707749214173951202e+00,-2.370577492761748672e+00,5.299797135731466824e+00,-5.514594586658878583e+00,-1.402665658404315785e+00,-4.947514489527847559e+00,-2.687219069368480717e+01,-1.050675450872134675e+01,-1.959950783828884369e+01
9.074972791531255467e+00,4.920185592630179627e+00,2.372974419826254788e+00,2.562444111700379779e+00,1.697494368823490696e+00,2.595365716041818871e+01,8.886494562393068009e+00,5.203722110529473532e+00,-1.693855591648246950e+00,6.272359694967112986e+00,-4.674739951176949404e+00,-6.617313965570454926e-01,-4.135803422555293096e+00,-2.663707004596917471e+01,-1.019603419808223066e+01,-1.868011009526808408e+01
9.595504699269005400e+00,5.552306666117315714e+00,2.841939437681848979e+00,3.068119781499246912e+00,2.017190225078105748e+00,2.641401805092606025e+01,9.584118207221733243e+00,5.564964964953315274e+00,-1.105687857694541698e+00,7.140538303892869365e+00,-3.942786418006321014e+00,-1.352079893261226573e-02,-3.413582373959073379e+00,-2.656447883049521863e+01,-9.979484381935295190e+00,-1.785465061971770240e+01
1.005043869903997056e+01,6.105407807176975510e+00,3.247794843496253137e+00,3.520081384995367380e+00,2.264925590327828253e+00,2.676190567941873866e+01,1.017220004857156823e+01,5.794081591106443163e+00,-6.186040596382298418e-01,7.883615342199706610e+00,-3.332897060105407760e+00,5.281921205252357865e-01,-2.793951255834051572e+00,-2.664786786401479191e+01,-9.857833033530045697e+00,-1.715009791091465985e+01
1.043607559898179993e+01,6.565950284304924445e+00,3.588878956523402053e+00,3.908902466873407811e+00,2.440533886326059942e+00,2.699385506199108420e+01,1.063763609227099316e+01,5.900678705694577530e+00,-2.398694730409038911e-01,8.487081254346346526e+00,-2.853147055150296652e+00,9.554075696433166343e-01,-2.284675960286614682e+00,-2.687259607242594228e+01,-9.825992702404951373e+00,-1.658598208067714808e+01
1.075108118916727307e+01,6.924669674053061996e+00,3.866392140001398303e+00,4.227838512358731649e+00,2.547554813325434431e+00,2.711147468696835006e+01,1.097277909415404551e+01,5.900826084242269509e+00,2.884933467890959946e-02,8.943290209378654154e+00,-2.505187998211086509e+00,1.266276143282029309e+00,-1.888132326631831504e+00,-2.721682937091898680e+01,-9.873477640089474150e+00,-1.617362650076125874e+01
1.099656319570335050e+01,7.177153090225930399e+00,4.084321746148976473e+00,4.473326231876852965e+00,2.593107148398077655e+00,2.712140215477319671e+01,1.117571956714485815e+01,5.816062986598063311e+00,1.915447400859067173e-01,9.251631984195190839e+00,-2.284374567667064149e+00,1.465067818868460492e+00,-1.601448564488284987e+00,-2.765197043682329081e+01,-9.985053253911573279e+00,-1.591543238317218112e+01
1.117606338740870342e+01,7.324099311760592812e+00,4.249235955694891764e+00,4.645292675778331493e+00,2.587489753714455887e+00,2.703490824706562279e+01,1.125041842259103042e+01,5.672185692789326161e+00,2.575124403846729138e-01,9.418423512841121337e+00,-2.180158801553103487e+00,1.561879711770624013e+00,-1.416945629316524347e+00,-2.814418976840030950e+01,-1.014174541316705103e+01,-1.580513413464351302e+01
1.129538231117285463e+01,7.371294969312819134e+00,4.369868323949679834e+00,4.747189302344119177e+00,2.543575632672358644e+00,2.686731342763828678e+01,1.120637530354538036e+01,5.497676794535246714e+00,2.407608605796465184e-01,9.456354069864675083e+00,-2.176805625125801669e+00,1.571923652463038223e+00,-1.322853350976840758e+00,-2.865572014180342819e+01,-1.032210303419561903e+01,-1.582832644377653430e+01
1.136236234820091440e+01,7.329319975816000365e+00,4.456636891866097017e+00,4.785884930321686603e+00,2.476087481038431015e+00,2.663725555559029701e+01,1.105821958569504027e+01,5.322095878415280978e+00,1.591121525085998911e-01,9.383700550848077526e+00,-2.254337100824047369e+00,1.514688649762299555e+00,-1.304118854489959567e+00,-2.914717282204003013e+01,-1.050348975290865994e+01,-1.596376268861629200e+01
1.138652807407968481e+01,7.212992617043938459e+00,4.521060377326304724e+00,4.771304346699747789e+00,2.400734457062926985e+00,2.636569673810745940e+01,1.082483779641449928e+01,5.174442728782879364e+00,3.312659639350101770e-02,9.223187041277034481e+00,-2.389696648446968830e+00,1.412746266256603711e+00,-1.343298273433454426e+00,-2.957925408484350527e+01,-1.066345364175179355e+01,-1.618466125869519701e+01
1.137865219442349485e+01,7.040468634339461573e+00,4.575021494513168641e+00,4.715808529265533622e+00,2.333261346617730325e+00,2.607482130980803703e+01,1.052846951579866541e+01,5.081516279299934880e+00,-1.152335820083081330e-01,9.000706109650105091e+00,-2.558115885578780890e+00,1.290475853667379269e+00,-1.421685520431536176e+00,-2.991566813867625285e+01,-1.078119633419837697e+01,-1.646096163031500836e+01
1.135031751432651781e+01,6.832246957538650634e+00,4.630160175291910818e+00,4.633540131577806420e+00,2.288562177946825038e+00,2.578692384877455623e+01,1.019345917137796853e+01,5.066444355790630460e+00,-2.638621390284043855e-01,8.743828163397109776e+00,-2.734418914224477248e+00,1.172667367825841467e+00,-1.520269658226508724e+00,-3.012498573756884213e+01,-1.083875217890990683e+01,-1.676114957524675475e+01
1.131333786271746789e+01,6.609952660971016414e+00,4.697149018237928964e+00,4.539516915673175390e+00,2.279820443690296017e+00,2.552326772548400413e+01,9.845034626280476431e+00,5.147460211840200195e+00,-3.918689194060398506e-01,8.480296226666350634e+00,-2.894479169753961578e+00,1.083125989523407995e+00,-1.620768201064681335e+00,-3.018301903104065786e+01,-1.082207203416290575e+01,-1.705455573170945271e+01
1.127926728332501582e+01,6.395061099888076583e+00,4.785125961860810406e+00,4.448741194911993269e+00,2.317714453947871789e+00,2.530303084652385337e+01,9.507840538970484090e+00,5.336934516674693540e+00,-4.807509472922850691e-01,8.236452553208790661e+00,-3.016490384247836332e+00,1.043246131644352204e+00,-1.706512252580162148e+00,-3.007392919872099668e+01,-1.072187078841765917e+01,-1.731300721183927749e+01
1.125884508633050096e+01,6.207611853784273492e+00,4.901132119099993467e+00,4.375247150289260922e+00,2.409787012232529335e+00,2.514227594643514863e+01,9.204661133520504634e+00,5.640769770078584600e+00,-5.155311982708212781e-01,8.035866851210899497e+00,-3.082174012212998804e+00,1.070799461081150206e+00,-1.763241179113776980e+00,-2.979172052374875790e+01,-1.053419546828189901e+01,-1.751279529120736811e+01
1.126160939771185099e+01,6.065072951888389241e+00,5.049861987915800654e+00,4.331337217200264433e+00,2.560105435215117353e+00,2.505324793458949983e+01,8.955125287387957655e+00,6.058223624596389634e+00,-4.854511759270625504e-01,7.898060037287358170e+00,-3.077638513987643876e+00,1.178927698156502224e+00,-1.779659469250003845e+00,-2.933994684941149700e+01,-1.026049856754021761e+01,-1.763556706317153555e+01
1.129540110468349035e+01,5.981235046043408943e+00,5.233234886233090855e+00,4.326708869595049300e+00,2.768913405500494029e+00,2.504356485071640748e+01,8.774591760385424877e+00,6.581949944498639127e+00,-3.846386659577705203e-01,7.837461117374997954e+00,-2.994192262736844690e+00,1.375274364416560147e+00,-1.748012741171280915e+00,-2.873182572626507536e+01,-9.907699606769998724e+00,-1.766949017805520583e+01
1.136602499776979869e+01,5.965427811041121409e+00,5.450354003661857405e+00,4.367876499396622592e+00,3.032662953000764716e+00,2.511589427506582695e+01,8.673285106870444849e+00,7.198556708283439853e+00,-2.123353093080133647e-01,7.862676470164055686e+00,-2.828687054117450472e+00,1.661545953804140829e+00,-1.664255877513287629e+00,-2.798906020819272555e+01,-9.487694766001332880e+00,-1.760944008575512143e+01
1.147690696099904173e+01,6.021890110553115072e+00,5.697360882915755376e+00,4.457651404509858750e+00,3.344077776642071953e+00,2.526757516124193614e+01,8.655817761226284546e+00,7.889315438625146726e+00,2.696577640832398259e-02,7.976090805171677900e+00,-2.583739259055882975e+00,2.033374369136133453e+00,-1.528273430929617760e+00,-2.714133723767545803e+01,-9.016869825965407870e+00,-1.745750239803167148e+01
1.162892781353195204e+01,6.149515742623429482e+00,5.967648499608308121e+00,4.594943212753589634e+00,3.692540405602695586e+00,2.549069136904777366e+01,8.720914671932028739e+00,8.631247198924629771e+00,3.238426235465894365e-01,8.173796629343200948e+00,-2.267529018473873670e+00,2.480497296511349870e+00,-1.343756823257674426e+00,-2.622432377983173168e+01,-8.515118218605746137e+00,-1.722230179596792254e+01
1.182021336021422364e+01,6.341833873006787137e+00,6.251856493606245735e+00,4.774592138152231158e+00,4.064455302212277132e+00,2.577207942171025579e+01,8.861592292212915112e+00,9.398286945045844831e+00,6.643089216152668897e-01,8.445865951212860878e+00,-1.893430099403422773e+00,2.987245566004075314e+00,-1.118123328072588407e+00,-2.527871372519955884e+01,-8.005007332972352785e+00,-1.691886584396086590e+01
1.204619606195122472e+01,6.587382085179600111e+00,6.538357778428533607e+00,4.987670989322638526e+00,4.444044457821730632e+00,2.609386479581967677e+01,9.065658984942952969e+00,1.016273663931393223e+01,1.030639215905644335e+00,8.777001337368202982e+00,-1.479224969213007945e+00,3.533456224585460603e+00,-8.620206583674763223e-01,-2.434815506066393453e+01,-7.510490075845076774e+00,-1.656736655411667414e+01
1.229968233892499185e+01,6.870338246339469102e+00,6.813628580732447482e+00,5.221834539398860109e+00,4.813978490599946980e+00,2.643404691105107673e+01,9.316522626710492361e+00,1.089663215280532782e+01,1.402255472796330338e+00,9.147487968534054659e+00,-1.046162710023105014e+00,4.095556321903309538e+00,-5.888967122597579262e-01,-2.347767883078089213e+01,-7.055773816737769266e+00,-1.619210439396240986e+01
1.257118822385597845e+01,7.171506899451659756e+00,7.062935092060905973e+00,5.462086371434345722e+00,5.156423490106411656e+00,2.676750345249127960e+01,9.594207365732454917e+00,1.157314543376033633e+01,1.756982087597824815e+00,9.534378692676844125e+00,-6.177067963630440417e-01,4.647869364996239483e+00,-3.142072435356935145e-01,-2.271104138838425257e+01,-6.663913605346461821e+00,-1.581959771973753703e+01
1.284923965308787075e+01,7.469431300796662399e+00,7.270883733468363808e+00,5.691546736690330732e+00,5.453800846306433137e+00,2.706691526588144470e+01,9.876621387880000213e+00,1.216789137338478177e+01,2.072128266615820280e+00,9.912837162664111190e+00,-2.182789633843684740e-01,5.164052537013428257e+00,-5.478474718412851274e-02,-2.208917009090122718e+01,-6.355746911804558863e+00,-1.547722476517451184e+01
1.312093929654075097e+01,7.741734868973265904e+00,7.422322200684884130e+00,5.892530478304262687e+00,5.689865369146000162e+00,2.730406531603375342e+01,1.014087236227375399e+01,1.266013248067891439e+01,2.325933945007058412e+00,1.025761136464131873e+01,1.282243214724925195e-01,5.618571113111500814e+00,1.721226441783914041e-01,-2.164736731767150246e+01,-6.148615496768600863e+00,-1.519100109988503533e+01
1.337248572696468685e+01,7.966436797949457471e+00,7.502979706531771598e+00,6.047538664126083319e+00,5.850449415726314939e+00,2.745102479543118790e+01,1.036457440241258787e+01,1.303355385317174076e+01,2.498721206146186091e+00,1.054444410038907698e+01,3.997023430715689329e-01,5.988051170672245682e+00,3.495582713653870854e-01,-2.141351476042725466e+01,-6.055580643170085153e+00,-1.498408879369294588e+01
1.358985573471683495e+01,8.123354965995417842e+00,7.500340252994790902e+00,6.140394329846129651e+00,5.924290271064570845e+00,2.748145546325027766e+01,1.052718470040419341e+01,1.327697502779272654e+01,2.574090209687585507e+00,1.075146248194804599e+01,5.771818138012827504e-01,6.252578424483729691e+00,4.617827563246716949e-01,-2.140603010164236508e+01,-6.084576799603634178e+00,-1.487500602808684746e+01
1.375934247993984627e+01,8.195338887544240336e+00,7.404129085349124395e+00,6.157109930786628382e+00,5.903518233607098153e+00,2.737167961564338015e+01,1.061121838074843460e+01,1.338463849317351517e+01,2.539715148592469163e+00,1.086037958213894328e+01,6.458048720200055826e-01,6.396757579120116333e+00,4.948420351815121521e-01,-2.163326599035472242e+01,-6.238235551616606145e+00,-1.487685295357806936e+01
1.386829198311202305e+01,8.169371265552701544e+00,7.207078257589998316e+00,6.086851425471152766e+00,5.784168681894845676e+00,2.710190736430129732e+01,1.060327457425341890e+01,1.335635096655646059e+01,2.388147907804463621e+00,1.085754599734082682e+01,5.957433683685886550e-01,6.410553719043392107e+00,4.373460417412236012e-01,-2.209248343850958207e+01,-6.513543640427483794e+00,-1.499616350736687664e+01
1.390560095641363603e+01,8.037352295638212851e+00,6.905195280169261096e+00,5.922518989104526455e+00,5.566264226341373522e+00,2.665695124090075652e+01,1.049482583903240673e+01,1.319717019752062548e+01,2.117123141960193244e+00,1.073463103416688469e+01,4.226552778138223943e-01,6.289779601011414201e+00,2.808605918694677683e-01,-2.277045736605316506e+01,-6.902267112877042976e+00,-1.523297911351465217e+01
1.386228230366937453e+01,7.796671247365402735e+00,6.498193769114905649e+00,5.661234649941724761e+00,5.253905382856945749e+00,2.602702745560859299e+01,1.028274249105587046e+01,1.291700087142936226e+01,1.729710749912544365e+00,1.048911681339369828e+01,1.279584399572097908e-01,6.036332036180777294e+00,2.035774673448997873e-02,-2.364417464252447232e+01,-7.391270411315108646e+00,-1.558083505029680538e+01
1.373188863283624528e+01,7.450381125349938571e+00,5.989545517763589899e+00,5.304522072727056781e+00,4.854997097492915969e+00,2.520810678135759275e+01,9.969444243194157451e+00,1.252988818670414162e+01,1.234117956707635244e+00,1.012433192382579605e+01,-2.812853135776922642e-01,5.658029188756207972e+00,-3.456253838923117883e-01,-2.468235797654659081e+01,-7.963340860150339040e+00,-1.602747540081064415e+01
1.351090262238802531e+01,7.007106859227960172e+00,5.386664977649796349e+00,4.858342455332641308e+00,4.381001154376753526e+00,2.420228371912033793e+01,9.562750511719258384e+00,1.205318708467457611e+01,6.433768020700627588e-01,9.649316752982880274e+00,-7.926809890177821671e-01,5.168173429851275813e+00,-8.147811423543496190e-01,-2.584672169161978061e+01,-8.597906324428468139e+00,-1.655535606513840818e+01
1.319895677415101076e+01,6.480607808622060872e+00,4.700683594033189472e+00,4.332809276354542050e+00,3.846288753371540636e+00,2.301762881056886911e+01,9.075366420498706788e+00,1.150661357745518387e+01,-2.536727938342853150e-02,9.078229019376307107e+00,-1.389267771133018137e+00,4.584750245439483507e+00,-1.381201992923420718e+00,-2.709424463289827045e+01,-9.272226321687995210e+00,-1.714303767924691257e+01
1.279906126355081142e+01,5.889121326340412743e+00,3.946351353261620787e+00,3.741812911343353143e+00,3.267719605556138607e+00,2.166811450459913857e+01,8.524153453424560212e+00,1.091136941927973325e+01,-7.514768317715612156e-01,8.429653219709917877e+00,-2.050239191641285430e+00,3.929563625521688586e+00,-2.035416839646837062e+00,-2.837871678235758210e+01,-9.962256810094697101e+00,-1.776603047137563252e+01
1.231750171708147157e+01,5.254302289502827961e+00,3.141498932769849262e+00,3.102270921927810843e+00,2.663750369576361354e+00,2.017302553526889852e+01,7.928962534525399342e+00,1.028904518261328960e+01,-1.511859738701654798e+00,7.725489410109206645e+00,-2.752136544809775209e+00,3.226933740638674220e+00,-2.764777645146750729e+00,-2.965263310723635470e+01,-1.064390952291747183e+01,-1.839816872543641324e+01
1.176372783478741724e+01,4.600066973041086804e+00,2.306565539394003217e+00,2.433359977837532107e+00,2.053719802820570983e+00,1.855627744620989006e+01,7.311485353676228094e+00,9.660743004139908052e+00,-2.281998932044767336e+00,6.989782754727469793e+00,-3.470016719864407406e+00,2.502409894442253702e+00,-3.553919147426786829e+00,-3.086904506844642171e+01,-1.129411135481255002e+01,-1.901285640911626373e+01
1.114998908281240020e+01,3.951284054066320550e+00,1.463771311880412096e+00,1.755491793189742467e+00,1.456868620698186234e+00,1.684537621909449001e+01,6.693889563614028759e+00,9.046143100522566982e+00,-3.037098761982882866e+00,6.247382630491992828e+00,-4.178821419873508525e+00,1.781457981626981990e+00,-4.385400984498097898e+00,-3.198366084745185489e+01,-1.189194097341192524e+01,-1.958461538211803443e+01
1.049092579636149125e+01,3.332415358052372767e+00,6.364076887858223230e-01,1.089393232008008638e+00,8.916434503900303454e-01,1.507051311513322922e+01,6.097631002794393851e+00,8.462902521343668383e+00,-3.753110821053235568e+00,5.522771800576686374e+00,-4.854521574780138238e+00,1.088229293651850504e+00,-5.240279590069610194e+00,-3.295648528761096685e+01,-1.241940381489300904e+01,-2.009019408261187323e+01
9.802927869561354868e+00,2.766166011480577502e+00,-1.522311028947758160e-01,4.549749989847500231e-01,3.747190346861528631e-01,1.326319656773820554e+01,5.542138016454804195e+00,7.926014335210558315e+00,-4.407918996870618500e+00,4.838712430794963382e+00,-5.475458962470550972e+00,4.443269195938799321e-01,-6.098922294118747089e+00,-3.375365752958101240e+01,-1.286234946453686412e+01,-2.050991717348071575e+01
9.103452588264218548e+00,2.272260877844991089e+00,-8.797668404735352610e-01,-1.296502902410754388e-01,-7.968222117985135355e-02,1.145507844647518425e+01,5.043876619896541236e+00,7.447455237340531831e+00,-4.982303055966514016e+00,4.215205380104602106e+00,-6.023346350826395579e+00,-1.320930186281454866e-01,-6.941800743010904107e+00,-3.434919359737499178e+01,-1.321101488479017227e+01,-2.082878336581332945e+01
8.410237678288240204e+00,1.866352431064695505e+00,-1.525785822147665449e+00,-6.490596075162669010e-01,-4.603778982990296420e-01,9.676658945181850768e+00,4.615395921762474707e+00,7.035924946866575880e+00,-5.460765985130704436e+00,3.668518851971771078e+00,-6.484184461264157484e+00,-6.271254121314271401e-01,-7.750249298533405273e+00,-3.472603278238901225e+01,-1.346040031919504187e+01,-2.103717744900973941e+01
7.740605412630731763e+00,1.559264322120653024e+00,-2.072625934741377129e+00,-1.091162249008950980e+00,-7.596618260452374649e-01,7.956177825310393636e+00,4.264837411104791087e+00,6.696906340422086323e+00,-5.832058426235230186e+00,3.210605892793265248e+00,-6.848687452059357916e+00,-1.031474982926353423e+00,-8.507137365268574669e+00,-3.487663827894418489e+01,-1.361018066726339981e+01,-2.113115242050042042e+01
7.110608108879643119e+00,1.356399383863983843e+00,-2.506268996613595590e+00,-1.447811634804073044e+00,-9.736108387270094866e-01,6.318536807340070283e+00,3.995506128466132623e+00,6.432674005219817026e+00,-6.089625448744742542e+00,2.848571395576131593e+00,-7.112708387085566741e+00,-1.340757487206232224e+00,-9.197487763046810372e+00,-3.480304268709633675e+01,-1.366467675603330889e+01,-2.111245472187885852e+01
6.534418496034628987e+00,1.257579350565046106e+00,-2.816904350887091901e+00,-1.714992279668214437e+00,-1.102100052363524263e+00,4.784636128527765209e+00,3.805939899089066714e+00,6.242681712221532564e+00,-6.231652704168075374e+00,2.584623289992583395e+00,-7.277107981861400177e+00,-1.555321041485231426e+00,-9.808980614795942188e+00,-3.451639922360678270e+01,-1.363231503752757234e+01,-2.098813818105479001e+01
6.023734706799032779e+00,1.257135407672293814e+00,-2.999343673789407916e+00,-1.892842230447318030e+00,-1.148659129932903866e+00,3.370777941136385181e+00,3.690061390845309930e+00,6.123846742060918835e+00,-6.260850554406712121e+00,2.416213196173974342e+00,-7.347402305833963254e+00,-1.679915785187753308e+00,-1.033229700345979296e+01,-3.403539880806874152e+01,-1.352491475112660346e+01,-2.076962389691881938e+01
5.587265632040272934e+00,1.344349073420105789e+00,-3.053279429367006692e+00,-1.985476137445198574e+00,-1.120159039473111129e+00,2.088308007278010692e+00,3.637737289345817970e+00,6.071073255641083577e+00,-6.184171278400942384e+00,2.336414054009057217e+00,-7.333185962586844298e+00,-1.723111670775897331e+00,-1.076140786023673357e+01,-3.338499885449719784e+01,-1.335695612712943792e+01,-2.047189602471337366e+01
5.230354801560940459e+00,1.504115602029589382e+00,-2.983374078046745481e+00,-2.000617641800433333e+00,-1.026442009808288702e+00,9.434372183079267060e-01,3.635416704401731813e+00,6.077659639491819199e+00,-6.012312411849377369e+00,2.334436066997228387e+00,-7.247408361185227577e+00,-1.696606732315861343e+00,-1.109373844124014852e+01,-3.259456828595352107e+01,-1.314478008290907418e+01,-2.011238958596522863e+01
4.954751056625204875e+00,1.717860482799386634e+00,-2.799070836637535642e+00,-1.949060923699587278e+00,-8.797137329779358694e-01,-6.262936288275078311e-02,3.667186598199779546e+00,6.135819385000614190e+00,-5.759028239664914395e+00,2.396516720490891039e+00,-7.105352467713851539e+00,-1.614274108712897338e+00,-1.133015007209187530e+01,-3.169632556688571157e+01,-1.290558432087931351e+01,-1.971001938977936874e+01
4.758529672463966520e+00,1.964585934686763569e+00,-2.514260922497938644e+00,-1.843974349779023747e+00,-6.939494588505104034e-01,-9.333822152280921713e-01,3.715716277117058652e+00,6.237099038642330839e+00,-5.440435993917045465e+00,2.506711141866563519e+00,-6.923703954593126042e+00,-1.491284990313009651e+00,-1.147484760041245089e+01,-3.072342519808793426e+01,-1.265662694667556032e+01,-1.928404183500780533e+01
4.636178095153246304e+00,2.222066012183282258e+00,-2.146755323696378781e+00,-1.700185406426269807e+00,-4.842020650507796731e-01,-1.676612280879027139e+00,3.763457577319593739e+00,6.372812302479296420e+00,-5.074285479956106570e+00,2.647883693088435741e+00,-6.719527724087023479e+00,-1.343112389116110972e+00,-1.153518570865170290e+01,-2.970900381672839075e+01,-1.241444583916920053e+01,-1.885346929532672178e+01
4.578876017861110981e+00,2.468086694755635691e+00,-1.717481133067368049e+00,-1.533336546410779988e+00,-2.658379627192681838e-01,-2.303646262560574698e+00,3.793683505633689279e+00,6.534395146925342068e+00,-4.679105547326798842e+00,2.802686655952553174e+00,-6.509212123712000420e+00,-1.184666493303578427e+00,-1.152131924184593359e+01,-2.868459298967607651e+01,-1.219408517916076917e+01,-1.843609677530702839e+01
4.574990785445196551e+00,2.681671851168411003e+00,-1.249523182111945907e+00,-1.358997078384877710e+00,-5.375208194598535272e-02,-2.828521185503076296e+00,3.791603222785810523e+00,6.713787828571621041e+00,-4.273378739831023232e+00,2.954551378904746617e+00,-6.307562383440417975e+00,-1.029408924099801226e+00,-1.144566970186969357e+01,-2.767932260892650831e+01,-1.200847873576102565e+01,-1.804795553668222041e+01
4.610676994588902566e+00,2.844196945855429703e+00,-7.670494314483082832e-01,-1.191834815610473441e+00,1.383683293090669508e-01,-3.267010511626591729e+00,3.745115899720711461e+00,6.903659424718231463e+00,-3.874709751403084823e+00,3.088461657281917905e+00,-6.126994303631410510e+00,-8.887673060897380850e-01,-1.132237180963413437e+01,-2.671856320493052550e+01,-1.186791338643840987e+01,-1.770251759138470860e+01
4.670622232422342535e+00,2.940399228063669490e+00,-2.941536432321694150e-01,-1.044865672865725514e+00,2.987096441540497693e-01,-3.635666690693492242e+00,3.645549926527833939e+00,7.097575405838565388e+00,-3.499171892718528021e+00,3.191739453294823115e+00,-5.976925954050676282e+00,-7.715887886996224410e-01,-1.116668784088689215e+01,-2.582368820963954548e+01,-1.177978512627134933e+01,-1.741059883501535666e+01
4.738951564946401795e+00,2.959192684628119352e+00,1.464186048483515634e-01,-9.286985397569615941e-01,4.179939391251696890e-01,-3.950733799875122187e+00,3.487999683519047878e+00,7.290171402887441587e+00,-3.160539463396355941e+00,3.254525929187315203e+00,-5.863339669072208160e+00,-6.838930334519766063e-01,-1.099425939163373833e+01,-2.501081136673890626e+01,-1.174834532476233484e+01,-1.717965189340888799e+01
4.800059535743332439e+00,2.894214451644785413e+00,5.343581143058369065e-01,-8.510510126237296191e-01,4.898437772146380098e-01,-4.227238163837717444e+00,3.271464948192584821e+00,7.477139899699563941e+00,-2.869866918682316914e+00,3.270128811593012941e+00,-5.788696056485007624e+00,-6.288527324152015652e-01,-1.082053967483662404e+01,-2.429079812150547113e+01,-1.177476283964318604e+01,-1.701394209525599166e+01
4.839556105646654061e+00,2.744190015635575186e+00,8.529050179194026526e-01,-8.163441223328931073e-01,5.111297764807556376e-01,-4.478108935447867367e+00,2.998782224942278418e+00,7.655280924755754945e+00,-2.635076391569917575e+00,3.235177415632683129e+00,-5.751907225281883029e+00,-6.068562395337098181e-01,-1.066009095005046703e+01,-2.366884413986593927e+01,-1.185726019159119460e+01,-1.691438930867145984e+01
4.845022794511979036e+00,2.512910645000238752e+00,1.089576330147568939e+00,-8.255554380982932372e-01,4.820253976914887772e-01,-4.713571750336274846e+00,2.676377948717982846e+00,7.822430740547398287e+00,-2.460859275625352893e+00,3.149587122344334134e+00,-5.748730579628695381e+00,-6.157876024119905978e-01,-1.052611359946319070e+01,-2.314543570041485765e+01,-1.199155854742707383e+01,-1.687928964934803133e+01
4.806865951582624419e+00,2.209115854207353458e+00,1.236930129266526457e+00,-8.761424640052748458e-01,4.059991859307778839e-01,-4.940553567637238963e+00,2.313756253216579850e+00,7.977421229476911790e+00,-2.348563707323483740e+00,3.016343426751306289e+00,-5.772164314095730830e+00,-6.514208074109619773e-01,-1.042986160310017851e+01,-2.271650674725295715e+01,-1.217119163301268436e+01,-1.690440064790922747e+01
4.718799317492014644e+00,1.845941195879942320e+00,1.292780696727198197e+00,-9.623037272262990882e-01,2.894579666792473915e-01,-5.162519716634071720e+00,1.922938275887265291e+00,8.119917846038006815e+00,-2.296483383496756403e+00,2.841156990824598161e+00,-5.813209905426555579e+00,-7.079336263055999723e-01,-1.038039828279043952e+01,-2.237518684827179527e+01,-1.238824141108452714e+01,-1.698407275913896086e+01
4.578270814747840589e+00,1.440240056532962498e+00,1.260301499649852275e+00,-1.075314046852813732e+00,1.413848094564222890e-01,-5.379374275003318218e+00,1.517687797714886599e+00,8.250322789864968698e+00,-2.300097860511092662e+00,2.631982232349757922e+00,-5.861575380213551512e+00,-7.784654941986337562e-01,-1.038428042261671358e+01,-2.211271640770021918e+01,-1.263379758329336511e+01,-1.711167999052305788e+01
4.386679690047205149e+00,1.011741790130236573e+00,1.147816361780613192e+00,-1.203994007496319796e+00,-2.727344478588378252e-02,-5.587698005780966426e+00,1.112782220914189324e+00,8.369640541284947943e+00,-2.352545960219767807e+00,2.398466796451057093e+00,-5.906497991179222140e+00,-8.556625337580729962e-01,-1.044544536258647405e+01,-2.192014189431359839e+01,-1.289859433666254596e+01,-1.728061277945325713e+01
4.149504913953824925e+00,5.821171248914067675e-01,9.684345593286849407e-01,-1.335215047906672226e+00,-2.040911748214995214e-01,-5.780914196834135765e+00,7.231728235086585244e-01,8.479407140150847511e+00,-2.444949403373433583e+00,2.151408560533237591e+00,-5.937441093625021260e+00,-9.321614593946447869e-01,-1.056500290443917045e+01,-2.178882351959802577e+01,-1.317334507591739623e+01,-1.748436719259219174e+01
3.876023627017081363e+00,1.738787852315759608e-01,7.391950912210623059e-01,-1.454620782862648731e+00,-3.760050994963775040e-01,-5.949939030740392987e+00,3.632437447957421739e-01,8.581487878148532644e+00,-2.567074317498038383e+00,1.902119500366581839e+00,-5.944818843164268785e+00,-1.001112207372169216e+00,-1.074145225063664810e+01,-2.171194407476904686e+01,-1.344934150117770422e+01,-1.771743351280560574e+01
3.579079524079168628e+00,-1.905934528893773461e-01,4.803918137652676279e-01,-1.547129161433819178e+00,-5.298460722946458645e-01,-6.083622778583267277e+00,4.609894445349205228e-02,8.678073604945595321e+00,-2.707673511830835267e+00,1.661926124945045657e+00,-5.920478745777803198e+00,-1.056508795141056112e+00,-1.097063432520440074e+01,-2.168425865103869654e+01,-1.371849964359185137e+01,-1.797495056264398272e+01
3.274396598861213814e+00,-4.902278263421875337e-01,2.143279161355415852e-01,-1.597736840476608577e+00,-6.532009556413500562e-01,-6.169618683603192544e+00,-2.170991168987219666e-01,8.771454877578129583e+00,-2.855135790903994497e+00,1.441572527193918152e+00,-5.858222006074452537e+00,-1.093523776628492428e+00,-1.124606767777740046e+01,-2.170253695024179308e+01,-1.397371375732749144e+01,-1.825303052251607028e+01
2.979948436892225772e+00,-7.061228840532791651e-01,-3.573703470450073638e-02,-1.592078869435193056e+00,-7.349415175115430188e-01,-6.195041667056913504e+00,-4.175630707352375737e-01,8.863947939923068731e+00,-2.997908439236924849e+00,1.250775072180298597e+00,-5.753994266222493437e+00,-1.108677641832515270e+00,-1.155922551652790453e+01,-2.176508176584769672e+01,-1.420886896017951706e+01,-1.854840374810071424e+01
2.714932021070574297e+00,-8.225023895742449298e-01,-2.470627757678069969e-01,-1.517194848735202939e+00,-7.660658545217531312e-01,-6.147559421413525627e+00,-5.492142998281321908e-01,8.957638387352648834e+00,-3.125197515700195439e+00,1.097808895357511805e+00,-5.606133820617079877e+00,-1.099936116465918268e+00,-1.190005733899700502e+01,-2.187207591350169977e+01,-1.441903900064179922e+01,-1.885871774684371260e+01
2.498860773400995772e+00,-8.274352483574523021e-01,-3.985347977628652671e-01,-1.362028115217883695e+00,-7.400473813198296114e-01,-6.016114775635463374e+00,-6.087943222759752970e-01,9.054365441511471602e+00,-3.227302271469825179e+00,9.892359841854188041e-01,-5.415242396565763450e+00,-1.066643483437117013e+00,-1.225736149362066385e+01,-2.202468860690027697e+01,-1.460026181704658477e+01,-1.918194618202140589e+01
2.350390272142986348e+00,-7.134430385490890814e-01,-4.720976317013185763e-01,-1.118071453633280754e+00,-6.533908247320869833e-01,-5.791912073852262921e+00,-5.958283165706586004e-01,9.155443501858234967e+00,-3.296264652768789549e+00,9.296264575505954753e-01,-5.184186220881182194e+00,-1.009472243676658110e+00,-1.261945277288091916e+01,-2.222531098351869616e+01,-1.474969505047836194e+01,-1.951667984871843231e+01
2.286355609918271359e+00,-4.778306580327047470e-01,-4.536742294015994048e-01,-7.797024147005018335e-01,-5.057993164576561895e-01,-5.469054953093115401e+00,-5.124190145552720566e-01,9.261600822567659819e+00,-3.326164844949643928e+00,9.215433432871387165e-01,-4.917712899405117355e+00,-9.301475312559963626e-01,-1.297461969127015990e+01,-2.247701395611920816e+01,-1.486536610879062614e+01,-1.986173701639790679e+01
2.320680139265736130e+00,-1.229238549310309736e-01,-3.341939513063110212e-01,-3.446294678043777537e-01,-3.003304111887024064e-01,-5.045274624746452830e+00,-3.629375731116901704e-01,9.372747616683497540e+00,-3.313509037085341724e+00,9.654383934148784707e-01,-4.622198922668982135e+00,-8.312747844605010705e-01,-1.331173783636851837e+01,-2.278344151868889256e+01,-1.494617561887043600e+01,-2.021622631585502816e+01
2.463617759034859578e+00,3.440271968408969983e-01,-1.099827270984472527e-01,1.860784646100190898e-01,-4.315687591995231998e-02,-4.522195959330287174e+00,-1.536812830734128887e-01,9.488015849863733919e+00,-3.257281761391583430e+00,1.059750317171829437e+00,-4.305063816878586636e+00,-7.160412494309857934e-01,-1.362060127967899703e+01,-2.314784499173320853e+01,-1.499158508550931757e+01,-2.057890540364575926e+01
2.720993316019048702e+00,9.110542874589793172e-01,2.167718399671221263e-01,8.078151442498411328e-01,2.566033271026233464e-01,-3.905688754037175414e+00,1.075556602708069853e-01,9.605569619273357063e+00,-3.159097312428333915e+00,1.201008524488438312e+00,-3.974442945235074021e+00,-5.879714775537223659e-01,-1.389242694869941985e+01,-2.357295234465750156e+01,-1.500164459577308484e+01,-2.094829070672213689e+01
3.093881287543763126e+00,1.562025964673761536e+00,6.383088224404658284e-01,1.512722690068953213e+00,5.875394058255070107e-01,-3.205599533984059057e+00,4.119790372161555858e-01,9.722763970188495364e+00,-3.022925759845805249e+00,1.384093825506399034e+00,-3.638513402785176432e+00,-4.506266125953088952e-01,-1.412002126037326555e+01,-2.405983584561734290e+01,-1.497662228437986798e+01,-2.132194254083958640e+01
3.578337902231632395e+00,2.277228305131457908e+00,1.141558742575641716e+00,2.289835545894788105e+00,9.364603005437164285e-01,-2.435616154281386780e+00,7.500801903431675299e-01,9.836068149053208032e+00,-2.854975795262199245e+00,1.602388022229786380e+00,-3.305152773563120761e+00,-3.075004708863193770e-01,-1.429808444492963737e+01,-2.460724076464257593e+01,-1.491710784639409226e+01,-2.169637413070720200e+01
4.165419091787697425e+00,3.034101414143776765e+00,1.708824417803123552e+00,3.125437329289120214e+00,1.289118840264904087e+00,-1.612785008646176355e+00,1.111985559845568794e+00,9.941208674117678612e+00,-2.663343912990975948e+00,1.848004977764999834e+00,-2.981562830459812297e+00,-1.618974997029662966e-01,-1.442330547502761995e+01,-2.521092684258845296e+01,-1.482388503526965806e+01,-2.206674181964526937e+01
4.841430489874358756e+00,3.808172624231725756e+00,2.318599472005018924e+00,4.003442753191261971e+00,1.630915232924642133e+00,-7.569348343911439514e-01,1.487812943735848492e+00,1.003327767425364847e+01,-2.457713818186688215e+00,2.112060507144518873e+00,-2.674051880618669053e+00,-1.684862550217225419e-02,-1.449448368195654524e+01,-2.586367682577521165e+01,-1.469809996012651254e+01,-2.242706882193254714e+01
5.588615125425578256e+00,4.574133016520514516e+00,2.946892283127385603e+00,4.906097452373005652e+00,1.947779247051899532e+00,1.102857527278437999e-01,1.868033479372802841e+00,1.010705882106701381e+01,-2.248681858805102074e+00,2.385087374860853870e+00,-2.387699075684655448e+00,1.250623505542791669e-01,-1.451227776358429900e+01,-2.655492981313053491e+01,-1.454112667893629940e+01,-2.277001788070786858e+01
6.385734788914257720e+00,5.306727933383307949e+00,3.568168733637817613e+00,5.814380891184137035e+00,2.226741855058576469e+00,9.661183147604006649e-01,2.243585448764005896e+00,1.015715336107077604e+01,-2.047497451839668692e+00,2.657205465110202613e+00,-2.126485072488647710e+00,2.615421421377512878e-01,-1.447924207064917645e+01,-2.727150300199984656e+01,-1.435494626453928824e+01,-2.308749853597512214e+01
7.208972971177989741e+00,5.981819302642262137e+00,4.156719568951213084e+00,6.708635486515547086e+00,2.456624692446736091e+00,1.787664994412573982e+00,2.606115348078955396e+00,1.017828542629166577e+01,-1.865454032796372896e+00,2.918516493408418455e+00,-1.893283717652741061e+00,3.906269364069885341e-01,-1.439961018657811032e+01,-2.799840300360651923e+01,-1.414222640415864696e+01,-2.337114235333481105e+01
8.032987952226951833e+00,6.577310318728727623e+00,4.687881544630270625e+00,7.569172083252627914e+00,2.628563836806522502e+00,2.552842784553617683e+00,2.948053135564349336e+00,1.016564915492633858e+01,-1.713457341394847067e+00,3.159393907919149314e+00,-1.690045363192492545e+00,5.105969557506013778e-01,-1.427898782769771913e+01,-2.871965717092055570e+01,-1.390647995851071350e+01,-2.361274644327458816e+01
8.832050371986973403e+00,7.074024324746286396e+00,5.139341362072826769e+00,8.376959143366748961e+00,2.736467482646885330e+00,3.241480791806516493e+00,3.262656716241771004e+00,1.011521640981154135e+01,-1.601372520152546386e+00,3.370874807286056374e+00,-1.517908776445937136e+00,6.199468057631212226e-01,-1.412397024383302657e+01,-2.941912128657462233e+01,-1.365203209084609881e+01,-2.380465066578561206e+01
9.581148201638690409e+00,7.456495026395475456e+00,5.492082072116490465e+00,9.114167576861863296e+00,2.777190038747555434e+00,3.836130029796770202e+00,3.543976126915608038e+00,1.002400079694539770e+01,-1.537605241100125752e+00,3.544876892677391922e+00,-1.377463370421010858e+00,7.172850283903549062e-01,-1.394181004107443300e+01,-3.008143267520111053e+01,-1.338419463030460221e+01,-2.394025834252541074e+01
1.025713671732414412e+01,7.713519128967094574e+00,5.731385560581671257e+00,9.764812637921567173e+00,2.750708362180922073e+00,4.322929471983074201e+00,3.786825975094402885e+00,9.890348000472688028e+00,-1.528571270240860258e+00,3.674609627662491995e+00,-1.268908794452793032e+00,8.013338199355497515e-01,-1.373994169807642329e+01,-3.069262419867376224e+01,-1.310900567018632046e+01,-2.401426825538131382e+01
1.083980101735095047e+01,7.838650304746455078e+00,5.847485529910351865e+00,1.031527777894961240e+01,2.660049703329046444e+00,4.692303051287138871e+00,3.986639718425879053e+00,9.714136271955297275e+00,-1.578287171192247484e+00,3.754750689215617498e+00,-1.192252242664865847e+00,8.708157094489274996e-01,-1.352556435719775685e+01,-3.124017999068395568e+01,-1.283312540593530571e+01,-2.402271583981878678e+01
1.131267680037547940e+01,7.830367767869104156e+00,5.835958160121045957e+00,1.075473599589141571e+01,2.510996737626859598e+00,4.939443852037596727e+00,4.139381796254178347e+00,9.496866801656839385e+00,-1.688107866414249703e+00,3.781674254727074302e+00,-1.147467670297032782e+00,9.244755584978547880e-01,-1.330530435751322926e+01,-3.171350591641264316e+01,-1.256359076178828005e+01,-2.396324351868045355e+01
1.166366416084018454e+01,7.692018445060197607e+00,5.697665503262906661e+00,1.107538198836124010e+01,2.311573947303315890e+00,5.064440631179444097e+00,4.241389230133737698e+00,9.241619410845602900e+00,-1.856665207441003940e+00,3.753522017201182503e+00,-1.134694459475537265e+00,9.610004822137545588e-01,-1.308496329384319701e+01,-3.210411323761994851e+01,-1.230762013238054031e+01,-2.383525519028239970e+01
1.188546944578724762e+01,7.431582742721534629e+00,5.438569787385986842e+00,1.127265907367547015e+01,2.071520408838050997e+00,5.072301078820391496e+00,4.289437150638557128e+00,8.952995364987129889e+00,-2.079850574321875811e+00,3.670398631090499020e+00,-1.154262419804521933e+00,9.791190848274502478e-01,-1.286925602870249463e+01,-3.240584300815364571e+01,-1.207218538121895435e+01,-2.363997226765664550e+01
1.197569700759182965e+01,7.061175513699907924e+00,5.069097117050082701e+00,1.134522965546775275e+01,1.801524613058869129e+00,4.972575369270051837e+00,4.280630520057473021e+00,8.636842191295970750e+00,-2.351095088192789007e+00,3.534217169271111736e+00,-1.206795241075003133e+00,9.775665328720331004e-01,-1.266174423916745084e+01,-3.261493045613496378e+01,-1.186384319116025488e+01,-2.338057968551705201e+01
1.193668852643264522e+01,6.596359094266446732e+00,4.603294962472622487e+00,1.129483649574839887e+01,1.512399150889621957e+00,4.778776638685028999e+00,4.212491909794152001e+00,8.299871706182534226e+00,-2.661767859378642243e+00,3.348662460437009880e+00,-1.293241860549890099e+00,9.551308186703613146e-01,-1.246489227922656973e+01,-3.273067451990098675e+01,-1.168842974565926696e+01,-2.306254896021016521e+01
1.177513849862505957e+01,6.055278182638920370e+00,4.057861026219383938e+00,1.112605764299894417e+01,1.214384413638158300e+00,4.507690934315754738e+00,4.083050763756997270e+00,7.949352680324180298e+00,-3.001641628458396216e+00,3.119040083647271810e+00,-1.414769993056402164e+00,9.107921654207515871e-01,-1.228002855899539014e+01,-3.275518066547861906e+01,-1.155069369050704609e+01,-2.269341212824559051e+01
1.150153036013485774e+01,5.457687571637560353e+00,3.451082379766779340e+00,1.084599652994719854e+01,9.164025518157519201e-01,4.178417583349631315e+00,3.890961542880448043e+00,7.592607711430876094e+00,-3.359508304686944502e+00,2.852058251072986383e+00,-1.572638675199847569e+00,8.437798043207704879e-01,-1.210751015383242546e+01,-3.269360547828959795e+01,-1.145401061429648593e+01,-2.228278804585606920e+01
1.112930837989668831e+01,4.823886327420034981e+00,2.801632447520685965e+00,1.046383705841209100e+01,6.254368446058133912e-01,3.811348864400276426e+00,3.635525012496078290e+00,7.236510858097003229e+00,-3.723789607981895067e+00,2.555417311777504086e+00,-1.768069740499629283e+00,7.535409986977863461e-01,-1.194690791594891799e+01,-3.255358743041549019e+01,-1.140023680963430053e+01,-2.184200291259323734e+01
1.067406349414733313e+01,4.173687797143880829e+00,2.127567064663801411e+00,9.990412433747323462e+00,3.460935814526830967e-01,3.427170779349687280e+00,3.316898358999408103e+00,6.887038836036300182e+00,-4.083218809527143556e+00,2.237533011994658150e+00,-2.002027221426178727e+00,6.399128722644862322e-01,-1.179719962882535356e+01,-3.234514746039877053e+01,-1.138948465645499653e+01,-2.138385317861713020e+01
1.015263213400503872e+01,3.525459196043887022e+00,1.445440992856855456e+00,9.437784239115433849e+00,8.041331319470756966e-02,3.045904335065706015e+00,2.936125524397604991e+00,6.548911346909565445e+00,-4.427311155925830022e+00,1.907109155463980965e+00,-2.274921218633696007e+00,5.031111156942706941e-01,-1.165691673699647879e+01,-3.207939968540213727e+01,-1.141997293621173526e+01,-2.092173815966459927e+01
9.582105256813854055e+00,2.895144694119157425e+00,7.694476837332757668e-01,8.818707935218073501e+00,-1.722841848662435282e-01,2.685858083018120901e+00,2.495254345616157110e+00,6.225158546447436159e+00,-4.747038432674486330e+00,1.572689912103474086e+00,-2.586442960750867215e+00,3.437172468920244306e-01,-1.152444622102989058e+01,-3.176813682234246983e+01,-1.148813215595431991e+01,-2.046930388859085070e+01
8.978979148557613144e+00,2.295554741518304187e+00,1.108665065101090974e-01,8.146197991677523120e+00,-4.152529293710003344e-01,2.362826212889796551e+00,1.997356095981336566e+00,5.916917379982965741e+00,-5.035247280334104403e+00,1.242247442616792430e+00,-2.935400468848682110e+00,1.626840035844558940e-01,-1.139821243549316776e+01,-3.142280358012887120e+01,-1.158867666304307420e+01,-2.003968995384556706e+01
8.358268306166095840e+00,1.735780392846216102e+00,-5.223642288749701379e-01,7.433039436018976431e+00,-6.540650310990097083e-01,2.089329860214892420e+00,1.446674650462633771e+00,5.623284413388120129e+00,-5.287129539149171720e+00,9.227856614379336131e-01,-3.319596486212814224e+00,-3.867983515304729281e-02,-1.127691658599977842e+01,-3.105446432655166689e+01,-1.171493502549997778e+01,-1.964531841213482011e+01
7.732879800037594009e+00,1.220846759977547435e+00,-1.125745829167783540e+00,6.691417398148883144e+00,-8.961507720464814142e-01,1.874120571726177076e+00,8.485720140662413868e-01,5.341357141710695089e+00,-5.500419859013987889e+00,6.199679938426080339e-01,-3.735798195942241939e+00,-2.587726585485881081e-01,-1.115969960818030060e+01,-3.067301659537861980e+01,-1.185921959268743819e+01,-1.929720515118535218e+01
7.113091770203308961e+00,7.516386778733892271e-01,-1.698167330913541662e+00,5.932602106094340577e+00,-1.150209776156813746e+00,1.721807177687220580e+00,2.097060822728855634e-01,5.066428813351948612e+00,-5.675582187023835878e+00,3.379509344955646810e-01,-4.179715893890453060e+00,-4.956439358137392226e-01,-1.104629724106422728e+01,-3.028774676600511029e+01,-1.201330400548104116e+01,-1.900500371443303393e+01
6.506309521606352675e+00,3.251258359547311017e-01,-2.241441773790271874e+00,5.166739858730974078e+00,-1.425420722118412087e+00,1.632932408328255036e+00,-4.620259575432301702e-01,4.792347186855177910e+00,-5.815649942286185592e+00,7.925709389230561897e-02,-4.646018700323913286e+00,-7.470318361720935663e-01,-1.093698382786091905e+01,-2.990706999357441731e+01,-1.216878259455604194e+01,-1.877651234638473809e+01
5.916951810557670832e+00,-6.526604638127064817e-02,-2.759848933019647177e+00,4.402674179154166367e+00,-1.730774230247646983e+00,1.604075488702536134e+00,-1.157496043690050769e+00,4.511924485757309533e+00,-5.926093143793611517e+00,-1.552592308303967217e-01,-5.128528855864081137e+00,-1.010360963611307117e+00,-1.083267323582065522e+01,-2.953918961443905289e+01,-1.231768194725277610e+01,-1.861775697559098219e+01
5.346637932099497448e+00,-4.289439829615027122e-01,-3.259293121152199824e+00,3.648008879622022249e+00,-2.074144365823304526e+00,1.628411460431034463e+00,-1.866513095939823508e+00,4.217561419486419716e+00,-6.014278322948543476e+00,-3.663038419056922623e-01,-5.620295500533546651e+00,-1.282760131129048631e+00,-1.073470153705934038e+01,-2.919168843991633011e+01,-1.245274160780960493e+01,-1.853247615872284371e+01
4.794562917043275974e+00,-7.772404125598484370e-01,-3.746495602987855555e+00,2.909187159339404083e+00,-2.461650321884872206e+00,1.696349692498454687e+00,-2.577880555574661781e+00,3.901879282143104533e+00,-6.088943487210075389e+00,-5.558663666814014359e-01,-6.113748212148167660e+00,-1.561010760963955413e+00,-1.064467788730089381e+01,-2.887213076864647121e+01,-1.256783584933871367e+01,-1.852224084094810408e+01
4.258080490560411491e+00,-1.122427208756923811e+00,-4.227943382383392290e+00,2.191723483365427327e+00,-2.896787208242651346e+00,1.796512459241451865e+00,-3.279697248213657268e+00,3.558449327736904255e+00,-6.159356672467910521e+00,-7.268802982289814807e-01,-6.600790953693121743e+00,-1.841551241791490767e+00,-1.056417654945840390e+01,-2.858730998907032728e+01,-1.265805424513657229e+01,-1.858585370020915306e+01
3.733293195938761855e+00,-1.476632047177608875e+00,-4.709120678316505604e+00,1.500374724266169579e+00,-3.380055839283125252e+00,1.916551028242357013e+00,-3.959687764699607815e+00,3.182324122677933520e+00,-6.234666472988603658e+00,-8.828979287134519627e-01,-7.073133962122852836e+00,-2.120530048702049086e+00,-1.049457933025932022e+01,-2.834331216486162930e+01,-1.272001013433367334e+01,-1.871953036024255113e+01
3.215816064106107319e+00,-1.850708443124358560e+00,-5.193607920182300219e+00,8.394414454125342928e-01,-3.908545685842300443e+00,2.044309029875507555e+00,-4.605506126683883039e+00,2.770659312995427115e+00,-6.323074897199634670e+00,-1.027635632766688234e+00,-7.522396979747700385e+00,-2.393807564145592259e+00,-1.043678102338031444e+01,-2.814487609061553641e+01,-1.275176997472758345e+01,-1.891663324720658679e+01
2.701426030951393109e+00,-2.253282320602576050e+00,-5.682657624882988756e+00,2.129301406237189553e-01,-4.475942775507306237e+00,2.168627649672588475e+00,-5.205054911304509702e+00,2.323110070171784169e+00,-6.431224077506404235e+00,-1.164497617762642712e+00,-7.940433575778201636e+00,-2.656993253316993986e+00,-1.039108340336489533e+01,-2.799580004132698008e+01,-1.275294501912291878e+01,-1.916820766842201351e+01
2.186767975721821688e+00,-2.689847854400127858e+00,-6.174644579975251624e+00,-3.751879005523193200e-01,-5.072615162219724638e+00,2.280302960289701808e+00,-5.746916702884306005e+00,1.842089110756159442e+00,-6.563548313876916396e+00,-1.296176576237769273e+00,-8.319520903895373465e+00,-2.905499763412143999e+00,-1.035697131093691858e+01,-2.789826633402982381e+01,-1.272449168275214149e+01,-1.946291409044888354e+01
1.669776590545827943e+00,-3.162170679815663021e+00,-6.665185496012346889e+00,-9.209922131030321424e-01,-5.686148304651517549e+00,2.372558863819158148e+00,-6.220699458301421458e+00,1.332779382039497751e+00,-6.722045652626716716e+00,-1.424365721870822554e+00,-8.652727929999265655e+00,-3.134694562164015874e+00,-1.033320931471496174e+01,-2.785352403565448398e+01,-1.266872085907969137e+01,-1.978800248131058837e+01
1.150166719978848562e+00,-3.667913385047492092e+00,-7.147117856906739952e+00,-1.420469712466031709e+00,-6.301869812560408235e+00,2.441646818205793323e+00,-6.617376739180831358e+00,8.030056406938435032e-01,-6.905979317387082261e+00,-1.549419765677112704e+00,-8.934087289041496405e+00,-3.339961098071099421e+00,-1.031777023627094891e+01,-2.786176761147567049e+01,-1.258892846245509034e+01,-2.012964869977113125e+01
6.295696485108095430e-01,-4.200525897286461863e+00,-7.611028070517098953e+00,-1.869686946275537665e+00,-6.903743022890681758e+00,2.486948455907375788e+00,-6.929643029075046812e+00,2.628618718824284883e-01,-7.111975776284959139e+00,-1.670272209647249761e+00,-9.158928919353858333e+00,-3.516913268142575433e+00,-1.030804509152796378e+01,-2.792259756787443337e+01,-1.248926527491055083e+01,-2.047388917661230323e+01
1.116832510767462594e-01,-4.749388648868274387e+00,-8.045664841939418110e+00,-2.264761395940325883e+00,-7.475117712108335866e+00,2.511118652978931109e+00,-7.152277477834816821e+00,-2.757653858957231918e-01,-7.334077794864779953e+00,-1.784345310550162989e+00,-9.323921858380625594e+00,-3.661507571071939360e+00,-1.030082625300354948e+01,-2.803454493703278771e+01,-1.237422263800335287e+01,-2.080680776892778283e+01
-3.979259876311216360e-01,-5.300398059602203560e+00,-8.438854207355300119e+00,-2.602165188143663599e+00,-7.999841883113788299e+00,2.519665600399271455e+00,-7.282411783632968039e+00,-7.999929897163640113e-01,-7.564270908067564747e+00,-1.887790014117133097e+00,-9.427382952485480416e+00,-3.770325522764980786e+00,-1.029271446394638545e+01,-2.819562404266995514e+01,-1.224858605375100140e+01,-2.111556766492689263e+01
-8.919943145643394189e-01,-5.836639746954681129e+00,-8.778148452426902892e+00,-2.878815388946259546e+00,-8.463041805104579041e+00,2.520723602691791854e+00,-7.319759705025486340e+00,-1.296602068765526194e+00,-7.792832354284918495e+00,-1.975641271649624553e+00,-9.469230951437385357e+00,-3.840755204731654882e+00,-1.028017321145337171e+01,-2.840254203002938738e+01,-1.211687920995365531e+01,-2.138842840262219980e+01
-1.362055828739708652e+00,-6.339421041920262567e+00,-9.051835705107787788e+00,-3.092435557412485991e+00,-8.852106718405151398e+00,2.524248061776230401e+00,-7.266904034080495123e+00,-1.752997756208925395e+00,-8.009080911316258877e+00,-2.042350094343146516e+00,-9.451129232597985208e+00,-3.871300133983672342e+00,-1.025992896001643828e+01,-2.865056880601113320e+01,-1.198329326440939724e+01,-2.161531169598722357e+01
-1.798930448860788900e+00,-6.789379016215026041e+00,-9.249735712076249783e+00,-3.241777387060977844e+00,-9.157375384674470098e+00,2.541334036599854684e+00,-7.129316659318117644e+00,-2.158003270295052012e+00,-8.202061524540113169e+00,-2.082223704283858723e+00,-9.376445986235669494e+00,-3.861753909724390255e+00,-1.022917374625570730e+01,-2.893309047948650559e+01,-1.185144251814026006e+01,-2.178795211365090267e+01
-2.193412199008706764e+00,-7.167752667368592512e+00,-9.364166806320167069e+00,-3.326991907631686729e+00,-9.372840923124549306e+00,2.583193304605433838e+00,-6.915329606849719646e+00,-2.502733885735788810e+00,-8.361465544386334159e+00,-2.090057161743580583e+00,-9.250295880880202049e+00,-3.813445163331344645e+00,-1.018593807080399216e+01,-2.924191739142640145e+01,-1.172442505942972524e+01,-2.190047172796855790e+01
-2.536838675449491376e+00,-7.457573374211544426e+00,-9.390497771585565090e+00,-3.349784365445522383e+00,-9.496433086325527739e+00,2.660313823638574604e+00,-6.635953080461216125e+00,-2.781191046135321088e+00,-8.478340177691020330e+00,-2.061676089131410983e+00,-9.079394275363679156e+00,-3.729289166892123308e+00,-1.012920987823397212e+01,-2.956709121726128586e+01,-1.160475316670521906e+01,-2.194932866988862230e+01
-2.821886490652863344e+00,-7.644949284508582465e+00,-9.327924844372907032e+00,-3.313781401150894368e+00,-9.530357760578450410e+00,2.781313833556765758e+00,-6.304623183467363390e+00,-2.990857027196411444e+00,-8.546012076768729315e+00,-1.994620675338516058e+00,-8.872039949114000734e+00,-3.613949948796987055e+00,-1.005928339149420481e+01,-2.989766696532015544e+01,-1.149466532883106318e+01,-2.193386180588251833e+01
-3.043056291563381421e+00,-7.720035644697047061e+00,-9.179636385516388941e+00,-3.224555239341682977e+00,-9.480872183162681210e+00,2.952254835991947601e+00,-5.936633187755901098e+00,-3.132895334076038374e+00,-8.560655709550861303e+00,-1.888550095829208963e+00,-8.637875874461515835e+00,-3.473732964444027793e+00,-9.977759639918518886e+00,-3.022237381277657775e+01,-1.139619796912744576e+01,-2.185633981891249888e+01
-3.197238758114503199e+00,-7.677895921580947913e+00,-8.953001827960978432e+00,-3.089719264441669111e+00,-9.358040093081898547e+00,3.175856961845582305e+00,-5.548673384768189720e+00,-3.212281708005236602e+00,-8.521820759792646527e+00,-1.745681732090289540e+00,-8.387749153630217336e+00,-3.316485465519049214e+00,-9.887631800636510704e+00,-3.053042862722712059e+01,-1.131152262063609193e+01,-2.172206364120465594e+01
-3.283934765650856846e+00,-7.518955139442077495e+00,-8.659187915668324464e+00,-2.918710752789646534e+00,-9.175016481480897212e+00,3.451176149064755450e+00,-5.158120275521662634e+00,-3.237453639344020306e+00,-8.432546186807629240e+00,-1.570910650908230011e+00,-8.133238417180878699e+00,-3.151306169054339357e+00,-9.793027855744083965e+00,-3.081201187709005040e+01,-1.124299580988468961e+01,-2.153897115965083486e+01
-3.305449929567942036e+00,-7.249209962006528229e+00,-8.312811360869050148e+00,-2.722579879776892753e+00,-8.947354432272067726e+00,3.773343374183914634e+00,-4.782378776388204855e+00,-3.219907568915593377e+00,-8.299428977879495406e+00,-1.371907450059363320e+00,-7.886413537427223730e+00,-2.988265066830678052e+00,-9.699088881364250625e+00,-3.105909059895115121e+01,-1.119346404555787799e+01,-2.131747715134132903e+01
-3.266751307019353234e+00,-6.880010198403647692e+00,-7.931047582446858257e+00,-2.513499959390651739e+00,-8.691896626606855136e+00,4.133838221317459372e+00,-4.438081078976011895e+00,-3.173394531827634868e+00,-8.132180084369100115e+00,-1.158859275105883935e+00,-7.659237629031311556e+00,-2.837900523691780919e+00,-9.611516665100740653e+00,-3.126562768129409520e+01,-1.116620732774052627e+01,-2.106974802585606810e+01
-3.175267970166684606e+00,-6.427587013301652163e+00,-7.532754861766257193e+00,-2.304283324879556005e+00,-8.425780202965752252e+00,4.520838509939562044e+00,-4.140486880430155558e+00,-3.113114345527485227e+00,-7.943106970451285775e+00,-9.441499607148213791e-01,-7.463149180334981203e+00,-2.710819886709889381e+00,-9.536190728825516771e+00,-3.142750692087087572e+01,-1.116498325958032289e+01,-2.080891992507847021e+01
-3.040440094876979416e+00,-5.912199088045881012e+00,-7.137345676581260179e+00,-2.107724264452320639e+00,-8.165359011461315930e+00,4.919929146835936962e+00,-3.902741231040492309e+00,-3.054677941644045713e+00,-7.746320346399460988e+00,-7.417343816777348664e-01,-7.308525707910259683e+00,-2.617139939706571106e+00,-9.478667538189210262e+00,-3.154260675704785655e+01,-1.119391549451946233e+01,-2.054832224347790515e+01
-2.873263709746945338e+00,-5.357107165439825458e+00,-6.763840214801042805e+00,-1.936037973018732927e+00,-7.925286655632318933e+00,5.314847336312039872e+00,-3.735377064861460816e+00,-3.013102637141039430e+00,-7.556907269531512483e+00,-5.665458909870548787e-01,-7.204307300880875786e+00,-2.566037531664630222e+00,-9.443848815731190172e+00,-3.161082574274470502e+01,-1.125751911873791045e+01,-2.030093907341843362e+01
-2.685597672431699223e+00,-4.787227494302532804e+00,-6.429676452491563055e+00,-1.800158077302572934e+00,-7.717568628565135924e+00,5.688602353388226618e+00,-3.645656459577307551e+00,-3.001709541704360440e+00,-7.389864444258558152e+00,-4.335154235416780466e-01,-7.157447447521747108e+00,-2.565099795088015000e+00,-9.435487045276362394e+00,-3.163399230642143323e+01,-1.136029634852946479e+01,-2.007862882009925087e+01
-2.489541185960136627e+00,-4.227779132439300369e+00,-6.149857296179299659e+00,-1.709184891445595156e+00,-7.550977398166578425e+00,6.024488315228918367e+00,-3.637285738772707333e+00,-3.031302434921532729e+00,-7.259180582544825455e+00,-3.567369588222408794e-01,-7.172609369779703314e+00,-2.619965625143343857e+00,-9.455895353603066766e+00,-3.161578268333116881e+01,-1.150661021061619138e+01,-1.989162707782661599e+01
-2.296822269287884577e+00,-3.702906364276572049e+00,-5.936189542162679800e+00,-1.669926042853649761e+00,-7.430655113956960101e+00,6.307150217859147645e+00,-3.710089441791481590e+00,-3.109390631643909941e+00,-7.176923006204740219e+00,-3.485023908366926548e-01,-7.251926411947867912e+00,-2.733849095813165597e+00,-9.505731380290033172e+00,-3.156202925781522595e+01,-1.170036166323515658e+01,-1.974836582417951902e+01
-2.118169481102769591e+00,-3.234365674984861272e+00,-5.796699980638635452e+00,-1.686535833186302291e+00,-7.357943235828424022e+00,6.523559189742950792e+00,-3.860017384018256337e+00,-3.239726795338796261e+00,-7.152436950170365293e+00,-4.184890146354351970e-01,-7.394824533102513087e+00,-2.907320265936491843e+00,-9.583889835582686700e+00,-3.148043173562623309e+01,-1.194462535926470537e+01,-1.965510066108595666e+01
-1.962758870554133672e+00,-2.840293864255114542e+00,-5.735257875657605808e+00,-1.760218886930905668e+00,-7.330429605594628306e+00,6.663979174828279284e+00,-4.079204821288481497e+00,-3.421940478684280862e+00,-7.191582855731814661e+00,-5.728824351588048813e-01,-7.597925142808819032e+00,-3.138054758007370992e+00,-9.687425918498011157e+00,-3.138042513896149188e+01,-1.224119643357270348e+01,-1.961572958599142424e+01
-1.837789838701559653e+00,-2.534274505469710448e+00,-5.751542349113493380e+00,-1.889175753854568818e+00,-7.342279539690272472e+00,6.722728848600807439e+00,-4.356407620165693828e+00,-3.651649502758449017e+00,-7.296325900554035293e+00,-8.138994533422772015e-01,-7.855130084091165088e+00,-3.420897482136442846e+00,-9.811722194448110557e+00,-3.127257011942163700e+01,-1.259034057410115182e+01,-1.963160852892910668e+01
-1.748154478185783844e+00,-2.324639991170262654e+00,-5.841056665915181689e+00,-2.068646488104402437e+00,-7.384799425443699938e+00,6.698710247598937073e+00,-4.677431008089494746e+00,-3.920682079262556297e+00,-7.464409435545760196e+00,-1.139218054642005651e+00,-8.157699968797675893e+00,-3.747885034804695259e+00,-9.950650949820470714e+00,-3.116810952413524305e+01,-1.299035239615418291e+01,-1.970157633937167319e+01
-1.696227163860199560e+00,-2.214112750760129700e+00,-5.995558192812818099e+00,-2.291112368160415969e+00,-7.447093218018110861e+00,6.595749376105299433e+00,-5.025880425768936455e+00,-4.217657552701519208e+00,-7.689314118780020912e+00,-1.541906267594144175e+00,-8.494543504222564323e+00,-4.108592223517395503e+00,-1.009683350244088196e+01,-3.107762512249362530e+01,-1.343724724604972032e+01,-1.982166466392293103e+01
-1.681863420615845151e+00,-2.199790076373417058e+00,-6.203598635690200425e+00,-2.546706626332312595e+00,-7.516917070002444135e+00,6.422485413329585668e+00,-5.383955685005077818e+00,-4.528775340835208496e+00,-7.960539806955591047e+00,-2.010509421404312214e+00,-8.852634006147290791e+00,-4.490510413817886182e+00,-1.024211565478134034e+01,-3.101038540496249851e+01,-1.392469521442675173e+01,-1.998538832178034852e+01
-1.702560737168075544e+00,-2.273468940060247689e+00,-6.451354958619262447e+00,-2.823753847743372347e+00,-7.581624984613203111e+00,6.192045930460974290e+00,-5.733371716325139644e+00,-4.838805625758256568e+00,-8.264125068277085262e+00,-2.529467020271602529e+00,-9.217504363444160020e+00,-4.879636677416277379e+00,-1.037804730576818457e+01,-3.097336141635459938e+01,-1.444403885635521689e+01,-2.018389617109345124e+01
-1.753757761073793997e+00,-2.422382363870632105e+00,-6.723561316729246506e+00,-3.109466018787598429e+00,-7.629147549724834221e+00,5.921404933444861740e+00,-6.056188806970140170e+00,-5.132154887929115894e+00,-8.583444459912451308e+00,-3.079673742394458014e+00,-9.573860063511027363e+00,-5.261051863117501171e+00,-1.049642600930978809e+01,-3.097105566156549017e+01,-1.498450177868799393e+01,-2.040660824800876938e+01
-1.829195011346555155e+00,-2.630050297915561330e+00,-7.004436863324000839e+00,-3.390636447313164936e+00,-7.648849184694213044e+00,5.630540673767271187e+00,-6.335705385499720066e+00,-5.393939971727657934e+00,-8.900087822631901346e+00,-3.639356798643283764e+00,-9.906213685785560941e+00,-5.619586262062432169e+00,-1.058973063228659939e+01,-3.100476811428222845e+01,-1.553347587739850688e+01,-2.064147804084643312e+01
-1.921483991113098533e+00,-2.877493746711105693e+00,-7.278778447423529308e+00,-3.654462140654429092e+00,-7.632396831172367335e+00,5.341248114208131170e+00,-6.557159983450516094e+00,-5.611098617767664720e+00,-9.195066623190935928e+00,-4.185048844353378428e+00,-1.019961371673747053e+01,-5.940480874399641564e+00,-1.065171067371083069e+01,-3.107323138027202347e+01,-1.607710474549205060e+01,-2.087604872175944593e+01
-2.022564351637570201e+00,-3.144492851762572094e+00,-7.532815081801178536e+00,-3.889261377253570018e+00,-7.574268452661945261e+00,5.075969244025436922e+00,-6.708399889734570465e+00,-5.773244689566881860e+00,-9.449861228184735396e+00,-4.692744099306214167e+00,-1.044029984488170726e+01,-6.210057773499630507e+00,-1.067769227590580527e+01,-3.117258416819703370e+01,-1.660083776663584842e+01,-2.109792741681659578e+01
-2.124307213599065047e+00,-3.410942271209584931e+00,-7.755043400807016596e+00,-4.085176828130683724e+00,-7.472185956023569275e+00,4.856491283307681428e+00,-6.780339568178783693e+00,-5.873376823035309613e+00,-9.647585530141101984e+00,-5.139013567354999701e+00,-1.061631933897732516e+01,-6.416277491970129532e+00,-1.066488956128317867e+01,-3.129716376128654431e+01,-1.709012591278134607e+01,-2.129566596889850416e+01
-2.218865727060395976e+00,-3.658031017842972688e+00,-7.936667955601261149e+00,-4.234615717058581197e+00,-7.327147643609085215e+00,4.702804510979147423e+00,-6.767325516320306988e+00,-5.908335489308674582e+00,-9.773869803720661054e+00,-5.502181965444881584e+00,-1.071801649487482955e+01,-6.549262478239500140e+00,-1.061241244764570624e+01,-3.143947394092520753e+01,-1.753105318824783510e+01,-2.145893423108374165e+01
-2.299111099153979154e+00,-3.869414004245006922e+00,-8.072046828437592580e+00,-4.332644866004481621e+00,-7.143304159277082732e+00,4.631981380397476755e+00,-6.667188976728943395e+00,-5.878936434762646712e+00,-9.817661514017574476e+00,-5.763322224627703605e+00,-1.073841236745213124e+01,-6.601608595193448892e+00,-1.052127680645920726e+01,-3.159117157642409524e+01,-1.791103084755526709e+01,-2.157926188333846795e+01
-2.358879636840069516e+00,-4.032086282254689458e+00,-8.158618171692891607e+00,-4.377099413387057325e+00,-6.927500865772053373e+00,4.657360396012494519e+00,-6.481272326256782179e+00,-5.789801457733973145e+00,-9.771687991641798021e+00,-5.907204146177694071e+00,-1.067338971208469722e+01,-6.568697601687325971e+00,-1.039408178154404006e+01,-3.174279171583312120e+01,-1.821925819317245043e+01,-2.164979861973944253e+01
-2.393177340936694542e+00,-4.137054581671151254e+00,-8.196881672289375587e+00,-4.368590160000907829e+00,-6.688750125481104369e+00,4.787716746543308588e+00,-6.214255572337590294e+00,-5.649035155664991592e+00,-9.632891731963061588e+00,-5.923064808240764201e+00,-1.052189108530128436e+01,-6.448845302484337516e+00,-1.023480615173309616e+01,-3.188443388409313428e+01,-1.844736408234355807e+01,-2.166574320207640270e+01
-2.398218501232444844e+00,-4.179710178987585678e+00,-8.189961670657238457e+00,-4.310276368404459824e+00,-6.437431955639087988e+00,5.026912259402635641e+00,-5.873776273226409828e+00,-5.467492473104298867e+00,-9.402384381617341802e+00,-5.805139926599387046e+00,-1.028581901742389704e+01,-6.243306490737772663e+00,-1.004831651633513445e+01,-3.200570355051900151e+01,-1.858971142879700977e+01,-2.162409540865712643e+01
-2.371480045309791507e+00,-4.159868652531761413e+00,-8.143211255235524249e+00,-4.207581344121454237e+00,-6.184563184012932702e+00,5.373623903976053384e+00,-5.469865657543723003e+00,-5.257979200838166278e+00,-9.085437875225760962e+00,-5.552925755419209075e+00,-9.969985147481493115e+00,-5.956164296401857072e+00,-9.840033309699485642e+00,-3.209680189625636615e+01,-1.864382497771993030e+01,-2.152406093980240342e+01
-2.311508450395733050e+00,-4.081502446646606330e+00,-8.063484141436013886e+00,-4.067594697574129725e+00,-5.940851024220983767e+00,5.821549478324094196e+00,-5.014360172002271909e+00,-5.034185490208543001e+00,-8.690943350918004739e+00,-5.171158393779563767e+00,-9.581719758248254948e+00,-5.594047137849020856e+00,-9.615303407194343066e+00,-3.214843641355086845e+01,-1.861033822607490507e+01,-2.136658846406355750e+01
-2.217868963798328874e+00,-3.952233695834916460e+00,-7.958642424952572014e+00,-3.898623722809560377e+00,-5.716010678664194877e+00,6.359592655696388874e+00,-4.520156660471855048e+00,-4.809749930562126963e+00,-8.231019289554870610e+00,-4.669602564519968801e+00,-9.130666697252015851e+00,-5.165836904662496565e+00,-9.379153888085852486e+00,-3.215308736271769874e+01,-1.849315734028368396e+01,-2.115481308804226046e+01
-2.090872363229300035e+00,-3.782554359127736188e+00,-7.836725303368551110e+00,-3.709462698983838624e+00,-5.517966699279607923e+00,6.972593546392635844e+00,-4.000487155490581870e+00,-4.597190641830264823e+00,-7.720211614458556859e+00,-4.062530116828371618e+00,-8.628220505258818562e+00,-4.682193092042354898e+00,-9.135787615098927006e+00,-3.210536826219861695e+01,-1.829911747830528057e+01,-2.089374099935730200e+01
-1.931487417353297875e+00,-3.584990859296016907e+00,-7.705458859378321534e+00,-3.508884671444747916e+00,-5.352431925465472418e+00,7.641921275912332945e+00,-3.468271765215439117e+00,-4.407104016909189070e+00,-7.174847146956864208e+00,-3.368110974083084130e+00,-8.087190435122208143e+00,-4.155222171607946713e+00,-8.888466099335362358e+00,-3.200296310439861713e+01,-1.803779706300608154e+01,-2.059047540582404423e+01
-1.740962457953264986e+00,-3.372965720329617945e+00,-7.571440725249632742e+00,-3.304829985859742525e+00,-5.222325499266676552e+00,8.346680185572743937e+00,-2.935512121650165618e+00,-4.247324663202159734e+00,-6.611943704324199977e+00,-2.607461821298136417e+00,-7.521128300741070305e+00,-3.597923080989946953e+00,-8.639182040277251673e+00,-3.184630323062603097e+01,-1.772076770270802726e+01,-2.025354148006884714e+01
-1.520761815286556518e+00,-3.159775426549384036e+00,-7.439869778377142140e+00,-3.103973862247753956e+00,-5.127751722356454600e+00,9.064618091133290534e+00,-2.412770289719614603e+00,-4.122487881236679641e+00,-6.048524012804053385e+00,-1.803755623626795757e+00,-6.943922959230108383e+00,-3.023785423663591487e+00,-8.388745108303641729e+00,-3.163922219967022897e+01,-1.736119181101808451e+01,-1.989303965413882480e+01
-1.272249749505464322e+00,-2.957536440265823074e+00,-7.313967021250527445e+00,-2.911159079108170289e+00,-5.065853555281752740e+00,9.773452491381807050e+00,-1.908867220075009641e+00,-4.033704843247055472e+00,-5.500578063480006108e+00,-9.811368013046926073e-01,-6.369148169167921480e+00,-2.446295586898313168e+00,-8.136762285604248746e+00,-3.138804255465404225e+01,-1.697288645592766798e+01,-1.951978584065136246e+01
-9.966597153134306719e-01,-2.776276979904581665e+00,-7.194918477850793970e+00,-2.729054287778390986e+00,-5.031126444891902416e+00,1.045191068913409893e+01,-1.430729691453138663e+00,-3.978670615729979154e+00,-4.982412260544530014e+00,-1.637369824670402707e-01,-5.809642889277120581e+00,-1.878619649095595090e+00,-7.881922958969077797e+00,-3.110119317647417958e+01,-1.656968907440830563e+01,-1.914504462495293069e+01
-6.949494834320377734e-01,-2.623177010447616198e+00,-7.081705551078543159e+00,-2.557935139157121895e+00,-5.015754953323853016e+00,1.108088275647557097e+01,-9.832910601999023115e-01,-3.951932919053503745e+00,-4.505968138462957739e+00,6.253420916024303722e-01,-5.277075499604353404e+00,-1.333253376151398051e+00,-7.622289135110472458e+00,-3.078824613478194294e+01,-1.616467301988342697e+01,-1.877988143774037866e+01
-3.679983714623364932e-01,-2.502147182131102987e+00,-6.971535993870428882e+00,-2.395838611536404983e+00,-5.010405221188269920e+00,1.164407018935892602e+01,-5.696066094122720358e-01,-3.945645657687943952e+00,-4.080594042860896664e+00,1.364833046565784969e+00,-4.781749771451145214e+00,-8.218235275827718844e-01,-7.355941099090186341e+00,-3.045976490776006074e+01,-1.576973929582456435e+01,-1.843519811519396256e+01
-1.654530382518126785e-02,-2.413506927275733460e+00,-6.859951866124041508e+00,-2.238601170174843169e+00,-5.004771457280785540e+00,1.212886971662046776e+01,-1.909933295601735637e-01,-3.950175141534115753e+00,-3.712726476571115874e+00,2.036084098534232556e+00,-4.332307121195184685e+00,-3.547942996034301189e-01,-7.081278159377224490e+00,-3.012623661575054967e+01,-1.539492301179010880e+01,-1.812104213050874080e+01
3.585699881281243506e-01,-2.354051707643995073e+00,-6.741502325062908696e+00,-2.080313224647161618e+00,-4.988506268080543649e+00,1.252669716218750651e+01,1.527288611430606124e-01,-3.955132495757332833e+00,-3.405942272636434787e+00,2.623685979611297459e+00,-3.935678311225340842e+00,5.866551727555302520e-02,-6.797726812078879632e+00,-2.979808624065392664e+01,-1.504821772113681000e+01,-1.784679802693017692e+01
7.562459179883722626e-01,-2.317340812084231594e+00,-6.610201189711585990e+00,-1.913760857992258479e+00,-4.951972885073391950e+00,1.283325235535788522e+01,4.630103390050184231e-01,-3.950361417229478977e+00,-3.161164933844169411e+00,3.115899530872897394e+00,-3.597029189441361297e+00,4.108626388895442183e-01,-6.506143083210655931e+00,-2.948534963581671775e+01,-1.473528501287950476e+01,-1.762090385698143535e+01
1.174906458807414289e+00,-2.294260988281964231e+00,-6.460192811950255631e+00,-1.731051666348875528e+00,-4.886996144859566016e+00,1.304849144495592128e+01,7.422442728065004047e-01,-3.926954185860185742e+00,-2.977018105141562287e+00,3.504910193107187322e+00,-3.319857003212595359e+00,6.956475188017852140e-01,-6.209271589145377135e+00,-2.919767678669578359e+01,-1.445954992504471193e+01,-1.745092217213169761e+01
1.612464586948644918e+00,-2.273637900009569002e+00,-6.286113079434611173e+00,-1.524106439855398065e+00,-4.787340994703619401e+00,1.317654337351908111e+01,9.935310076911711974e-01,-3.878033088108889359e+00,-2.850038193566383882e+00,3.787013811705269184e+00,-3.105934564998889869e+00,9.085890862029635251e-01,-5.911822464249452125e+00,-2.894368789191604918e+01,-1.422205049912609809e+01,-1.734303863608367990e+01
2.066152984250055447e+00,-2.243121691874398138e+00,-6.083712987182162024e+00,-1.285336014158237283e+00,-4.649263403124130889e+00,1.322522313336000011e+01,1.220362945150606393e+00,-3.799559839231018366e+00,-2.775261296674052858e+00,3.962496238861893172e+00,-2.955509956139238170e+00,1.047012009394007404e+00,-5.620617092588251040e+00,-2.873111055968012550e+01,-1.402180286647429952e+01,-1.730213167378757078e+01
2.532575687152219590e+00,-2.190029468617221475e+00,-5.850055000042877040e+00,-1.008131384752554816e+00,-4.471591800689912688e+00,1.320563315797351045e+01,1.426429112180523262e+00,-3.690706269091405645e+00,-2.746502663404660538e+00,4.035527303691146983e+00,-2.867277053001794584e+00,1.110116831473805021e+00,-5.344348080331052131e+00,-2.856619156844974228e+01,-1.385594733980599358e+01,-1.733130669338668284e+01
3.007751506392070784e+00,-2.102262863115752722e+00,-5.583773766496745061e+00,-6.873442830995415420e-01,-4.255831272715251856e+00,1.313145314132563968e+01,1.615340418034678649e+00,-3.554160045334389117e+00,-2.756819158580960050e+00,4.013698350047617325e+00,-2.838566707207341722e+00,1.098937273670081094e+00,-5.093248140665552981e+00,-2.845318199094544909e+01,-1.372016841243982554e+01,-1.743158309472939038e+01
3.487305580963228735e+00,-1.969133571412466921e+00,-5.285047669354224098e+00,-3.195858529637458645e-01,-4.005840251795826923e+00,1.301833808449346463e+01,1.790589543876626166e+00,-3.395964848348060894e+00,-2.798772426399587232e+00,3.907728550624673058e+00,-2.865363907621326867e+00,1.016464273246863836e+00,-4.878513236461170521e+00,-2.839393005152397365e+01,-1.360903213757853081e+01,-1.760156257659856749e+01
3.966600551615745651e+00,-1.782114124189826398e+00,-4.955657444882918483e+00,9.646511493176213037e-02,-3.727608036312293649e+00,1.288303042797980069e+01,1.955448167781012714e+00,-3.225246958737925773e+00,-2.864854618597732383e+00,3.730828066343044647e+00,-2.942502352178385294e+00,8.675807482402291271e-01,-4.711673246524799907e+00,-2.838791419885838963e+01,-1.351656977378569735e+01,-1.783747816268563113e+01
4.440990092206193118e+00,-1.535403617469190074e+00,-4.598741368204350088e+00,5.599546937588915085e-01,-3.428677227989219034e+00,1.274264448427023488e+01,2.113020865477146515e+00,-3.053544830305736202e+00,-2.947634913971466375e+00,3.498234632340989414e+00,-3.063711243834426945e+00,6.590504064464894896e-01,-4.603809464089396286e+00,-2.843219730317714067e+01,-1.343660126216774309e+01,-1.813304001197949233e+01
4.906019938239548850e+00,-1.226371548066463646e+00,-4.218658740784926309e+00,1.067838949911831037e+00,-3.117659151633498382e+00,1.261373128798527432e+01,2.266238878850959537e+00,-2.894102714111428387e+00,-3.040073305403835136e+00,3.226451045617508395e+00,-3.221867344282101087e+00,3.993859369610897048e-01,-4.564846296430575379e+00,-2.852180132337037222e+01,-1.336334767292806092e+01,-1.847972793227441457e+01
5.357699174688305810e+00,-8.557238367538788637e-01,-3.820632054634118369e+00,1.614984324551837602e+00,-2.803555439318713205e+00,1.251160520035573498e+01,2.418056676356508561e+00,-2.760816504272632699e+00,-3.135693060933107290e+00,2.932712809486708760e+00,-3.409100254231030469e+00,9.878181738066382778e-02,-4.602653944170764788e+00,-2.865046484934906701e+01,-1.329171732972972109e+01,-1.886713538418236524e+01
5.792674258190954717e+00,-4.275386612259470809e-01,-3.410456661475209650e+00,2.194403297008499010e+00,-2.495166748251770983e+00,1.244963435880965008e+01,2.571413824500732304e+00,-2.667301167981031007e+00,-3.228663733943616165e+00,2.634270830131446139e+00,-3.617019701666059461e+00,-2.311795832437271159e-01,-4.722427853259524966e+00,-2.881118096007785923e+01,-1.321772281265977789e+01,-1.928338565208166244e+01
6.208518275193352309e+00,5.099971701947136893e-02,-2.993982823115398872e+00,2.797631424514465337e+00,-2.200356554798361230e+00,1.243885835743099477e+01,2.729439444801435855e+00,-2.625716859131596692e+00,-3.313760409733818690e+00,2.347938472775313645e+00,-3.836777435866810748e+00,-5.776866059946681453e-01,-4.925958000299196726e+00,-2.899675285891214571e+01,-1.313849571526308502e+01,-1.971547413374554480e+01
6.603824286816788458e+00,5.700017168755699970e-01,-2.576883657367658564e+00,3.415153867115455988e+00,-1.925631129801242736e+00,1.248747103119937663e+01,2.895266503806494640e+00,-2.645911968915776846e+00,-3.386431694668361914e+00,2.089344041959135367e+00,-4.059357233265341591e+00,-9.271348712218814292e-01,-5.211225036943032407e+00,-2.920028251949373654e+01,-1.305246714553131682e+01,-2.014975525641876430e+01
6.978300881006747503e+00,1.117448563191690170e+00,-2.164217508858164329e+00,4.036838950141691917e+00,-1.675650859955780447e+00,1.260070610322638096e+01,3.072076486963095654e+00,-2.734531647645981778e+00,-3.442738623977700918e+00,1.872525823753027563e+00,-4.275741866963800319e+00,-1.265511958413719107e+00,-5.572131617842925877e+00,-2.941562800316071247e+01,-1.295928648317843646e+01,-2.057246535823071554e+01
7.332838243073490858e+00,1.679897460384068175e+00,-1.760122486817680354e+00,4.652543832787952915e+00,-1.452897702362450971e+00,1.278081366552701681e+01,3.262803594588317146e+00,-2.894404374332850249e+00,-3.479234692139792529e+00,1.709416708140840235e+00,-4.477089286758131337e+00,-1.578911307701064803e+00,-5.998472953129390106e+00,-2.963704679290436061e+01,-1.285958826389270371e+01,-2.096984866402315717e+01
7.669376370226521189e+00,2.243208265258725298e+00,-1.367686399005412667e+00,5.252503609956323594e+00,-1.257629257144397883e+00,1.302710176494439054e+01,3.469986914544096024e+00,-3.124201660140758730e+00,-3.492986080308392971e+00,1.609426460614101106e+00,-4.655015178066204129e+00,-1.854055314062657223e+00,-6.476191273569497753e+00,-2.985946948149921454e+01,-1.275483852229155346e+01,-2.132881134926788746e+01
7.990709336271404339e+00,2.793305391923482262e+00,-9.889154626961929040e-01,5.827749851442121098e+00,-1.087927998324290435e+00,1.333609339377614944e+01,3.695393367941572471e+00,-3.418444231229414321e+00,-3.481597410884342381e+00,1.579072454436953432e+00,-4.801879930754647141e+00,-2.078865743125916765e+00,-6.987938277539601728e+00,-3.007828896274632768e+01,-1.264710659741179555e+01,-2.163731974744500519e+01
8.300180873409079396e+00,3.316871330033049681e+00,-6.247950912465354278e-01,6.370424488685082487e+00,-9.400022829562901805e-01,1.370186519529919167e+01,3.939836567864973382e+00,-3.767678900866461067e+00,-3.443319345137832777e+00,1.621763681446908301e+00,-4.911100452620935641e+00,-2.242988550670592218e+00,-7.513844550691267443e+00,-3.028974773895732397e+01,-1.253882134467757759e+01,-2.188509911169945354e+01
8.601392128817296978e+00,3.802017488293460090e+00,-2.754457444193780802e-01,6.874019568225905985e+00,-8.085402219634030274e-01,1.411641180277539576e+01,4.202845346917181146e+00,-4.159008894989300487e+00,-3.377143658765399792e+00,1.737666868846143853e+00,-4.977415755328561175e+00,-2.338288994422903055e+00,-8.032416970154542923e+00,-3.049067165991298367e+01,-1.243250460025518578e+01,-2.206397490698638819e+01
8.897732888420531339e+00,4.238786641715111436e+00,5.952891753545674902e-02,7.333456788943149007e+00,-6.872613664034847858e-01,1.457006475728276129e+01,4.482567414040982356e+00,-4.576866413456627036e+00,-3.283043254201237104e+00,1.923720796362255570e+00,-4.997191189678098056e+00,-2.359240159341660092e+00,-8.521746574185550926e+00,-3.067924948690399134e+01,-1.233064409364059699e+01,-2.216871003005101315e+01
9.192016095750332738e+00,4.619563434967300708e+00,3.807864735786727906e-01,7.745139008479944742e+00,-5.694076910980072626e-01,1.505195436770364559e+01,4.775557103323101238e+00,-5.003856411784448177e+00,-3.162056866654875620e+00,2.173711470460060191e+00,-4.968638026289367460e+00,-2.303217645298741623e+00,-8.960591117470105615e+00,-3.085487752727715005e+01,-1.223542945081997146e+01,-2.219719564889208385e+01
9.486106062097697134e+00,4.939300891722704812e+00,6.889390853816772520e-01,8.106877192103574714e+00,-4.483258242345673494e-01,1.555054616698077297e+01,5.076830185529534134e+00,-5.421812825190519547e+00,-3.016428458616428721e+00,2.478594111415649337e+00,-4.891947013683624057e+00,-2.170632076369749086e+00,-9.329539664242533448e+00,-3.101860520835532142e+01,-1.214865590351667102e+01,-2.215087671389974133e+01
9.780670893958870238e+00,5.195654335358246279e+00,9.843043894031220375e-01,8.417844436427659005e+00,-3.179493587381241326e-01,1.605427308851652057e+01,5.379830366269688469e+00,-5.812840925287831695e+00,-2.849585394994408105e+00,2.826839257244910364e+00,-4.769296797135639920e+00,-1.964955484168120492e+00,-9.612016038836847187e+00,-3.117257894536748353e+01,-1.207153452373203883e+01,-2.203448016406560228e+01
1.007495856185287053e+01,5.388944129986734666e+00,1.266683253513621210e+00,8.678397190313724252e+00,-1.732339948838603760e-01,1.655207527300698089e+01,5.676739575930963788e+00,-6.160316380893092081e+00,-2.666104610919717288e+00,3.204998232606861119e+00,-4.604796318584276626e+00,-1.692571823344080073e+00,-9.795181770883372607e+00,-3.132027701450538970e+01,-1.200464429586561366e+01,-2.185609042300251303e+01
1.036683116950344541e+01,5.521998534855006469e+00,1.535387110617725703e+00,8.889998286816462425e+00,-1.035927702002670259e-02,1.703405917689661564e+01,5.958695701652955812e+00,-6.449679137970835363e+00,-2.471444833480626713e+00,3.598322822436487822e+00,-4.404242583297936164e+00,-1.362457988006194665e+00,-9.870500818390016917e+00,-3.146528972464523122e+01,-1.194773932483199630e+01,-2.162620846058464252e+01
1.065274222294906536e+01,5.599846153178249963e+00,1.789094776221912930e+00,9.054972966615416397e+00,1.729889187831208375e-01,1.749184960841424541e+01,6.216177805891048180e+00,-6.669270362068785651e+00,-2.271753608152352832e+00,3.991404439455509934e+00,-4.174874978808299275e+00,-9.857948627089760940e-01,-9.834259752576928193e+00,-3.161106547255886312e+01,-1.189989093000713538e+01,-2.135742457226165669e+01
1.092793547571749890e+01,5.629368248343768144e+00,2.025968115984905005e+00,9.176350739970654757e+00,3.775752923905528746e-01,1.791905070128341038e+01,6.439460570894165237e+00,-6.810843454329838842e+00,-2.073515177370094165e+00,4.368889183083473071e+00,-3.925025464360109240e+00,-5.755101846319856662e-01,-9.687686665885566484e+00,-3.175990018849309848e+01,-1.185949128322727120e+01,-2.106344401977960956e+01
1.118669504342281407e+01,5.618825716276548476e+00,2.243730942629163394e+00,9.257654484399607142e+00,6.026131687260036784e-01,1.831149491616399771e+01,6.619303904323500021e+00,-6.869883395882776078e+00,-1.883195068074583034e+00,4.716293194691579593e+00,-3.663714757203361927e+00,-1.455634139159598384e-01,-9.436881187840262086e+00,-3.191297129667558963e+01,-1.182442631840371838e+01,-2.075866385612651044e+01
1.142272885776486113e+01,5.577377809243358797e+00,2.439892876082208950e+00,9.302764168644081622e+00,8.459413214177970985e-01,1.866739805565144295e+01,6.747477096868250257e+00,-6.845660066549515754e+00,-1.706763877347230896e+00,5.020665599141054258e+00,-3.400161676540674804e+00,2.896714199338648044e-01,-9.092377628237137799e+00,-3.206947780049135588e+01,-1.179216715296968054e+01,-2.045706463639918127e+01
1.162947607578213294e+01,5.514507521248365407e+00,2.611794056418448307e+00,9.315604666296582792e+00,1.104119532582222618e+00,1.898719999762889898e+01,6.817414925821633886e+00,-6.741129510080132725e+00,-1.549475196274412880e+00,5.271202725374384279e+00,-3.143468304116607825e+00,7.160106114672819544e-01,-8.668694998674643770e+00,-3.222722774042718896e+01,-1.176015695191823518e+01,-2.017205913336281498e+01
1.180062566104007082e+01,5.439585320947550429e+00,2.756980544673834466e+00,9.300126549368711082e+00,1.372779709542156112e+00,1.927353596045703554e+01,6.824753056425343800e+00,-6.562464242083800414e+00,-1.415342645467884353e+00,5.459855218536012522e+00,-2.902101209649035063e+00,1.120188360938435324e+00,-8.183416319792900850e+00,-3.238239869667607707e+01,-1.172585279961203319e+01,-1.991557968977566517e+01
1.193044591358040307e+01,5.361310224644235234e+00,2.873276344823216810e+00,9.260045161612836750e+00,1.646814253087939939e+00,1.953084990313201885e+01,6.767779132522849572e+00,-6.318641724493773815e+00,-1.306994962104464975e+00,5.581677418810480518e+00,-2.683627545367161638e+00,1.490308097809012189e+00,-7.656428974258131959e+00,-3.253024159570125562e+01,-1.168710826258697111e+01,-1.969794049666944602e+01
1.201429050168000678e+01,5.287346942923899284e+00,2.959146093331675331e+00,9.198855864991653419e+00,1.920801142738182143e+00,1.976507458700589481e+01,6.647633070519537668e+00,-6.020723141305821535e+00,-1.225254145148938711e+00,5.635048520947336215e+00,-2.494322606796860242e+00,1.816326345576189105e+00,-7.108750478289463715e+00,-3.266475313317724272e+01,-1.164221497009954120e+01,-1.952699813202911372e+01
1.204880040491468840e+01,5.223906185599354046e+00,3.013654991758515145e+00,9.119619525252174341e+00,2.189095280401896382e+00,1.998299250926899973e+01,6.468354386942866796e+00,-5.681247829361342205e+00,-1.169207142955107415e+00,5.621630381537066512e+00,-2.339079358431436440e+00,2.090310161960638347e+00,-6.561616054638337303e+00,-3.277961325867712361e+01,-1.159019612368498109e+01,-1.940826777094791211e+01
1.203229717239038443e+01,5.175566491898042187e+00,3.036790144043140849e+00,9.025070770519137753e+00,2.446244545923664582e+00,2.019186362676009949e+01,6.236743853333774013e+00,-5.313435265282492104e+00,-1.136002731316714254e+00,5.546268457074624791e+00,-2.221156073648915097e+00,2.306598703639972658e+00,-6.035339633121992620e+00,-3.286773951036108343e+01,-1.153069220457187605e+01,-1.934418764678898128e+01
1.196484813184750351e+01,5.145019186028981117e+00,3.029377614720546230e+00,8.917502890118552017e+00,2.687004236232641396e+00,2.039878182088509107e+01,5.961921052238965402e+00,-4.930634053451042220e+00,-1.121053770691492701e+00,5.416520313495032823e+00,-2.142282739630767097e+00,2.461756377476930879e+00,-5.548504221152048999e+00,-3.292170057766423952e+01,-1.146421189698046206e+01,-1.933426863328441314e+01
1.184829233131020487e+01,5.132994521262533638e+00,2.993089469185096441e+00,8.798742273901307698e+00,2.906491559866414498e+00,2.061008272747423220e+01,5.654703052125277019e+00,-4.545729932224737091e+00,-1.118351439947313786e+00,5.242043631837761453e+00,-2.102776119066403382e+00,2.554377775459042432e+00,-5.117183387825621210e+00,-3.293372946628703346e+01,-1.139207593890254344e+01,-1.937498826454635292e+01
1.168599139161545786e+01,5.138213288041886706e+00,2.930052387362423350e+00,8.669976901380943346e+00,3.100009686981256785e+00,2.083062766559299916e+01,5.326899534403866987e+00,-4.170797461121171779e+00,-1.121067490754070306e+00,5.033813708484160543e+00,-2.101924182089217830e+00,2.584763692342598951e+00,-4.754554410048812407e+00,-3.289672359827579839e+01,-1.131670117576357271e+01,-1.946051395391626215e+01
1.148261769999824722e+01,5.157451586599863802e+00,2.842733183092359894e+00,8.531784108656557564e+00,3.263052570597141155e+00,2.106337155507512193e+01,4.990442290619395038e+00,-3.816817865168011803e+00,-1.122061790220991284e+00,4.803310690973841446e+00,-2.138258491281558094e+00,2.554544297571635258e+00,-4.470460320902082785e+00,-3.280432776670210160e+01,-1.124144845306481955e+01,-1.958286618013051594e+01
1.124364862942573495e+01,5.185632547042725804e+00,2.733386858483602744e+00,8.383898568172270416e+00,3.390976911523962301e+00,2.130875883063813347e+01,4.656512585363629775e+00,-3.493640494762141557e+00,-1.114781956962255016e+00,4.561520333628452661e+00,-2.210112216269324747e+00,2.466190983533804726e+00,-4.271497825421970873e+00,-3.265224750661175079e+01,-1.117082960842476425e+01,-1.973304175126501292e+01
1.097498868233819280e+01,5.216111345840710456e+00,2.603841395895423183e+00,8.225246309255069832e+00,3.478962998069872192e+00,2.156452020510958079e+01,4.334736567194059198e+00,-3.209891233172509573e+00,-1.093898325246483338e+00,4.318131071081557693e+00,-2.315979847963771654e+00,2.322644198961451245e+00,-4.161017867670448567e+00,-3.243889310646108726e+01,-1.111040067923139851e+01,-1.990161739935995655e+01
1.068236020903594508e+01,5.240878062548768312e+00,2.454993283093691137e+00,8.053796415486456084e+00,3.521771874976783678e+00,2.182539950327462819e+01,4.032407563646866144e+00,-2.973160856225834259e+00,-1.056157867360107083e+00,4.080664964858347510e+00,-2.455048127787980761e+00,2.126833297435708481e+00,-4.139495377564441192e+00,-3.216640719017691197e+01,-1.106677063043807507e+01,-2.007979113239651525e+01
1.037094901939967073e+01,5.250999001975907632e+00,2.286744525326226629e+00,7.866697232675834428e+00,3.513804206563274413e+00,2.208342177275746110e+01,3.753842093016404924e+00,-2.790080148656017389e+00,-1.000844239295756388e+00,3.853907109907630968e+00,-2.627396468294855403e+00,1.881443281230653408e+00,-4.204780514513348777e+00,-3.184081275709515069e+01,-1.104731209573227346e+01,-2.025975284359241613e+01
1.004491173352791300e+01,5.236993954974773047e+00,2.097656028647567616e+00,7.660256232731792458e+00,3.449027856418915849e+00,2.232802227828580399e+01,3.499960717079236616e+00,-2.666533409164853374e+00,-9.303443678972804776e-01,3.639358107429248257e+00,-2.834308870436399452e+00,1.588608982209427811e+00,-4.352630500899057786e+00,-3.147261307900719984e+01,-1.106009564575879089e+01,-2.043551820969515020e+01
9.707198968955159657e+00,5.189394987175038665e+00,1.885156592118180985e+00,7.430229474695807745e+00,3.321307993891439381e+00,2.254675053216060121e+01,3.268151631009159175e+00,-2.607668621599953163e+00,-8.501932496212827317e-01,3.435114498207281208e+00,-3.078232759159154064e+00,1.249923343133011677e+00,-4.577033948587866163e+00,-3.107623805123230198e+01,-1.111343561555928439e+01,-2.060295610774534225e+01
9.359377752939115780e+00,5.099232442249562958e+00,1.645607120594365647e+00,7.172050023006051767e+00,3.124625555077321870e+00,2.272594635149440023e+01,3.052269108140600373e+00,-2.618060574716026156e+00,-7.690425683981274574e-01,3.235895227823955000e+00,-3.362699781747514827e+00,8.664437747333915141e-01,-4.870716357114622141e+00,-3.066941962648447628e+01,-1.121556867145183034e+01,-2.075991708278326797e+01
9.001680271654512566e+00,4.958616040863581986e+00,1.374705549682943673e+00,6.881177314306997417e+00,2.853559500162862417e+00,2.285166979984506241e+01,2.843053304772533707e+00,-2.701593144625866749e+00,-6.982822136090103271e-01,3.033394199939837943e+00,-3.692002363082067973e+00,4.389054126300937497e-01,-5.225447221027147648e+00,-3.027221056575341862e+01,-1.137418192055229227e+01,-2.090604395758567691e+01
8.633089161911502885e+00,4.761229431188018779e+00,1.067768350057666904e+00,6.553421310947923573e+00,2.503688335742107807e+00,2.291051832560104629e+01,2.628759219754750909e+00,-2.861430844679578200e+00,-6.515673299411384178e-01,2.816823532431470323e+00,-4.070863578078050438e+00,-3.200084340068531930e-02,-5.632465549199303645e+00,-2.990627054259152473e+01,-1.159609837303662871e+01,-2.104280566437138589e+01
8.251721918224083296e+00,4.502886773837114553e+00,7.204099036432856096e-01,6.185452325586632938e+00,2.072252781282815093e+00,2.289080573154780751e+01,2.396100221366392446e+00,-3.099684111547460041e+00,-6.438884869935090904e-01,2.573877834505238216e+00,-4.503793740197720830e+00,-5.451219261549726802e-01,-6.082566775920243529e+00,-2.959352749978881647e+01,-1.188670920244910079e+01,-2.117293127448799339e+01
7.855231602910684785e+00,4.181952465865899526e+00,3.290270343385417462e-01,5.775166521474113246e+00,1.558669609299749403e+00,2.278338936238760937e+01,2.131379756947171522e+00,-3.417128562235442146e+00,-6.906335838220298839e-01,2.291691571919552306e+00,-4.994516590375104315e+00,-1.098422836763095933e+00,-6.566308589895390568e+00,-2.935523281019882802e+01,-1.224964746380431890e+01,-2.130016715892180557e+01
7.441330942078488775e+00,3.799675883164193912e+00,-1.085519938618637603e-01,5.322132575385788655e+00,9.650999834589168991e-01,2.258255936517048923e+01,1.821736792937224791e+00,-3.812787414270273345e+00,-8.064922125966980104e-01,1.958034314129571740e+00,-5.545293689708407747e+00,-1.688455688415094524e+00,-7.074062712131299335e+00,-2.921111566512579927e+01,-1.268635181088970043e+01,-2.142891414012911966e+01
7.008343211521657068e+00,3.360425401296103232e+00,-5.925107078151909956e-01,4.827937294827540526e+00,2.969179190445325744e-01,2.228670819637674327e+01,1.456385551585094973e+00,-4.283509770279440687e+00,-1.004285506686652951e+00,1.562492921660148415e+00,-6.156307977724644331e+00,-2.309962033839497941e+00,-7.596023476321507317e+00,-2.917835458102592838e+01,-1.319576821775616793e+01,-2.156373717016093750e+01
6.555910401913990881e+00,2.871826105111269456e+00,-1.120343144426072524e+00,4.296623323220975621e+00,-4.367953299144522461e-01,2.189899840852292812e+01,1.027920583812857558e+00,-4.823494289384224309e+00,-1.293656010411293522e+00,1.097730831219115633e+00,-6.824904363283633479e+00,-2.955420523059649085e+00,-8.121977484196463593e+00,-2.927042223269536336e+01,-1.377386828643318140e+01,-2.170862749702428829e+01
6.085516356457739917e+00,2.344697074501365108e+00,-1.686537006794443183e+00,3.734863787712345840e+00,-1.223184357634728769e+00,2.142751207632808530e+01,5.332272418769665734e-01,-5.424041003427545249e+00,-1.680073541986637942e+00,5.604340919866699355e-01,-7.545206697849945243e+00,-3.614917548893295418e+00,-8.641321399313717677e+00,-2.949618516561014303e+01,-1.441360373482903690e+01,-2.186654095509822682e+01
5.601029892772078078e+00,1.792876880810374995e+00,-2.282171818146080611e+00,3.152170002555449990e+00,-2.045484364953124690e+00,2.088537724896712078e+01,-2.564901348351344978e-02,-6.073256353159050214e+00,-2.163796432589697005e+00,-4.777170932647334389e-02,-8.307655698405039146e+00,-4.276045579868682722e+00,-9.142856447530860464e+00,-2.985889268042894429e+01,-1.510464830347273235e+01,-2.203874023218432754e+01
5.109085357919631143e+00,1.232881168284015283e+00,-2.894788663961044062e+00,2.560916021474869630e+00,-2.883230489170517163e+00,2.029053125055694551e+01,-6.411325117425610287e-01,-6.755986596132852462e+00,-2.739152709709929301e+00,-7.197999984895029346e-01,-9.098866246149531989e+00,-4.924078098801476955e+00,-9.614735925899029922e+00,-3.035497374313194996e+01,-1.583334422520518459e+01,-2.222406408391172405e+01
4.619213492766931495e+00,6.833036648232546639e-01,-3.508578028884928202e+00,1.976091420437551704e+00,-3.712808194755331748e+00,1.966509620427755323e+01,-1.300023249643312617e+00,-7.454036756687109744e+00,-3.394245679904978275e+00,-1.442905708294238920e+00,-9.901756036711816478e+00,-5.542388743884754554e+00,-1.004456706215215078e+01,-3.097365962435816300e+01,-1.658296353075857255e+01,-2.241871803958594001e+01
4.143747366270520871e+00,1.641075146454368250e-01,-4.104862665292642099e+00,1.414907757114489462e+00,-4.508273355354393885e+00,1.903442416978654705e+01,-1.983890899154914234e+00,-8.146640745576902987e+00,-4.111065957769756807e+00,-2.198973722091504879e+00,-1.069600094722820138e+01,-6.113086877011321363e+00,-1.041967184516949452e+01,-3.169676126097094127e+01,-1.733414282041394827e+01,-2.261618184309283919e+01
3.697512638191433165e+00,-3.042153978053866448e-01,-4.662726310447703248e+00,8.962347234668588403e-01,-5.242324429604697578e+00,1.842603928813089098e+01,-2.669665126466404637e+00,-8.811065834037883349e+00,-4.865945571553637272e+00,-2.964982936546637138e+00,-1.145864770402900845e+01,-6.617731998239753999e+00,-1.072734356260841793e+01,-3.249920382378972050e+01,-1.806535766516393693e+01,-2.280737679807876006e+01
3.297294237460511646e+00,-7.015689921421567332e-01,-5.159972656449285822e+00,4.398672702837507220e-01,-5.887546442099804267e+00,1.786819643314771255e+01,-3.330776812461291758e+00,-9.423502093561793913e+00,-5.630486108422923408e+00,-3.713987701669780428e+00,-1.216503075469995920e+01,-7.038232095471014027e+00,-1.095532101096020483e+01,-3.334968291267167473e+01,-1.875368165991985947e+01,-2.298098018395006648e+01
2.960921978197838644e+00,-1.009321203067595096e+00,-5.574380312410629479e+00,6.551669499246048911e-02,-6.417880453976564148e+00,1.738830302519084725e+01,-3.938424291887663742e+00,-9.960201809988923571e+00,-6.372983331608534030e+00,-4.416426774485534779e+00,-1.278998168394264567e+01,-7.357839335419439131e+00,-1.109245821482790539e+01,-3.421268608095833486e+01,-1.937576062022563406e+01,-2.312444388022070285e+01
2.706331475201846803e+00,-1.211337092703052676e+00,-5.884886111732720693e+00,-2.081772628598211883e-01,-6.810044304292765638e+00,1.701144305014960167e+01,-4.463218172904335646e+00,-1.039868424486274634e+01,-7.060000920614813325e+00,-5.041629475228541324e+00,-1.330908415471495587e+01,-7.562187566125995630e+00,-1.112935788018550376e+01,-3.505004295045152674e+01,-1.990881827578010643e+01,-2.322462808929014599e+01
2.550461678126439757e+00,-1.294915290340695968e+00,-6.072892590441153260e+00,-3.646824240973851605e-01,-7.044886105828184419e+00,1.675892702990196526e+01,-4.876809459452323026e+00,-1.071895411581294155e+01,-7.658172666129670070e+00,-5.559429100501985133e+00,-1.369996165065692395e+01,-7.640116404650138193e+00,-1.105902302316804153e+01,-3.582322958734550866e+01,-2.033163697710145712e+01,-2.326886235870917474e+01
2.508100056295788249e+00,-1.251640122112407383e+00,-6.123522095444172031e+00,-3.906171512429568171e-01,-7.108655353139992528e+00,1.664694604263825539e+01,-5.153734828545188051e+00,-1.090476790345773495e+01,-8.136134493210212426e+00,-5.942024737314659966e+00,-1.394363564393067989e+01,-7.584582595712293873e+00,-1.087746208180240259e+01,-3.649513870055733378e+01,-2.062562619836690203e+01,-2.324562295864190276e+01
2.590778315201849313e+00,-1.078083145858771186e+00,-6.026722189771849258e+00,-2.766774660220798765e-01,-6.994083676767253621e+00,1.668556951268324440e+01,-5.273003772547760093e+00,-1.094471597013007802e+01,-8.466424224168424217e+00,-6.165580682314308447e+00,-1.402567247207274548e+01,-7.393211961762081508e+00,-1.058422715995270558e+01,-3.703248210911507954e+01,-2.077578852044193525e+01,-2.314554280558523658e+01
2.805791905533824959e+00,-7.762142150563254850e-01,-5.778047779520766092e+00,-1.836840322137311965e-02,-6.701047590933670861e+00,1.687809728728824155e+01,-5.219665495773548436e+00,-1.083315679083204941e+01,-8.627056235025452935e+00,-6.211802521503448915e+00,-1.393714120259219946e+01,-7.068704914779272208e+00,-1.018274491207906074e+01,-3.740691357673821216e+01,-2.077146444652279555e+01,-2.296169832594164006e+01
3.155336362506354853e+00,-3.536654859862738420e-01,-5.379365499327607658e+00,3.833586230932259920e-01,-6.237061746979296828e+00,1.722059287612423617e+01,-4.985984933834473054e+00,-1.057086271070797423e+01,-8.603114572666049398e+00,-6.069259909420822829e+00,-1.367540354065045349e+01,-6.619016635584171304e+00,-9.680583478501313621e+00,-3.759685252062215710e+01,-2.060714930084644791e+01,-2.269037409876054312e+01
3.635944646470864683e+00,1.764125829571201454e-01,-4.839102232633981870e+00,9.218100396264953256e-01,-5.617206614323771774e+00,1.770198535829177544e+01,-4.572303791110662097e+00,-1.016532205470948469e+01,-8.387798109390706358e+00,-5.734354711471142174e+00,-1.324452837084041690e+01,-6.057138584352198762e+00,-9.089382929495759100e+00,-3.758826913457865260e+01,-2.028295225296102089e+01,-2.233116857387398468e+01
4.238070805928545681e+00,7.956515656595953834e-01,-4.172300981315390622e+00,1.584368756764706454e+00,-4.863835591945743886e+00,1.830443720613331493e+01,-3.987280092053328229e+00,-9.630726067279965719e+00,-7.983203050087445796e+00,-5.211839917004869704e+00,-1.265542989252959494e+01,-5.400661460454101004e+00,-8.424733999720682931e+00,-3.737616606331111058e+01,-1.980497352581219772e+01,-2.188758688160782384e+01
4.946186618755831432e+00,1.481153517844811418e+00,-3.400117936619312609e+00,2.352802915219938562e+00,-4.005747829226914192e+00,1.900418702612400068e+01,-3.247842304095481580e+00,-8.987512409138009417e+00,-7.400476593695966443e+00,-4.514923444294509203e+00,-1.192558899482556889e+01,-4.671044321261475396e+00,-7.705621006051683430e+00,-3.696460107660929140e+01,-1.918526102350286067e+01,-2.136672729083085187e+01
5.739012927897771732e+00,2.206360260452743027e+00,-2.549225421133244573e+00,3.203649236880467654e+00,-3.077119754777695615e+00,1.977254132636479511e+01,-2.378449929454454548e+00,-8.261573199353087205e+00,-6.659625010170659110e+00,-3.664861563020166191e+00,-1.107850239443120977e+01,-3.892656141268502790e+00,-6.953861488868694707e+00,-3.636754507305357720e+01,-1.844173234499604419e+01,-2.077961698856670836e+01
6.590236022865397558e+00,2.942180687088360891e+00,-1.650663143769480978e+00,4.109046634866941439e+00,-2.115961984192032741e+00,2.057733280937266329e+01,-1.410042408323819885e+00,-7.483079136613012494e+00,-5.788683175555435767e+00,-2.690114508761173973e+00,-1.014268031119913083e+01,-3.091606843052850717e+00,-6.193149010240236230e+00,-3.560835650355976867e+01,-1.759759889491931517e+01,-2.014070371944379190e+01
7.469433306491428226e+00,3.658261228313957059e+00,-7.385712384027200983e-01,5.037716944123360463e+00,-1.162469322027360974e+00,2.138446999557713823e+01,-3.784737216404243654e-01,-6.685092520699170038e+00,-4.822536036836368112e+00,-1.625072442636308345e+00,-9.150522802448653792e+00,-2.294553562372974476e+00,-5.448139693725039479e+00,-3.471944957434295986e+01,-1.668070106659808971e+01,-1.946762842128516269e+01
8.343493764669336343e+00,4.324480224312637233e+00,1.515696831012567358e-01,5.956371121457328499e+00,-2.569587057513356143e-01,2.215981310376733759e+01,6.772172660782898035e-01,-5.901792652559907815e+00,-3.800994379292297776e+00,-5.083922437530126182e-01,-8.136664446717622567e+00,-1.527322366278444310e+00,-4.743092111375800002e+00,-3.374033349060849218e+01,-1.572225603919777548e+01,-1.878002392947664134e+01
9.178027327446759642e+00,4.912357758348013803e+00,9.844830144581204756e-01,6.831086446502004250e+00,5.619763765764620445e-01,2.287085392665982653e+01,1.716895908512526603e+00,-5.166792000811708974e+00,-2.766902018593265566e+00,6.189001260193744969e-01,-7.136467750633818774e+00,-8.137469472214871047e-01,-4.100836796618883007e+00,-3.271635793287801874e+01,-1.475581109928383050e+01,-1.809905120264077993e+01
9.939098392037978513e+00,5.396513454845925040e+00,1.727047623002650578e+00,7.628917245922982815e+00,1.259552150931559922e+00,2.348853842479114107e+01,2.701265503017926228e+00,-4.511310221676484211e+00,-1.763705274285894298e+00,1.715435121953903685e+00,-6.184227324807562098e+00,-1.745741169083565580e-01,-3.541519637459404457e+00,-3.169567063044480903e+01,-1.381565173436565352e+01,-1.744589203650276943e+01
1.059485816888808962e+01,5.755908038534135684e+00,2.349884007157593935e+00,8.319391515758137956e+00,1.806407655021260883e+00,2.398866056447096184e+01,3.593880376285660816e+00,-3.962594020119923677e+00,-8.332512100475364392e-01,2.741471185143830258e+00,-5.311630187727722330e+00,3.733834205299695341e-01,-3.081669614092491294e+00,-3.072683270782955489e+01,-1.293553386068838051e+01,-1.684090364813964413e+01
1.111721676055803698e+01,5.974977194607793862e+00,2.828930348754662205e+00,8.876019487083299353e+00,2.180209735213342270e+00,2.435320249319683583e+01,4.362914865008451493e+00,-3.542405207684507396e+00,-1.346275843094346669e-02,3.660899924089997981e+00,-4.546223937092110035e+00,8.178454855334749141e-01,-2.733304996428193689e+00,-2.985568783188934461e+01,-1.214708354385077982e+01,-1.630237520330078027e+01
1.148327334733318850e+01,6.044415507277062005e+00,3.146575550866373305e+00,9.277530766654475514e+00,2.366632387557202843e+00,2.457111387847682238e+01,4.982830595648167993e+00,-3.265980246325141945e+00,6.635941648724577036e-01,4.442978124595871492e+00,-3.910220345574295209e+00,1.151448315590241300e+00,-2.503489180208887888e+00,-2.912330450237013579e+01,-1.147858895997709539e+01,-1.584603910725481768e+01
1.167661724881656404e+01,5.961744139153744904e+00,3.292675172044427612e+00,9.508996859783261257e+00,2.360162350328274261e+00,2.463888310886302691e+01,5.435497639174275974e+00,-3.141219850287433779e+00,1.173455129950524700e+00,5.063754543855818469e+00,-3.419484030971745803e+00,1.371775617742317266e+00,-2.393935486665627721e+00,-2.856320327104874579e+01,-1.095367354761190981e+01,-1.548404215355276570e+01
1.168811526240491361e+01,5.731425010183881952e+00,3.264837785859385111e+00,9.562430592801536733e+00,2.164127496947898077e+00,2.456038655036825702e+01,5.710982644409397402e+00,-3.168450143294001986e+00,1.500302090938387956e+00,5.507080928936492370e+00,-3.083122607793677972e+00,1.481057864552868253e+00,-2.401236702641712739e+00,-2.820020656734414999e+01,-1.059052737537402678e+01,-1.522502115535163725e+01
1.151648272313595456e+01,5.364634572213026864e+00,3.068566521393792712e+00,9.437245503913871403e+00,1.790502466199753506e+00,2.434658087418922534e+01,5.807927523475946430e+00,-3.340554405096894719e+00,1.637689338896660018e+00,5.765215470388413976e+00,-2.903240401232844548e+00,1.485663695755327751e+00,-2.517174580763209768e+00,-2.804912488697576833e+01,-1.040109813288173157e+01,-1.507383866628702407e+01
1.116834303258597316e+01,4.878690391882953392e+00,2.716784502875596807e+00,9.140179426372597504e+00,1.259054970813900276e+00,2.401461442569049964e+01,5.733318149148574960e+00,-3.643550479447101864e+00,1.588542563161968957e+00,5.838934541402778677e+00,-2.875259676285800481e+00,1.395340990481326315e+00,-2.729489706820743322e+00,-2.811448902703397223e+01,-1.039077673131927249e+01,-1.503189999625104711e+01
1.065810664154549947e+01,4.296254634326581723e+00,2.229277732958843128e+00,8.685092494994300694e+00,5.963971600373731974e-01,2.358686786780357281e+01,5.501890669974311976e+00,-4.057463599958582634e+00,1.364939974915859722e+00,5.737251883295478194e+00,-2.988312434642513615e+00,1.222362014318580492e+00,-3.022559712047472757e+00,-2.838992753591941209e+01,-1.055808596986299897e+01,-1.509700022908166517e+01
1.000713769039828094e+01,3.644124979845037249e+00,1.631441641066294856e+00,8.092165075290234100e+00,-1.656765956943315743e-01,2.308942322884896470e+01,5.135006546989910881e+00,-4.557734977003311982e+00,9.869543857477349746e-01,5.476578414534205130e+00,-3.226302053537173364e+00,9.804902243277622276e-01,-3.378662867287225424e+00,-2.885921795180193428e+01,-1.089507292246006287e+01,-1.526412598114789709e+01
9.242907154360036515e+00,2.951961179571513494e+00,9.531416402577832514e-01,7.387036866117377087e+00,-9.917130426161366863e-01,2.255078777817888636e+01,4.659317759379001167e+00,-5.116601761775036117e+00,4.815181951593459075e-01,5.079673388167361026e+00,-3.568851723746634619e+00,6.840263087578106749e-01,-3.778939033139658399e+00,-2.949654894935639859e+01,-1.138752801673037673e+01,-1.552544848541882949e+01
8.397631166960849214e+00,2.250798238752539149e+00,2.271177975267759663e-01,6.599553413863056051e+00,-1.844549349744862621e+00,2.200017377656295281e+01,4.105012311809474568e+00,-5.704846567304518778e+00,-1.193502262139487513e-01,4.574105248356504561e+00,-3.992688170018401372e+00,3.468135895341148967e-01,-4.204668089762744643e+00,-3.026787003047031277e+01,-1.201578717851575284e+01,-1.587098191266938230e+01
7.506802590647646767e+00,1.571563538764176204e+00,-5.125533619689415232e-01,5.762394814567631585e+00,-2.687091007349989624e+00,2.146609259168362271e+01,3.504081009906727218e+00,-6.293399258780279837e+00,-7.804704172735661416e-01,3.990676409174068517e+00,-4.472940460407554220e+00,-1.852516215172528291e-02,-4.638263943814488144e+00,-3.113229141720410809e+01,-1.275559199247250142e+01,-1.628892571380784915e+01
6.607364641881682488e+00,9.435040183550664761e-01,-1.232318732836123143e+00,4.909391724160646397e+00,-3.484332722827395479e+00,2.097463154310615607e+01,2.888399467389524133e+00,-6.855083686995095960e+00,-1.465740327913725771e+00,3.361556542769794209e+00,-4.984729409076162021e+00,-4.013418070917724734e-01,-5.064505081617459936e+00,-3.204463466297298879e+01,-1.357942267703043271e+01,-1.676667235041315607e+01
5.736060385533441774e+00,3.928953312196634129e-01,-1.900562004434756869e+00,4.074034927174443155e+00,-4.204887532166152297e+00,2.054836608709540613e+01,2.288122534595795621e+00,-7.365956325031993934e+00,-2.140139869469299683e+00,2.718609770574443640e+00,-5.504377887030609706e+00,-7.933122445039622050e-01,-5.471171508715009679e+00,-3.295748699861142228e+01,-1.445760385618400257e+01,-1.729112248003927377e+01
4.927627903656993880e+00,-5.822353823724374378e-02,-2.489237619121825063e+00,3.287845656546022344e+00,-4.822525044334740940e+00,2.020514729578750845e+01,1.730119929294827941e+00,-7.806575653132809656e+00,-2.771852649463755647e+00,2.091662495111471287e+00,-6.010734261769059117e+00,-1.188637979190344751e+00,-5.849761169841221964e+00,-3.382416565380693640e+01,-1.535982918617081516e+01,-1.784964727599529510e+01
4.213224624270957008e+00,-3.929668405180865021e-01,-2.975029808688604227e+00,2.578957980296844532e+00,-5.317189832207040112e+00,1.995742254852432040e+01,1.236853160770101212e+00,-8.162786710540384405e+00,-3.333999707744468743e+00,1.507132748839305592e+00,-6.486083405728443552e+00,-1.583931978357450809e+00,-6.195737318184018960e+00,-3.460153100122265357e+01,-1.625637704185640331e+01,-1.843061857127967329e+01
3.618974626998781918e+00,-6.002788039987394519e-01,-3.340369061621913715e+00,1.970850481290091993e+00,-5.675787303771245185e+00,1.981176605068158736e+01,8.254516459766900738e-01,-8.426273746335379400e+00,-3.806078052785667687e+00,9.868184823062899902e-01,-6.916940434766842394e+00,-1.977977896547795211e+00,-6.508617453182187873e+00,-3.525257507126841006e+01,-1.711952378292497912e+01,-1.902404192889883205e+01
3.164966913640520740e+00,-6.752337826048624425e-01,-3.573897067972363839e+00,1.481466672477062207e+00,-5.892354136586462232e+00,1.976892266636548356e+01,5.072563301198478314e-01,-8.594577839563871891e+00,-4.174834074993361455e+00,5.471468499678482367e-01,-7.294341830887902667e+00,-2.371195718616473158e+00,-6.791558834619069174e+00,-3.574839204112851121e+01,-1.792446263281620134e+01,-1.962158147390715968e+01
2.864439649136719002e+00,-6.190373392580081902e-01,-3.670794407726435171e+00,1.122534385153416858e+00,-5.967972893741751328e+00,1.982403358032212282e+01,2.876607025649775551e-01,-8.670818257891363956e+00,-4.434780648515204149e+00,1.986356784690284094e-01,-7.614015388277219465e+00,-2.765035579719546277e+00,-7.050885237484795454e+00,-3.606989930702498981e+01,-1.865039357938414355e+01,-2.021688308654997002e+01
2.723471420406680554e+00,-4.386892723819315609e-01,-3.632554126471107203e+00,8.993444339312034463e-01,-5.910144120526799938e+00,1.996734937020456613e+01,1.664095026065401939e-01,-8.663004037207992170e+00,-4.588051781442439747e+00,-5.412886073715217350e-02,-7.876043406567044158e+00,-3.161289074089569162e+00,-7.295231557426602009e+00,-3.620860349170487780e+01,-1.928105414244353000e+01,-2.080524736957326581e+01
2.740982396135300370e+00,-1.463087871989787736e-01,-3.466496246613504528e+00,8.108305793242152060e-01,-5.731933168389605093e+00,2.018509912010728158e+01,1.380557271947031595e-01,-8.583133698951318280e+00,-4.643819277320176298e+00,-2.122755468712544946e-01,-8.084387723635048317e+00,-3.561400787305863069e+00,-7.534558978513854477e+00,-3.616638850367997549e+01,-1.980515501420536495e+01,-2.138316754191098568e+01
2.909139621712493184e+00,2.417395232876762279e-01,-3.185012168971874225e+00,8.499602546486183519e-01,-5.450754956947899466e+00,2.046058772348239785e+01,1.928158334164429277e-01,-8.446013324944104284e+00,-4.617310290547075979e+00,-2.820747206361096104e-01,-8.246118376752153978e+00,-3.965868669224461129e+00,-7.779182465714117534e+00,-3.595506922092562263e+01,-2.021655324639037588e+01,-2.194802437781640236e+01
3.214013966768867636e+00,7.058640621018357209e-01,-2.804682037262689498e+00,1.004400379964683232e+00,-5.087165700724874284e+00,2.077526282399235313e+01,3.175774272738491888e-01,-8.268093141506405175e+00,-4.528534026813126445e+00,-2.741402495110061288e-01,-8.370629431608620052e+00,-4.373766334909020337e+00,-8.038806350897498731e+00,-3.559533148032490146e+01,-2.051430417725806876e+01,-2.249765799613569683e+01
3.636530235099927122e+00,1.224403778205643611e+00,-2.345141509648277278e+00,1.257424067112366428e+00,-4.663418118785267019e+00,2.110992736191088781e+01,4.970691704123271215e-01,-8.066162098833117966e+00,-4.400686133887030671e+00,-2.024035907595367334e-01,-8.468639665672011319e+00,-4.782398922329683444e+00,-8.321611698209963492e+00,-3.511532236506105420e+01,-2.070236451994767179e+01,-2.303001854484123356e+01
4.153600545121528320e+00,1.774810331877334946e+00,-1.828050358247639284e+00,1.588951840782505176e+00,-4.202156257491865610e+00,2.144573982191680983e+01,7.149666791578850322e-01,-7.856215616789588907e+00,-4.258525999094231906e+00,-8.306574835075064556e-02,-8.551305332209556909e+00,-5.187242080307687964e+00,-8.633529615044462702e+00,-3.454877146723798376e+01,-2.078917997798779282e+01,-2.354285397092025534e+01
4.739410386731827352e+00,2.334763976245175066e+00,-1.275973981584422656e+00,1.976702317212049920e+00,-3.725185984089873337e+00,2.176516322174510165e+01,9.551435390304043871e-01,-7.652424149218191474e+00,-4.126736038321716649e+00,6.658563659930338829e-02,-8.629366871322703858e+00,-5.581998086974458317e+00,-8.977770318764600077e+00,-3.393348990192499315e+01,-2.078716997264094246e+01,-2.403375192580828568e+01
5.366724206976947187e+00,2.883220849229481075e+00,-7.113067399998214135e-01,2.397397267962757539e+00,-3.252354052918841276e+00,2.205274001088947955e+01,1.202579033820341259e+00,-7.466310424904649246e+00,-4.028313893183138816e+00,2.292577860310913707e-01,-8.712396656161519815e+00,-5.958917916614153931e+00,-9.354537730106487814e+00,-3.330912370548396950e+01,-2.071202758405688726e+01,-2.449993709721046997e+01
6.008268934819032125e+00,3.401306014794233334e+00,-1.553091366758976299e-01,2.827965172178218189e+00,-2.800640389644168060e+00,2.229575456060981509e+01,1.444315311495681264e+00,-7.306109174890422331e+00,-3.983109548592975280e+00,3.887047926581210788e-01,-8.808124528107523332e+00,-6.309236740386347186e+00,-9.760950078695916687e+00,-3.271514928343777484e+01,-2.058177941236768405e+01,-2.493829071813944864e+01
6.637994993099200158e+00,3.873025086157170005e+00,3.726991207569698705e-01,3.246681356114898165e+00,-2.383589806568343406e+00,2.248451613279471673e+01,1.669905501585119190e+00,-7.176547515023491641e+00,-4.006674454518871720e+00,5.305375712164384083e-01,-8.922033172125205525e+00,-6.623818559587627774e+00,-1.019121527369594205e+01,-3.218846106056466283e+01,-2.041598086096085396e+01,-2.534518186606912948e+01
7.232171652041383680e+00,4.285711010310593316e+00,8.559551665341467164e-01,3.634078885620969146e+00,-2.010956115200099426e+00,2.261261705848385617e+01,1.871832287293684338e+00,-7.078799693031447404e+00,-4.109394400275286685e+00,6.429365919374694371e-01,-9.057117130909659863e+00,-6.893880304492443933e+00,-1.063710444201353944e+01,-3.176162627524083604e+01,-2.023474830475284136e+01,-2.571673333860787380e+01
7.770353223066243764e+00,4.630275741604583217e+00,1.280778806334350373e+00,3.973807556604671554e+00,-1.688605986821137162e+00,2.267687461104957336e+01,2.045417780528604013e+00,-7.010760922212798008e+00,-4.295909614698806500e+00,7.170066992711108256e-01,-9.213808135495193952e+00,-7.111788522635837495e+00,-1.108849733476567501e+01,-3.146040391437240302e+01,-2.005781539892382881e+01,-2.604855165786804605e+01
8.236049893075678696e+00,4.901206949790584133e+00,1.636757321477971594e+00,4.253116400461647295e+00,-1.418779489188469967e+00,2.267708068941380262e+01,2.188647782303721812e+00,-6.967536923759744205e+00,-4.565078950153354853e+00,7.469890538381984690e-01,-9.390188251012419940e+00,-7.271764938675505441e+00,-1.153419356007004914e+01,-3.130245714648794220e+01,-1.990372988274918242e+01,-2.633604490263906683e+01
8.617167021286395112e+00,5.096343172384385944e+00,1.916814573545416955e+00,4.463203373061277901e+00,-1.200536629408937017e+00,2.261563210962136594e+01,2.301739322958784584e+00,-6.942096338599828442e+00,-4.910191335822498893e+00,7.302346897853002616e-01,-9.582273437919003101e+00,-7.370532779919802380e+00,-1.196265338112111465e+01,-3.129602961627318436e+01,-1.978908332493330136e+01,-2.657446142958943014e+01
8.906128777276890673e+00,5.216466404967653681e+00,2.116991705286768166e+00,4.599231103433780277e+00,-1.030463082055575796e+00,2.249693837711605582e+01,2.386640374092885430e+00,-6.926050742812905447e+00,-5.319685609164489293e+00,6.670051266205594409e-01,-9.784556430409240946e+00,-7.407745497234797583e+00,-1.236295233689990170e+01,-3.143997902939104350e+01,-1.972795646546824244e+01,-2.675946018299311646e+01
9.099777219002486817e+00,5.264769461707676790e+00,2.236152990749537661e+00,4.660128532175171756e+00,-9.034066686175270533e-01,2.232685466201544244e+01,2.446341505000078520e+00,-6.910472702492443275e+00,-5.778030624705577267e+00,5.600345074623414021e-01,-9.990535051471349348e+00,-7.386282548326845721e+00,-1.272549954256043492e+01,-3.172365021244216265e+01,-1.973136647760800599e+01,-2.688725087386168155e+01
9.198962474423705515e+00,5.246177525823850551e+00,2.275460161059059683e+00,4.648126971867112545e+00,-8.134693325740105507e-01,2.211199829816261797e+01,2.484259770108629084e+00,-6.886728440600177414e+00,-6.267017378424289298e+00,4.140758618103115296e-01,-1.019340943546543166e+01,-7.312235219772046158e+00,-1.304280595257256614e+01,-3.212848182628412985e+01,-1.980709996317126098e+01,-2.695540340532062729e+01
9.207997669233455085e+00,5.166643728101337985e+00,2.237947412464118546e+00,4.568194208969809544e+00,-7.547534027666964462e-01,2.185914326017461917e+01,2.503629119830713456e+00,-6.847175873811787383e+00,-6.767002447180021640e+00,2.353456465606411641e-01,-1.038664744802789919e+01,-7.194698828614161101e+00,-1.330992958901310175e+01,-3.262917119049740933e+01,-1.995942843331735617e+01,-2.696302365291321124e+01
9.133966216231046431e+00,5.032529033859475476e+00,2.127936523013520542e+00,4.427336218402478707e+00,-7.221493900670976629e-01,2.157471939459003707e+01,2.507030412333061342e+00,-6.785686126404342211e+00,-7.258305335440535799e+00,3.097599979521881153e-02,-1.056452124877031018e+01,-7.045234210112387707e+00,-1.352479312052058624e+01,-3.319597828859117072e+01,-2.018912147519890254e+01,-2.691128501929435757e+01
8.986041496102950887e+00,4.850055973619051386e+00,1.950716621174434451e+00,4.233955968596425201e+00,-7.118393344478164408e-01,2.126452548774129525e+01,2.495928262678060783e+00,-6.697977500988063326e+00,-7.722334325759455886e+00,-1.915124240855217153e-01,-1.072246680078084857e+01,-6.877169796254248624e+00,-1.368810981445465558e+01,-3.379620368259593732e+01,-2.049335833419109676e+01,-2.680324157259617479e+01
8.774573533930986713e+00,4.624747011443329114e+00,1.711958932428190749e+00,3.996989271440140712e+00,-7.218194055181950120e-01,2.093338150242093221e+01,2.470446078516153499e+00,-6.581868050033594209e+00,-8.142880839638561241e+00,-4.247375587899782090e-01,-1.085748289175988113e+01,-6.704793949836575173e+00,-1.380329482141677389e+01,-3.439689183189362609e+01,-2.086604662272895894e+01,-2.664419530572760664e+01
8.510476898375943122e+00,4.361210762769581528e+00,1.417665398705607593e+00,3.725405777133833585e+00,-7.519055995001462378e-01,2.058524568740854832e+01,2.429290858173648537e+00,-6.437122325968525516e+00,-8.506766684904292219e+00,-6.617772032690707462e-01,-1.096806133218393597e+01,-6.542313030190417322e+00,-1.387585415876034922e+01,-3.496600960229935851e+01,-2.129785320324291220e+01,-2.644099878549979721e+01
8.204455049528792898e+00,4.062904913810220009e+00,1.073825370221360487e+00,3.427553649922386647e+00,-8.037945842294567100e-01,2.022316691163874225e+01,2.369814368426462536e+00,-6.265293559184653915e+00,-8.804579282140242213e+00,-8.964947112230756687e-01,-1.105426299220553865e+01,-6.402919539770216772e+00,-1.391286056877409294e+01,-3.547445080642906134e+01,-2.177667562640331411e+01,-2.620196463845594081e+01
7.866460257211491225e+00,3.732166619968733112e+00,6.863793284581864995e-01,3.110731794930513328e+00,-8.807800193643089415e-01,1.984955618739613925e+01,2.288222776134771763e+00,-6.069362379337386315e+00,-9.030979376940749148e+00,-1.123747645265682493e+00,-1.111750064648710357e+01,-6.297830522457852354e+00,-1.392220961191478068e+01,-3.589713738571467161e+01,-2.228804072773976941e+01,-2.593622974616098986e+01
7.505167860747178565e+00,3.370303156103274134e+00,2.610327780409260612e-01,2.780804259484401797e+00,-9.874316660568887016e-01,1.946631880714987517e+01,2.180047535218657018e+00,-5.853280540682706423e+00,-9.184898990148365527e+00,-1.339492146649162052e+00,-1.116036320552230876e+01,-6.235463042184079541e+00,-1.391192599696666399e+01,-3.621485904000386569e+01,-2.281576902431295295e+01,-2.565371291017332211e+01
7.127699625166648900e+00,2.977876955267022119e+00,-1.966033692788782261e-01,2.442071159656901358e+00,-1.128980955385141094e+00,1.907526791468844607e+01,2.040593714296697669e+00,-5.621430503912820065e+00,-9.269231492268660944e+00,-1.540756411782507662e+00,-1.118619525620873745e+01,-6.220785461392675408e+00,-1.388936491039898691e+01,-3.641467022989876057e+01,-2.334244186690520095e+01,-2.536433527607336913e+01
6.739363972089979171e+00,2.555018291598399660e+00,-6.811150484106462955e-01,2.097164816984082414e+00,-1.310843995449875621e+00,1.867822511389570295e+01,1.865588148980040550e+00,-5.378203654386947363e+00,-9.290598322824767052e+00,-1.725593821614898715e+00,-1.119879636610220075e+01,-6.254888850113146326e+00,-1.386067425246354290e+01,-3.649124230850634376e+01,-2.385029507053942766e+01,-2.507812431608924086e+01
6.343688618320102890e+00,2.101853576443879490e+00,-1.187158733743890693e+00,1.747161666040008221e+00,-1.537849492703456278e+00,1.827739691874014838e+01,1.651759129486285893e+00,-5.127434974694372372e+00,-9.258642187129616730e+00,-1.892887519037388167e+00,-1.120198416734615421e+01,-6.334808894774051069e+00,-1.383018449833603292e+01,-3.644693287352401967e+01,-2.432173876116195288e+01,-2.480465345264092392e+01
5.942463160790417476e+00,1.618830274217893272e+00,-1.709481321716675772e+00,1.391757631772291059e+00,-1.813727240251358452e+00,1.787546515727734686e+01,1.397378184465411621e+00,-4.872133342512586118e+00,-9.185384114224781626e+00,-2.042254535787189518e+00,-1.119930059553218626e+01,-6.453661526608600596e+00,-1.380019254035723364e+01,-3.629207001232850160e+01,-2.474027147436121510e+01,-2.455305757866585026e+01
5.536081547487002652e+00,1.107209263470350091e+00,-2.242652428291841638e+00,1.029716125266726845e+00,-2.140371254623997910e+00,1.747589998336971107e+01,1.102700049622260536e+00,-4.614122143609897364e+00,-9.084188628853496539e+00,-2.173771517626978511e+00,-1.119356271027731964e+01,-6.601014812085882255e+00,-1.377066695460279533e+01,-3.604376213049634714e+01,-2.509087747489018483e+01,-2.433128747572352069e+01
5.123822411713465641e+00,5.693703535510041824e-01,-2.781179976638806117e+00,6.591490699361668426e-01,-2.517489720797328356e+00,1.708287751360476392e+01,7.702886633877348288e-01,-4.354001796210420494e+00,-8.969025545929333987e+00,-2.287876440044620985e+00,-1.118671232511582936e+01,-6.763591429217930440e+00,-1.373948127160513799e+01,-3.572536566964528504e+01,-2.536080739512758342e+01,-2.414628541935907080e+01
4.704379248158659266e+00,9.093699392846321672e-03,-3.319273254667151285e+00,2.781196741284683860e-01,-2.942144836170001554e+00,1.670136886615363636e+01,4.051095630754257826e-01,-4.091155898884905717e+00,-8.853360233423135384e+00,-2.385160713306207825e+00,-1.117951346944733082e+01,-6.926082743783825713e+00,-1.370251097787639338e+01,-3.536432789283375655e+01,-2.553991107698482210e+01,-2.400320325139411182e+01
4.276261192034710668e+00,-5.683422714865338232e-01,-3.850931810233658048e+00,-1.150041385165243568e-01,-3.408651907732262121e+00,1.633691184982692235e+01,1.441994627254672423e-02,-3.824013432707309867e+00,-8.749399855310127094e+00,-2.466300777747421513e+00,-1.117155586032124504e+01,-7.072213598716943217e+00,-1.365422296446133466e+01,-3.499038751716896201e+01,-2.562112439394553576e+01,-2.390534664725549874e+01
3.838273780344122699e+00,-1.156140924058328245e+00,-4.369944071799685581e+00,-5.210905664066336485e-01,-3.908583979032471678e+00,1.599539086093662021e+01,-3.924703704189163034e-01,-3.550339417964504474e+00,-8.667412866925223724e+00,-2.532034597586995339e+00,-1.116125567684934872e+01,-7.185911897530211867e+00,-1.358825104810738615e+01,-3.463329199496582333e+01,-2.560066293133611026e+01,-2.385383088429581377e+01
3.389797074343910310e+00,-1.746230535755046276e+00,-4.870183252164267174e+00,-9.400773552153660617e-01,-4.431198632316462493e+00,1.568254744873100393e+01,-8.046256107636966526e-01,-3.267793626396312767e+00,-8.615334022654124624e+00,-2.583186494080399243e+00,-1.114614490311829265e+01,-7.252463110268974944e+00,-1.349828335554284031e+01,-3.432131839982959320e+01,-2.547844487186635831e+01,-2.384791658486278365e+01
2.931232937494391066e+00,-2.329440271215429625e+00,-5.345651563633980530e+00,-1.370626197332673879e+00,-4.963692807206034452e+00,1.540367253516901691e+01,-1.209942105407634916e+00,-2.974233051726002053e+00,-8.598309762665817146e+00,-2.620629848979594723e+00,-1.112296441956322823e+01,-7.259445445272949549e+00,-1.337870777879575002e+01,-3.407907933432965564e+01,-2.525788694502261222e+01,-2.388472053920979477e+01
2.464083576526125530e+00,-2.896002597667286071e+00,-5.790892069740870340e+00,-1.810169027395342134e+00,-5.492000262662891430e+00,1.516290426905986166e+01,-1.595782672660385870e+00,-2.668382551828201166e+00,-8.618824300442696540e+00,-2.645393133850772571e+00,-1.108812514071475874e+01,-7.197714415922526143e+00,-1.322550285073311294e+01,-3.392663381942821843e+01,-2.494603904448320719e+01,-2.395982811992266193e+01
1.991093879056579086e+00,-3.436030356833386090e+00,-6.201186332599784024e+00,-2.254953127614712116e+00,-6.001481042928235254e+00,1.496279945060703831e+01,-1.949578440359292397e+00,-2.350210194258986363e+00,-8.676789403262246125e+00,-2.658702272538893130e+00,-1.103806184907639576e+01,-7.062020476610605613e+00,-1.303691527712918585e+01,-3.387859606423692327e+01,-2.455329096718942949e+01,-2.406755441019345909e+01
1.516127248105019198e+00,-3.940127215612228895e+00,-6.572951616267882713e+00,-2.700277806958018445e+00,-6.477797108415503047e+00,1.480375499587540133e+01,-2.259545816212899183e+00,-2.021342029996470391e+00,-8.769916893506362499e+00,-2.662088146351697659e+00,-1.096964037147398940e+01,-6.851491803283447091e+00,-1.281405486705023833e+01,-3.394376106745563959e+01,-2.409309077978603497e+01,-2.420150662905525962e+01
1.044118177512745937e+00,-4.399924223812445412e+00,-6.903859459327404302e+00,-3.140687117571638431e+00,-6.907627097645341330e+00,1.468376042329559006e+01,-2.515257848365931359e+00,-1.685222130317046929e+00,-8.894050309727319359e+00,-2.657318216745310657e+00,-1.088040590364064109e+01,-6.569680706452023067e+00,-1.256107898064118800e+01,-3.412462374533776455e+01,-2.358128752568109121e+01,-2.435466539833501898e+01
5.808312629538159300e-01,-4.808591539622968369e+00,-7.193077720873946923e+00,-3.570310449727569058e+00,-7.279494658838654431e+00,1.459799314080443366e+01,-2.708183990668912244e+00,-1.347197958784679184e+00,-9.043736251961821182e+00,-2.646447025181719592e+00,-1.076888607661270392e+01,-6.224353852751224103e+00,-1.228529405329313740e+01,-3.441775448633525514e+01,-2.303553536365803467e+01,-2.451985509327162305e+01
1.326261232435057558e-01,-5.161261647039902201e+00,-7.441228041016504591e+00,-3.983179764548351098e+00,-7.584300054472825181e+00,1.453890655996659476e+01,-2.832106331525189535e+00,-1.014351885581477930e+00,-9.212601578693380588e+00,-2.631673563979294528e+00,-1.063463236041993376e+01,-5.826988937021961412e+00,-1.199680370653882733e+01,-3.481383397175923022e+01,-2.247436617068453657e+01,-2.468972085653743775e+01
-2.938889552999331967e-01,-5.455384090086237592e+00,-7.650426252129250315e+00,-4.373584911584801560e+00,-7.815907032013706512e+00,1.449618972451258259e+01,-2.883522072838695216e+00,-6.952615953479082123e-01,-9.393921259353412268e+00,-2.615327054201834756e+00,-1.047834435123567864e+01,-5.392087515502775652e+00,-1.170810429627364435e+01,-3.529805830742723316e+01,-2.191644779502486529e+01,-2.485683190601346482e+01
-6.922358516777209481e-01,-5.690941702694919613e+00,-7.824162968371849658e+00,-4.736445977862726586e+00,-7.971439340872990442e+00,1.445703404635088063e+01,-2.861763728212042057e+00,-3.995466399838583094e-01,-9.581054684425758694e+00,-2.599718496514834332e+00,-1.030179611610422796e+01,-4.936236931313857212e+00,-1.143334101207473807e+01,-3.585087752727576316e+01,-2.137965267468072739e+01,-2.501375091411423668e+01
-1.056457884536086578e+00,-5.870487620061867418e+00,-7.967206656461758740e+00,-5.067616921859756651e+00,-8.051520237079731857e+00,1.440643973039146708e+01,-2.769016975694676752e+00,-1.373365128892740650e-01,-9.767909620443393948e+00,-2.587062782075735257e+00,-1.010772797912850862e+01,-4.477051068886988894e+00,-1.118746853010115494e+01,-3.644912321952642742e+01,-2.088031281772092740e+01,-2.515324757734740757e+01
-1.381408841406470689e+00,-5.998972473099107638e+00,-8.085250286438892431e+00,-5.364080846047047046e+00,-8.060125212673090900e+00,1.432788281649405349e+01,-2.609993129045655280e+00,8.145430400231390422e-02,-9.949176655528731317e+00,-2.579137127425160436e+00,-9.899541504381208057e+00,-4.031934207273427440e+00,-1.098513806140188365e+01,-3.706720693934131106e+01,-2.043234466132572180e+01,-2.526828745781653751e+01
-1.663156452280972086e+00,-6.083505382371289016e+00,-8.184729513013625279e+00,-5.624174590992529588e+00,-8.004471827555592611e+00,1.420387356095159781e+01,-2.391646787948189967e+00,2.477599405463024596e-01,-1.012058276638496324e+01,-2.577217197091830947e+00,-9.681084130080749972e+00,-3.617030028092762972e+00,-1.083976311801667869e+01,-3.767864691874560634e+01,-2.004674737725362732e+01,-2.535230174599572806e+01
-1.899230677840194836e+00,-6.132907096684635739e+00,-8.272475168451995486e+00,-5.847632132829740925e+00,-7.894591677336737057e+00,1.401668752756235925e+01,-2.122566957377886254e+00,3.540659591817636453e-01,-1.027905370657892803e+01,-2.581812521337456978e+00,-9.456292643560159306e+00,-3.246103100002066810e+00,-1.076247158572157758e+01,-3.825795768963904919e+01,-1.973104699976383003e+01,-2.539952993079263521e+01
-2.088791622846507323e+00,-6.157184649736581861e+00,-8.355351328375576259e+00,-6.035556088586201184e+00,-7.742758511056399229e+00,1.374920151666434798e+01,-1.812441601904968280e+00,3.950050869488848093e-01,-1.042264002948367363e+01,-2.592557899623000317e+00,-9.228850437651018979e+00,-2.929648428607274369e+00,-1.076119199427231621e+01,-3.878199093104069561e+01,-1.948897707598831985e+01,-2.540512711597192208e+01
-2.232724353691544650e+00,-6.166897764507009327e+00,-8.439810197709677553e+00,-6.190252579879933492e+00,-7.562771394895181132e+00,1.338574038426970958e+01,-1.471375197180459171e+00,3.679144266444387412e-01,-1.055037411017042359e+01,-2.608046596696893094e+00,-9.001819582936407826e+00,-2.674230953554316503e+00,-1.083990253536393489e+01,-3.923134234023009981e+01,-1.932028936545524189e+01,-2.536533517297510798e+01
-2.333560282659651541e+00,-6.172454349406020668e+00,-8.531516369537754940e+00,-6.314958654922940617e+00,-7.369213494397865105e+00,1.291294964356013253e+01,-1.109303918877412087e+00,2.731708171607714064e-01,-1.066205819403706556e+01,-2.625827549954459439e+00,-8.777338484655471618e+00,-2.482084946389389479e+00,-1.099811367176358168e+01,-3.959111957791306224e+01,-1.922080450645849226e+01,-2.527752657045499873e+01
-2.395279973215302949e+00,-6.183345211149907428e+00,-8.634857467855113100e+00,-6.413424524442188357e+00,-7.176471468562585443e+00,1.232074939741534081e+01,-7.353134455616316956e-01,1.144663310847686688e-01,-1.075777120179860447e+01,-2.642274956011425147e+00,-8.556224879762069691e+00,-2.350894052899707987e+00,-1.123050963286225112e+01,-3.985156311260664097e+01,-1.918251847177100800e+01,-2.514018935047401726e+01
-2.423060950607872410e+00,-6.207500953226531948e+00,-8.752559306951841478e+00,-6.489486109337672559e+00,-6.997945856805035447e+00,1.160302643567436753e+01,-3.572951665387655851e-01,-1.012334343741532194e-01,-1.083750768939740539e+01,-2.652775128972256091e+00,-8.337824123707724411e+00,-2.274055814575625334e+00,-1.152701414479705377e+01,-4.000756850644172857e+01,-1.919390217259792308e+01,-2.495258821856215903e+01
-2.422943820770410817e+00,-6.250721112447642724e+00,-8.885452001243375975e+00,-6.546669699648328233e+00,-6.845280608351721696e+00,1.075826673725646998e+01,1.847449140379175958e-02,-3.638829397684419931e-01,-1.090082009706237187e+01,-2.651842710194812991e+00,-8.119910735652171141e+00,-2.241142021589176636e+00,-1.187314806861682470e+01,-4.005854753776448263e+01,-1.924052141321054776e+01,-2.471486842438171649e+01
-2.401396692149632806e+00,-6.316166209240286378e+00,-9.032208218629406815e+00,-6.587721654173356534e+00,-6.727668218884272910e+00,9.789985368075411643e+00,3.875408838715923565e-01,-6.607076242940284061e-01,-1.094639613171741033e+01,-2.633355248263262283e+00,-7.898667079785796297e+00,-2.238563981072170250e+00,-1.225065871787262317e+01,-4.000752896307962914e+01,-1.930564433721629669e+01,-2.442775388516982815e+01
-2.364962194552112429e+00,-6.404123395322658396e+00,-9.189325796150862757e+00,-6.614297864376641911e+00,-6.651376566523907741e+00,8.706937077125484592e+00,7.474691378076991910e-01,-9.767856951933611143e-01,-1.097186710037445678e+01,-2.590805328111975392e+00,-7.668838911588447438e+00,-2.250476419054461275e+00,-1.263847070031140873e+01,-3.986070923852167880e+01,-1.937107495609750885e+01,-2.409272510648442278e+01
-2.319836561779733852e+00,-6.511883479594984259e+00,-9.351201471036798551e+00,-6.626708601152098588e+00,-6.619448776918259725e+00,7.523034887892714906e+00,1.097647079289243877e+00,-1.295773645966388443e+00,-1.097372712295521779e+01,-2.517742332106126746e+00,-7.424072803665847431e+00,-2.259899365796704807e+00,-1.301387687223248513e+01,-3.962634253273936480e+01,-1.941808692411134629e+01,-2.371189443642197503e+01
-2.271556727408726495e+00,-6.633862241255553016e+00,-9.510410970156851107e+00,-6.623828396673216545e+00,-6.631642599269023997e+00,6.257033163477236037e+00,1.439254484988525817e+00,-1.600685007346717370e+00,-1.094735223402745383e+01,-2.408048004047174118e+00,-7.157278115058011814e+00,-2.249742488054645051e+00,-1.335389101736654105e+01,-3.931448074051190389e+01,-1.942838604469620378e+01,-2.328839386379020837e+01
-2.224626725813651618e+00,-6.761839532366911598e+00,-9.657934778775166151e+00,-6.603021516314519168e+00,-6.684434512357620761e+00,4.932049261074879176e+00,1.774985368615549675e+00,-1.874695521742228088e+00,-1.088707474707813816e+01,-2.256295839655911628e+00,-6.861063269902445860e+00,-2.203870084088075387e+00,-1.363650352500123830e+01,-3.893592161949376163e+01,-1.938490625820616486e+01,-2.282616192643177655e+01
-2.182297313587903798e+00,-6.885447283906048099e+00,-9.783631281977353211e+00,-6.560317366012885287e+00,-6.771273742443350230e+00,3.574770932412616453e+00,2.108688021161206017e+00,-2.101968487467159363e+00,-1.078652519137757082e+01,-2.058078477802406603e+00,-6.528248215217729467e+00,-2.108099100558872507e+00,-1.384204993959476937e+01,-3.850181645646409834e+01,-1.927269974208068604e+01,-2.233018282428005818e+01
-2.146357393327601226e+00,-6.992758651332098729e+00,-9.876638346432311977e+00,-6.490561798276431205e+00,-6.883001627408704692e+00,2.214610506622791686e+00,2.444823717876273506e+00,-2.268388280055638084e+00,-1.063887295734773630e+01,-1.810336130774958363e+00,-6.152330573854048801e+00,-1.951069213986841078e+00,-1.395434146896495875e+01,-3.802250893181093971e+01,-1.907954240809977620e+01,-2.180609150551032016e+01
-2.117060606895970309e+00,-7.070993260301570160e+00,-9.925956232394241852e+00,-6.387808842752139782e+00,-7.008367669305210157e+00,8.825625500304159488e-01,2.788079988025598865e+00,-2.362179636639780256e+00,-1.043731525287498307e+01,-1.511529834737071809e+00,-5.727988438004878446e+00,-1.724839551170976648e+00,-1.396166552642295322e+01,-3.750734069816763849e+01,-1.879652284415584873e+01,-2.126029927247470752e+01
-2.093047355492913653e+00,-7.107242397852261639e+00,-9.920809919171018620e+00,-6.245636582135865922e+00,-7.134550252938240966e+00,-3.898046517734039540e-01,3.142798877654490397e+00,-2.374368572713403402e+00,-1.017541256104448877e+01,-1.161789637702904443e+00,-5.251402201517353596e+00,-1.425331602186288293e+00,-1.385739202359669164e+01,-3.696329548821738342e+01,-1.841823420886226970e+01,-2.069926554479903302e+01
-2.071476948969873888e+00,-7.089281249717457989e+00,-9.851312902170912267e+00,-6.057660386196580760e+00,-7.247940898379019004e+00,-1.571646272668370869e+00,3.512490544116070090e+00,-2.299153186234205393e+00,-9.847610512376476777e+00,-7.630403632518856227e-01,-4.720681890630892497e+00,-1.052497599375101345e+00,-1.364040872449452735e+01,-3.639479451035813895e+01,-1.794303169175270796e+01,-2.012939259049322871e+01
-2.048169138658554100e+00,-7.006307438732605419e+00,-9.708910483060920527e+00,-5.818012889605660654e+00,-7.334806036355121961e+00,-2.634052785716427536e+00,3.899390529479360268e+00,-2.134042640264572022e+00,-9.449701027514102236e+00,-3.189780943347901854e-01,-4.136042218746055710e+00,-6.102216049423718758e-01,-1.331514313385802417e+01,-3.580301076611122824e+01,-1.737297253740478098e+01,-1.955644103742653073e+01
-2.017952848569487756e+00,-6.849636735859215619e+00,-9.486960864402465887e+00,-5.521904853848164763e+00,-7.382074492631128138e+00,-3.551352522815263590e+00,4.304256165555643499e+00,-1.879849017367141606e+00,-8.979332031142860160e+00,1.650427412643722391e-01,-3.500023741546637090e+00,-1.059704351946066936e-01,-1.289131106347270794e+01,-3.518653483590301079e+01,-1.671370998750949965e+01,-1.898562056313887680e+01
-1.974922970849482207e+00,-6.613222880260087422e+00,-9.181058937012160470e+00,-5.166067729018170240e+00,-7.377905320850432602e+00,-4.302125759697350560e+00,4.726147592138634224e+00,-1.540452041691390939e+00,-8.436331984904235526e+00,6.821765135782094092e-01,-2.817437097081111119e+00,4.497782964913108472e-01,-1.238327667007217769e+01,-3.454122675736939385e+01,-1.597413649352857945e+01,-1.842099922827442882e+01
-1.912983802956281121e+00,-6.294164536135678389e+00,-8.789631957436084164e+00,-4.749295786618824344e+00,-7.312490931858084409e+00,-4.870390313311061981e+00,5.162398942284998071e+00,-1.122575118333926092e+00,-7.823204757288555911e+00,1.224314804274089674e+00,-2.095428184151302275e+00,1.044239098672009369e+00,-1.180927901847169714e+01,-3.386170498321352085e+01,-1.516608926350309261e+01,-1.786587710485795455e+01
-1.826209453597760213e+00,-5.892909603037493227e+00,-8.314064936346831303e+00,-4.272720642289129955e+00,-7.178403119992346149e+00,-5.246311175582663466e+00,5.608755653066215707e+00,-6.352831242183194504e-01,-7.145255834631061731e+00,1.782407098738905127e+00,-1.343179683562260252e+00,1.663204796890827453e+00,-1.119027615047220081e+01,-3.314207522349561685e+01,-1.430375525676612725e+01,-1.732255025972656171e+01
-1.709298421967481607e+00,-5.413317046321108883e+00,-7.758896486024958961e+00,-3.740021611511555655e+00,-6.971054987691052141e+00,-5.426785472476726824e+00,6.059627279974195702e+00,-8.943236087555561653e-02,-6.410686843137236579e+00,2.346830871198260837e+00,-5.716689572955786502e-01,2.291969539636389275e+00,-1.054870590503018057e+01,-3.237742496555438976e+01,-1.340314645697650775e+01,-1.679257041352964208e+01
-1.557893692149768139e+00,-4.862481686840077089e+00,-7.131691026023514901e+00,-3.157427010907366327e+00,-6.688756594791710697e+00,-5.415615935609861431e+00,6.508373546340426863e+00,5.029423458305526395e-01,-5.630355327049430869e+00,2.907800229680137072e+00,2.068415859871368667e-01,2.916261982203634862e+00,-9.907050788518546369e+00,-3.156432216664064327e+01,-1.248131970151190018e+01,-1.627641406994635176e+01
-1.368982901842840327e+00,-4.250432544488970343e+00,-6.443020823535669628e+00,-2.533641683335953410e+00,-6.332895181551692509e+00,-5.223556959680044187e+00,6.947698840485592164e+00,1.129141657267068943e+00,-4.817645711115764229e+00,3.455684654496741004e+00,9.792097994140913642e-01,3.523026083150130106e+00,-9.286601861948470926e+00,-3.070233861169646872e+01,-1.155591949906062865e+01,-1.577396194452165190e+01
-1.141050330916279609e+00,-3.589611208757127692e+00,-5.705949869818569553e+00,-1.879473231447786219e+00,-5.907669945186776239e+00,-4.867771767810799233e+00,7.370032741625393236e+00,1.776473853055175578e+00,-3.987847011721457946e+00,3.981425195641649761e+00,1.732076704921187371e+00,4.101206863671594149e+00,-8.706046229621993149e+00,-2.979400298015363902e+01,-1.064431052964902946e+01,-1.528407818526806317e+01
-8.742488698997795682e-01,-2.894235319172491216e+00,-4.935667021679273958e+00,-1.207405238828963334e+00,-5.419889622146000896e+00,-4.371224227447895849e+00,7.767972164314569383e+00,2.432745316693016413e+00,-3.157578455689128205e+00,4.476823756654435549e+00,2.452394514701379258e+00,4.642258078480786310e+00,-8.180454750870435277e+00,-2.884521636713386528e+01,-9.763106666422240565e+00,-1.480488543600281126e+01
-5.704212566783499749e-01,-2.179581943696752511e+00,-4.148824899239166974e+00,-5.310119710559395578e-01,-4.878565065046775118e+00,-3.761629230553118930e+00,8.134630804920218949e+00,3.086682211611072812e+00,-2.344050702199883318e+00,4.934793716301147271e+00,3.128027162660780292e+00,5.140462626729274120e+00,-7.720413051219794376e+00,-2.786504418471488975e+01,-8.927625666810937943e+00,-1.433372446686788493e+01
-2.331438246074017950e-01,-1.461242579293991373e+00,-3.363068166868510733e+00,1.356094584230924660e-01,-4.294583805241232177e+00,-3.070387928819642287e+00,8.464046739913445805e+00,3.728208103357361747e+00,-1.564479484575675095e+00,5.349556013293044643e+00,3.748107755508971017e+00,5.593069019389110608e+00,-7.331618650060008235e+00,-2.686608430657745927e+01,-8.151671338601694572e+00,-1.386780272184461182e+01
1.324790120836265572e-01,-7.543623319826180396e-01,-2.596225225052174235e+00,7.785714153232414780e-01,-3.680101738463029459e+00,-2.331129192661272498e+00,8.751492804012688254e+00,4.348739106544469379e+00,-8.351988589074563762e-01,5.716752193078339594e+00,4.303581224251914250e+00,6.000206759240795051e+00,-7.014581909024502515e+00,-2.586372331327590857e+01,-7.447145579527436610e+00,-1.340419974841116435e+01
5.198763227298011103e-01,-7.302635475765761885e-02,-1.865837753469381077e+00,1.384734785061180418e+00,-3.048203824357325509e+00,-1.578407019198333927e+00,8.993698714040778697e+00,4.941176118153011387e+00,-1.711244334866446337e-01,6.033466292798734365e+00,4.787365272339659583e+00,6.364550963185301669e+00,-6.764940279097125142e+00,-2.487625409804070387e+01,-6.824116786977604932e+00,-1.294068668197252592e+01
9.212506549321766158e-01,5.703288728029460852e-01,-1.188430745527772725e+00,1.942327324062716354e+00,-2.412350592409437500e+00,-8.461631185894658014e-01,9.189001149699143056e+00,5.499931778287958650e+00,4.148792560656264783e-01,6.298167720981434847e+00,5.194535239911486357e+00,6.690851107824355104e+00,-6.573962052775669029e+00,-2.392441275109286991e+01,-6.290742262207991153e+00,-1.247618419932655698e+01
1.327891611062871569e+00,1.165345749090211269e+00,-5.790058888878544252e-01,2.441470703447981894e+00,-1.785950523965185166e+00,-1.663027783010215810e-01,9.337388292797022871e+00,6.020847660050415939e+00,9.125173106065407325e-01,6.510657058226298588e+00,5.522370534464387859e+00,6.985363140760468603e+00,-6.429378585794150780e+00,-2.303092330595550763e+01,-5.853452929367469082e+00,-1.201136792902975969e+01
1.730606425100456480e+00,1.704120508920425436e+00,-5.028170135757648040e-02,2.874700609650578276e+00,-1.181755654979242731e+00,4.328424657515008711e-01,9.440478761996786261e+00,6.501134610793183555e+00,1.314569073445577274e+00,6.671975358524104394e+00,5.770438122665032310e+00,7.255169769537653579e+00,-6.316267084798540488e+00,-2.221923416913750415e+01,-5.516824061078683172e+00,-1.154867592923415387e+01
2.119982383545743865e+00,2.181284827162138562e+00,3.875588184618039556e-01,3.237202907747368297e+00,-6.115760211244383182e-01,9.276160450970563076e-01,9.501286759070788790e+00,6.939138054509088605e+00,1.617074017056159718e+00,6.784130702824615611e+00,5.940313249422984221e+00,7.507446742943718831e+00,-6.218346039228492828e+00,-2.151293070760261372e+01,-5.283939390701716476e+00,-1.109288438798722787e+01
2.486889432184491433e+00,2.594061264029140279e+00,7.274488198900597169e-01,3.527074249036994846e+00,-8.579718861235141603e-02,1.300215856374965284e+00,9.523993844967410638e+00,7.334221447483336931e+00,1.819584321036002983e+00,6.849979296156103459e+00,6.035468199988272886e+00,7.748739097189927705e+00,-6.119101006132295240e+00,-2.093412777259020885e+01,-5.156314863654089642e+00,-1.065082728882284968e+01
2.822804231604104874e+00,2.942046734279605058e+00,9.655994101911362648e-01,3.745335403205490632e+00,3.868683786305933126e-01,1.539381180667522830e+00,9.513513933277693013e+00,7.686496265286562490e+00,1.925124559655545298e+00,6.872914939359779929e+00,6.060934440996486039e+00,7.984317444098167904e+00,-6.003070525332423912e+00,-2.050208010249210133e+01,-5.134150556745145977e+00,-1.023123725615299762e+01
3.120205309770588187e+00,3.226979069341179507e+00,1.101704435969693918e+00,3.895821001567712383e+00,7.996302848051186629e-01,1.640920527540257190e+00,9.475137793736765346e+00,7.996735653939097688e+00,1.940029913447715693e+00,6.856671073107200698e+00,6.022968606374841549e+00,8.217620487325277168e+00,-5.856952320439373416e+00,-2.023184204698894462e+01,-5.216322352739480195e+00,-9.844413776244417491e+00
3.372779886853212616e+00,3.452274878439513195e+00,1.138758029499389757e+00,3.984854073156018917e+00,1.147659611557965142e+00,1.607678762214638013e+00,9.414122055315209181e+00,8.266145290174661042e+00,1.873499691239918441e+00,6.805020630041931362e+00,5.928573307722040830e+00,8.449834977441685879e+00,-5.670678366317716268e+00,-2.013345675193523832e+01,-5.400631005939866114e+00,-9.502047956616298308e+00
3.575730953746549812e+00,3.622615286498350073e+00,1.082981779057526683e+00,4.020912987219871226e+00,1.428246063006819888e+00,1.449390689718102809e+00,9.335401345223845126e+00,8.496390695947791727e+00,1.737185809860116059e+00,6.721661951269121360e+00,5.785152929061654348e+00,8.679730170126058297e+00,-5.438109144694459829e+00,-2.021110612666598172e+01,-5.683717581316686918e+00,-9.216588147784303686e+00
3.725846595276570472e+00,3.743450548082315255e+00,9.433412092467028387e-01,4.014039799300933353e+00,1.640632430510945650e+00,1.181891848666935196e+00,9.243225750303638577e+00,8.689393613262303973e+00,1.544431627008323815e+00,6.609935971492695295e+00,5.600007218734265990e+00,8.903588542991711208e+00,-5.157613474709400236e+00,-2.046298509118360798e+01,-6.061257167131598678e+00,-9.000946846908760790e+00
3.821592399950348717e+00,3.820482929778865611e+00,7.311294092025084623e-01,3.975273200493377512e+00,1.785983384398315277e+00,8.262410704684324259e-01,9.141066899472638951e+00,8.847387971717660449e+00,1.309557258712288785e+00,6.472786442760339654e+00,5.379988399988468117e+00,9.115443257410749567e+00,-4.832238370729121435e+00,-2.088169698315620337e+01,-6.527942898055787424e+00,-8.868049696270819737e+00
3.863086079007552964e+00,3.859231028976866540e+00,4.593571534856670802e-01,3.916001914913999737e+00,1.867200408699882797e+00,4.074877242498873287e-01,9.031436575413993140e+00,8.972877251223934536e+00,1.047100643539519815e+00,6.312658851239721258e+00,5.131151803282048007e+00,9.307407439204466115e+00,-4.469595749929161421e+00,-2.145466357728659546e+01,-7.077505746865298875e+00,-8.830261250073181856e+00
3.852082421769697174e+00,3.864689424016017227e+00,1.422344035781577531e-01,3.847416984555741770e+00,1.888793564040299522e+00,-4.665169776768429699e-02,8.915900590591334662e+00,9.068704997559928316e+00,7.711040282776169263e-01,6.131519107072680441e+00,4.858548668352023370e+00,9.470229679965122216e+00,-4.081370414445336436e+00,-2.216483863986339031e+01,-7.702569192628001993e+00,-8.898710300002866447e+00
3.791835396898999733e+00,3.841067864276616284e+00,-2.055401250223471976e-01,3.779929907664870914e+00,1.856643583829042932e+00,-5.073510581402234099e-01,8.795060493708259486e+00,9.138063285849575834e+00,4.943640081517077789e-01,5.930768631056041684e+00,4.566037393632933927e+00,9.593869783152804587e+00,-3.682586566029730335e+00,-2.299156921918472563e+01,-8.394732213175055691e+00,-9.082656412980400162e+00
3.687018633910463805e+00,3.791727315952030164e+00,-5.692603633332775637e-01,3.722787995194782873e+00,1.777874564288444148e+00,-9.460728989095033015e-01,8.668773851106099215e+00,9.184562717412303456e+00,2.279941714560811405e-01,5.711468824708684444e+00,4.256337100682927144e+00,9.668292553009495194e+00,-3.290540748524430903e+00,-2.391154744133725885e+01,-9.144395282883348131e+00,-9.388740237986173298e+00
3.543605392834182855e+00,3.719216928993933635e+00,-9.347275064957756285e-01,3.683787946439206706e+00,1.660640765497171545e+00,-1.336018792919687170e+00,8.536225844036692934e+00,9.212245784544546012e+00,-1.901571868121010311e-02,5.474357487174936310e+00,3.931101302648492890e+00,9.684132051214437098e+00,-2.923638917570095863e+00,-2.489927808974446677e+01,-9.940733242010814763e+00,-9.820138614001290733e+00
3.368617731168539020e+00,3.625333303019818487e+00,-1.288765394846045353e+00,3.668991602198738544e+00,1.513866706812444507e+00,-1.653478783511440176e+00,8.396178946483413341e+00,9.225508359111669776e+00,-2.401132172797222353e-01,5.219981442569174845e+00,3.591031670098935535e+00,9.633399611066234769e+00,-2.600153204597145162e+00,-2.592818211843696119e+01,-1.077177474181349481e+01,-1.037611783099597851e+01
3.169888759820502333e+00,3.511369202205104401e+00,-1.619691147550609278e+00,3.682591930875763087e+00,1.346925220807241530e+00,-1.879009428567874895e+00,8.247110960160661364e+00,9.228956769937738613e+00,-4.313944396661737457e-01,4.948736383731146660e+00,3.236037667642507110e+00,9.510038120108131210e+00,-2.337026296373961642e+00,-2.697143585480024441e+01,-1.162459885681152549e+01,-1.105168130677795801e+01
2.955868017145953264e+00,3.378417166254315873e+00,-1.917606855010646871e+00,3.726958453974688723e+00,1.169394018546304315e+00,-1.998328126151360795e+00,8.087624884654452728e+00,9.227344591157075726e+00,-5.915934680781567145e-01,4.661104885778675211e+00,2.865521509357567886e+00,9.310482807771700564e+00,-2.148698097392027329e+00,-2.800323074477649143e+01,-1.248552316742840418e+01,-1.183755858179086751e+01
2.735290760378604968e+00,3.227663410227913587e+00,-2.174711904023036713e+00,3.802668090117694355e+00,9.906948951592268182e-01,-2.002976650075002141e+00,7.916553339343533224e+00,9.225290579275913672e+00,-7.220113941078909470e-01,4.357659155716500976e+00,2.478582599196234693e+00,9.033936205464698332e+00,-2.046140064725243235e+00,-2.899961986601721975e+01,-1.334049779741769015e+01,-1.272027022725147560e+01
2.516849920331454271e+00,3.060643041236515316e+00,-2.385550112315951932e+00,3.908601638981845205e+00,8.196856920890034370e-01,-1.890722797768769725e+00,7.733257464830233019e+00,9.227038908154366226e+00,-8.263790401737871605e-01,4.039214938032490210e+00,2.074216086332375752e+00,8.682580755783980919e+00,-2.036192536246860918e+00,-2.994010134793070321e+01,-1.417561213156094269e+01,-1.368286790918151752e+01
2.308956239288091794e+00,2.879546047576640788e+00,-2.547006789151766259e+00,4.042214076994877558e+00,6.643587005893505371e-01,-1.665480110933938995e+00,7.537735351802296258e+00,9.236159881465020760e+00,-9.104799069202833550e-01,3.706890825750016827e+00,1.651574061815014538e+00,8.261520338724746892e+00,-2.121047811574677588e+00,-3.080828410633683490e+01,-1.497748772167619791e+01,-1.470539517134154650e+01
