3.190156267972234616e+00,-1.914197166377802795e+00,-2.317715325230321533e+00,-1.114275302981473814e+00,-5.509650937121367775e+00,1.238413358309096779e+01,6.890262929693941274e+00,-5.383607200755991862e+00,-3.876362745546242827e+00,6.409183314298283918e+00,-2.558296870659609645e+00,-2.514492164597026402e-01,-4.785274103550877456e+00,-1.228271465904691162e+01,-1.345454765965078181e+01,-4.973024458961860184e+00
3.180389528989323367e+00,-2.019234108692209428e+00,-2.413061636070691129e+00,-1.282201867520487149e+00,-5.681515034359478022e+00,1.291705460350439694e+01,6.526160321782938922e+00,-5.689817278105421039e+00,-3.703428541287389741e+00,6.406013387606749987e+00,-2.739570969653840393e+00,-8.083716105331806290e-01,-4.810625751062389099e+00,-1.214131500599666502e+01,-1.371535841973908276e+01,-5.069720388136936151e+00
3.220437919194605314e+00,-2.047384195057395662e+00,-2.493319802661989382e+00,-1.392364406783352493e+00,-5.790846550766477030e+00,1.343839334998052060e+01,6.178389210146264965e+00,-5.882571840276256125e+00,-3.518809987458699773e+00,6.398943888694027748e+00,-2.924060466482757192e+00,-1.303789915067649297e+00,-4.768796675523364392e+00,-1.199923352568474577e+01,-1.393392932903159043e+01,-5.164060838729886527e+00
3.287493080816774160e+00,-2.018040434255147453e+00,-2.579574267052078707e+00,-1.465368279150591757e+00,-5.848929517900305797e+00,1.391149126334884656e+01,5.832368446307752308e+00,-5.963507106272653679e+00,-3.344943314431357173e+00,6.366017074549661814e+00,-3.131442523909645281e+00,-1.741151968481656098e+00,-4.679620173274833483e+00,-1.188717752406623518e+01,-1.412824900206086554e+01,-5.282855660177141033e+00
3.359019241807879030e+00,-1.952199270081550031e+00,-2.690617684923274133e+00,-1.521969336454240374e+00,-5.867890678931532378e+00,1.430321524516340759e+01,5.474232023310182882e+00,-5.938923419724231323e+00,-3.203323852792899995e+00,6.286875950589890572e+00,-3.380011756763892095e+00,-2.126309224808889731e+00,-4.564838041235296018e+00,-1.183449575092102002e+01,-1.431765450901250603e+01,-5.451054281959061498e+00
3.414189376427481992e+00,-1.871057771249433621e+00,-2.841729911225057581e+00,-1.581741414230238396e+00,-5.859918781096880913e+00,1.458568563774421811e+01,5.091909763007775425e+00,-5.819337894695131297e+00,-3.113195411843524329e+00,6.144083916709766946e+00,-3.685391477937528748e+00,-2.466861780172212804e+00,-4.446848347631443765e+00,-1.186725633536366509e+01,-1.452135459268254181e+01,-5.690104117797474714e+00
3.435216875371175149e+00,-1.794686440591317655e+00,-3.043619072044562390e+00,-1.661842934091121604e+00,-5.836412821755141422e+00,1.473780569460378587e+01,4.676231594640269940e+00,-5.618865204362517574e+00,-3.090327288107955539e+00,5.924408894967725381e+00,-4.059356165474080846e+00,-2.771350355296599233e+00,-4.347409531559170759e+00,-1.200668346127053354e+01,-1.475692013766235711e+01,-6.016528810918895687e+00
3.408465787515569723e+00,-1.740744890108511633e+00,-3.301783122713520147e+00,-1.775913254393479246e+00,-5.807266364003487169e+00,1.474633181558656503e+01,4.221613530306534301e+00,-5.354352999900889643e+00,-3.146008037371350596e+00,5.619661080233532502e+00,-4.508906527695515365e+00,-3.048530750702506342e+00,-4.286339542579662876e+00,-1.226734968297713912e+01,-1.503891976374395689e+01,-6.440648497013279794e+00
3.325202264094095028e+00,-1.723339403106056045e+00,-3.616156117792575397e+00,-1.933310620932402024e+00,-5.780310019002566690e+00,1.460647947136124714e+01,3.726652793853783230e+00,-5.044452973924535399e+00,-3.286406580344031880e+00,5.227337530344851046e+00,-5.035712287096769657e+00,-3.306669087825596876e+00,-4.280489792589803777e+00,-1.265645557495811957e+01,-1.537790436288518592e+01,-6.966049904749107569e+00
3.182121853771469056e+00,-1.752096479453013167e+00,-3.981158654641522965e+00,-2.138548618007465318e+00,-5.760846271050924727e+00,1.432206464810899860e+01,3.194346889783395760e+00,-4.708582094001434015e+00,-3.512120882614527595e+00,4.750818209386162394e+00,-5.635880598906489070e+00,-3.552948089365316697e+00,-4.342772439946308793e+00,-1.317295931938517661e+01,-1.577954449100957213e+01,-7.589183048179612534e+00
2.981442427758405067e+00,-1.831539238484983567e+00,-4.386052853914078398e+00,-2.391030326142336904e+00,-5.751421547243726451e+00,1.390521313338893705e+01,2.632120566796820604e+00,-4.365843818389666176e+00,-3.818101170411946299e+00,4.199360093120080073e+00,-6.300010198008846984e+00,-3.792955532084888670e+00,-4.481453829760374319e+00,-1.380752268454336829e+01,-1.624417351728617120e+01,-8.299590826656793041e+00
2.730719748713265282e+00,-1.960804087502187265e+00,-4.815644909366255000e+00,-2.685173210070100680e+00,-5.751785253104923612e+00,1.337554428419697672e+01,2.051334312257274917e+00,-4.034089741647355787e+00,-4.193878571677119638e+00,3.587482682321189831e+00,-7.013644429433578686e+00,-4.030447683230217848e+00,-4.699693305951022637e+00,-1.454246678714751440e+01,-1.676670926356412394e+01,-9.080346899257399684e+00
2.442191071641194533e+00,-2.133696839162197989e+00,-5.251359383319873508e+00,-3.010889619401299733e+00,-5.759112937249078357e+00,1.275893858925451596e+01,1.466846519051844489e+00,-3.729058379389123434e+00,-4.624270858757984826e+00,2.934258277718541308e+00,-7.758086556712100901e+00,-4.267107890205833698e+00,-4.995529059846394837e+00,-1.535312941096720607e+01,-1.733700754454356030e+01,-9.909281389385242278e+00
2.132022406455249097e+00,-2.339006603997098921e+00,-5.672318703419799490e+00,-3.354187044401575779e+00,-5.768298881718935789e+00,1.208606819128830523e+01,8.961125674977834521e-01,-3.463620169031176754e+00,-5.090105531882036516e+00,2.262252685866429136e+00,-8.511297345308967977e+00,-4.502533597015130340e+00,-5.361898528106035400e+00,-1.620867528394157375e+01,-1.794038802533755472e+01,-1.076004154034107074e+01
1.819180762130327977e+00,-2.561258284549760234e+00,-6.056734115013718167e+00,-3.698150789706358132e+00,-5.772496431575050657e+00,1.139067585380664660e+01,3.583508535517427873e-01,-3.247200111230977182e+00,-5.569352542269282225e+00,1.596335667500403677e+00,-9.249111169424331536e+00,-4.734320160520514520e+00,-5.787091894059851249e+00,-1.707405469988584912e+01,-1.855856894949931757e+01,-1.160372592845924089e+01
1.524260665428946337e+00,-2.781633812912910564e+00,-6.383188521668836657e+00,-4.024008327986646094e+00,-5.763714551139268671e+00,1.070770054146496797e+01,-1.265808262382188687e-01,-3.085454763329732231e+00,-6.038318154331069110e+00,9.623030676078219159e-01,-9.946460153923117886e+00,-4.958286916979593784e+00,-6.255359938573217704e+00,-1.791168201039563712e+01,-1.917076922435347086e+01,-1.241042353588919056e+01
1.268056192141613137e+00,-2.979230585135919540e+00,-6.632077975290778582e+00,-4.312453555075133949e+00,-5.733597097902778827e+00,1.007133600672812079e+01,-5.391665937134151321e-01,-2.980212063317803750e+00,-6.473043913923254067e+00,3.855268076587323733e-01,-1.057877341916085356e+01,-5.168773921515208869e+00,-6.747875445019170471e+00,-1.868403456702177934e+01,-1.975503278410748464e+01,-1.315111115900541705e+01
1.070454694684311869e+00,-3.132283102758680826e+00,-6.786564914892709410e+00,-4.544670860991383066e+00,-5.673970411613369791e+00,9.513389109697376611e+00,-8.613313430672659976e-01,-2.929460874267802772e+00,-6.850434149118691529e+00,-1.103339954226667530e-01,-1.112303250915888597e+01,-5.358989201522632584e+00,-7.243531373698415265e+00,-1.935510168156888255e+01,-2.028941857809893889e+01,-1.379882973176932559e+01
9.490781192241428688e-01,-3.219665070610636004e+00,-6.833700828699964980e+00,-4.703676271689086974e+00,-5.577664689440775092e+00,9.061590772461316945e+00,-1.077345187314858066e+00,-2.927736705800621841e+00,-7.149569599383165830e+00,-5.045296062667148362e-01,-1.155901001934279293e+01,-5.521427852850834483e+00,-7.720187497553253841e+00,-1.989287758415500917e+01,-2.075338601743651878e+01,-1.433039747675572251e+01
9.183251471489866091e-01,-3.222171284894870258e+00,-6.765057027535180012e+00,-4.775260239308014576e+00,-5.438993076871209809e+00,8.738337432659267989e+00,-1.174696154504151657e+00,-2.966551627700873439e+00,-7.352684454626083443e+00,-7.802270984586900937e-01,-1.187010977090426067e+01,-5.648307935220167053e+00,-8.155656469989018831e+00,-2.027071418442338668e+01,-2.112884282927025836e+01,-1.472728686416207822e+01
9.884663262371571335e-01,-3.123828469753014314e+00,-6.577180022992600072e+00,-4.748921020461824405e+00,-5.254317570486843891e+00,8.559713681831524923e+00,-1.144674055587111994e+00,-3.035060927740166559e+00,-7.446096326324435744e+00,-9.252263128486357679e-01,-1.204415319083141966e+01,-5.731987810844929143e+00,-8.528901718091404405e+00,-2.046902488416342436e+01,-2.140126592589431453e+01,-1.497665873784908186e+01
1.165183927422544397e+00,-2.912947768785082214e+00,-6.271588730598920414e+00,-4.618356360616768796e+00,-5.022234365550100499e+00,8.534991514396066847e+00,-9.829000510270464730e-01,-3.120732136173781868e+00,-7.420621264951313911e+00,-9.324840368097522258e-01,-1.207365163130500285e+01,-5.765354640455336188e+00,-8.820895404339159640e+00,-2.047563924830028981e+01,-2.156023240475992608e+01,-1.507143548914494247e+01
1.449081212004116548e+00,-2.583062464486406640e+00,-5.854825098685701334e+00,-4.382067832658185225e+00,-4.744010855029104690e+00,8.666213400404785716e+00,-6.895596464083828536e-01,-3.210294454344173154e+00,-7.272178450545571771e+00,-8.003819758073058566e-01,-1.195630510135291047e+01,-5.742272577068401773e+00,-9.015800467850498379e+00,-2.028701261397362288e+01,-2.160021740239463384e+01,-1.501094390552869307e+01
1.835822925234246838e+00,-2.133373828477947765e+00,-5.337803416115010968e+00,-4.043262079432494716e+00,-4.423341688747192357e+00,8.948523463216979223e+00,-2.693612076557769797e-01,-3.290429356370441205e+00,-7.001682558895431008e+00,-5.325811131613535920e-01,-1.169472289094882633e+01,-5.657818348422953392e+00,-9.101477623964985497e+00,-1.990774318743226345e+01,-2.152055911391807541e+01,-1.480033220218186329e+01
2.316290980378416631e+00,-1.569029619070208437e+00,-4.735311705368842716e+00,-3.609816245969068138e+00,-4.066342406288081079e+00,9.370597273509837066e+00,2.686476457604838330e-01,-3.348645352604043168e+00,-6.614971086189376237e+00,-1.377261035781582876e-01,-1.129632496555279175e+01,-5.508601421462897108e+00,-9.070243475559781388e+00,-1.935057496660004972e+01,-2.132552731427647430e+01,-1.445036186730021299e+01
2.877133561103290660e+00,-9.009642244453270887e-01,-4.065091537808401156e+00,-3.093806376467218122e+00,-3.681160029674210410e+00,9.915445951337298780e+00,9.114082415674289450e-01,-3.373970488404710366e+00,-6.122337916313067119e+00,3.711044716737514904e-01,-1.077279839359252378e+01,-5.292960566146742707e+00,-8.919170197961308943e+00,-1.863531840796003536e+01,-2.102394868271549200e+01,-1.397651182557876481e+01
3.501396334195178817e+00,-1.454921770885056476e-01,-3.347016516708718914e+00,-2.510955631529584231e+00,-3.277648137842601450e+00,1.056143409252466725e+01,1.642495738528308102e+00,-3.357596479349140850e+00,-5.538077915991504341e+00,9.771406449577009212e-01,-1.013964236153426235e+01,-5.011139678991691326e+00,-8.650374694059671299e+00,-1.778823245403113162e+01,-2.062873125335440960e+01,-1.339839529576746813e+01
4.169469891122705718e+00,6.764965356784085060e-01,-2.601917982148028052e+00,-1.879729299392251196e+00,-2.866669763445366392e+00,1.128362948272196320e+01,2.442765882706943614e+00,-3.293283094897152985e+00,-4.879526809726694836e+00,1.660836071205070930e+00,-9.415287098741234928e+00,-4.665361612977157790e+00,-8.270819535983523707e+00,-1.684007392963430050e+01,-2.015593080855968111e+01,-1.273836110288785761e+01
4.859981316563821707e+00,1.540500568100575896e+00,-1.850823668424099511e+00,-1.220509692786900802e+00,-2.459696827742489322e+00,1.205488514668966360e+01,3.291072327984411849e+00,-3.177817573677700125e+00,-4.166384917648692010e+00,2.400735327943601227e+00,-8.620494139469730754e+00,-4.259903960912038379e+00,-7.792221051985703362e+00,-1.582493220688647284e+01,-1.962407454778579563e+01,-1.202073579236289191e+01
5.550987643553852990e+00,2.419790229980724128e+00,-1.113744564912847901e+00,-5.543821306643779145e-01,-2.067911710681961335e+00,1.284747015850299690e+01,4.165205808918598152e+00,-3.010903279159136581e+00,-3.419536942775412758e+00,3.174604968740869282e+00,-7.777278621783701773e+00,-3.800948276304987772e+00,-7.230311020501083874e+00,-1.477802225920182977e+01,-1.905286974448783610e+01,-1.127030212871139803e+01
6.220905418526308850e+00,3.286690238605671777e+00,-4.089877553631167117e-01,9.777778632873390663e-02,-1.701760064191249366e+00,1.363420585239776628e+01,5.042684270701641047e+00,-2.795261542697722312e+00,-2.660223041417242307e+00,3.960320883676876402e+00,-6.908222825777023068e+00,-3.296573217909017472e+00,-6.604363061249420852e+00,-1.373421292931323201e+01,-1.846237495413468110e+01,-1.051152061837828278e+01
6.849564947292501316e+00,4.114021725043001787e+00,2.476617433381562705e-01,7.164279077144746211e-01,-1.370198196779636834e+00,1.438977659145387733e+01,5.901569872890058299e+00,-2.536305170501914397e+00,-1.908965283196826013e+00,4.736808340687702845e+00,-6.035513825956516420e+00,-2.756520971289476929e+00,-5.936210846552972598e+00,-1.272584533825888542e+01,-1.787182857734022789e+01,-9.767217533194418877e+00
7.418971349015794914e+00,4.876471520077874544e+00,8.432770290019790949e-01,1.284130865370598062e+00,-1.080446757901446286e+00,1.509153750913956316e+01,6.721128465093247684e+00,-2.241907524758800729e+00,-1.184867547361830420e+00,5.484714040830844795e+00,-5.180399452303301011e+00,-2.192078732537170005e+00,-5.249515227235949766e+00,-1.178156856838183941e+01,-1.729893040810530280e+01,-9.058070345221661768e+00
7.914026201842265351e+00,5.551849183459776071e+00,1.368226631999176268e+00,1.786347680212845512e+00,-8.374961751940395160e-01,1.572046771238649754e+01,7.482576208534861273e+00,-1.921865492005075282e+00,-5.048169455792774762e-01,6.187097508762542830e+00,-4.362440229155239102e+00,-1.615770302255282065e+00,-4.568691299753915303e+00,-1.092487762398596729e+01,-1.675897705962497497e+01,-8.401758269119110167e+00
8.323083032701717343e+00,6.122214179491423991e+00,1.816242922287279793e+00,2.212005838260950430e+00,-6.439575766995946360e-01,1.626163788903429719e+01,8.169686747674340666e+00,-1.587333242160616553e+00,1.170508565546117818e-01,6.829901634206928307e+00,-3.598990261651650258e+00,-1.040985498050051694e+00,-3.917945682561744469e+00,-1.017331962122820599e+01,-1.626430377403477934e+01,-7.812644041579915211e+00
8.638289589964802673e+00,6.574739362819316035e+00,2.184462063549305721e+00,2.553922620624310191e+00,-4.998955699678941933e-01,1.670460335746728120e+01,8.769250200211391899e+00,-1.250153039211546968e+00,6.698614162114318038e-01,7.402327146628809196e+00,-2.904672672723254578e+00,-4.815355954982041276e-01,-3.320215414266422638e+00,-9.537738886977461306e+00,-1.582380692892097152e+01,-7.301284204322112004e+00
8.855550822430057423e+00,6.902159534247134687e+00,2.472967908918860314e+00,2.808766767872366454e+00,-4.031492771513105478e-01,1.704327041754820726e+01,9.271385738376958230e+00,-9.223924225681030542e-01,1.146031125558721220e+00,7.896840546358967039e+00,-2.291267856463649721e+00,4.868576110731925866e-02,-2.796468894679962514e+00,-9.022603575502991191e+00,-1.544297131462580275e+01,-6.874787320595551421e+00
8.974581005072140627e+00,7.103062280314602184e+00,2.684652330498497719e+00,2.977127474615933078e+00,-3.493807111594922077e-01,1.727585518980817270e+01,9.669827434572901836e+00,-6.155616483126484795e-01,1.541446454367638275e+00,8.309274471977454724e+00,-1.767351810184051963e+00,5.362668360193074690e-01,-2.364723005735791528e+00,-8.625967981832783238e+00,-1.512368987852664404e+01,-6.536598624466893881e+00
8.998599500956824926e+00,7.181749534075748898e+00,2.824670159291814198e+00,3.063200897413689283e+00,-3.325041183921877419e-01,1.740445767050801607e+01,9.962005626816512915e+00,-3.401228699131748634e-01,1.855369627221994389e+00,8.638664091741420137e+00,-1.338236219878524480e+00,9.687669817125765803e-01,-2.039395312121072390e+00,-8.340156343359099722e+00,-1.486453975395943772e+01,-6.286848998530359722e+00
8.933917524834587454e+00,7.147816682047912096e+00,2.899913619611938387e+00,3.074314809178323227e+00,-3.452105071154161209e-01,1.743447971775194816e+01,1.014885316761087353e+01,-1.051099397137127411e-01,2.090186580889612067e+00,8.886893996545190078e+00,-1.006032387374778736e+00,1.335105696348342974e+00,-1.830910546541949291e+00,-8.152212818018321983e+00,-1.466125307573242864e+01,-6.122744851617855311e+00
8.789319463055839776e+00,7.015396212628317585e+00,2.918406572122232312e+00,3.020277550710932513e+00,-3.794856481840223061e-01,1.737392058241040615e+01,1.023487314164166939e+01,8.233327617821251110e-02,2.250893533679316327e+00,9.058388677477577033e+00,-7.698119354024823835e-01,1.626151383539435447e+00,-1.745342947456170357e+00,-8.046060970364074194e+00,-1.450721004613180298e+01,-6.039215366935968277e+00
8.575559926830072399e+00,6.802215126951272062e+00,2.888847676873869563e+00,2.912754578563504282e+00,-4.271293511655027686e-01,1.723268846176368996e+01,1.022772670959361463e+01,2.171490531006723401e-01,2.344763873416241040e+00,9.159645641084217971e+00,-6.257587708396679105e-01,1.835094017708192471e+00,-1.784229306192118614e+00,-8.003131326107281396e+00,-1.439399844713948795e+01,-6.029175202927198995e+00
8.304732284150045274e+00,6.528507511487386061e+00,2.820207686203538344e+00,2.764606506409024611e+00,-4.802522527700716637e-01,1.702182028000974157e+01,1.013780491014429330e+01,2.964987719266019006e-01,2.380936108119239059e+00,9.198789947321227345e+00,-5.673973225285475763e-01,1.957766211672258727e+00,-1.944611255356208268e+00,-8.003442055527129284e+00,-1.431208501596009697e+01,-6.083969830058526540e+00
7.989632097075793027e+00,6.215760003606478179e+00,2.721268942251398038e+00,2.589104954349908727e+00,-5.317852472242758921e-01,1.675272226725070723e+01,9.977730791077513928e+00,3.197556721967851345e-01,2.369836571417123672e+00,9.185045591667211795e+00,-5.860281064627166359e-01,1.992865342622565095e+00,-2.219289612698195135e+00,-8.026920775757581339e+00,-1.425150632425133068e+01,-6.193891182513468152e+00
7.643122354353283576e+00,5.885457800117418259e+00,2.600286497922109863e+00,2.399226380040738071e+00,-5.759503666013991996e-01,1.643645802880177698e+01,9.761767012521783471e+00,2.883607140918118539e-01,2.322529752753907051e+00,9.128174062874675698e+00,-6.711890530324033932e-01,1.942028637780516931e+00,-2.597311616646293064e+00,-8.054752318601646977e+00,-1.420264833912185054e+01,-6.348756967684197505e+00
7.277577322590199849e+00,5.557833481275274323e+00,2.464689865076291841e+00,2.206997464702769030e+00,-6.085797100262713144e-01,1.608307283701610402e+01,9.505169728531322804e+00,2.055803871356758350e-01,2.250220284779187452e+00,9.038000671902633343e+00,-8.111978931519407965e-01,1.809802499830286848e+00,-3.064548932005750181e+00,-8.070383052143087710e+00,-1.415687124329448388e+01,-6.538327276454642067e+00
6.904423103006926965e+00,5.250785692024969364e+00,2.320873030022736483e+00,2.022922408643025083e+00,-6.273718105319407989e-01,1.570106076650486493e+01,9.223562024635739931e+00,7.617046857249443192e-02,2.163651643071658803e+00,8.923950949083062412e+00,-9.937564956368838409e-01,1.603471814477514190e+00,-3.604466096002319375e+00,-8.060651348592951848e+00,-1.410715135972791678e+01,-6.752816236263710969e+00
6.533701440000132976e+00,4.978966049886588863e+00,2.174067994689249161e+00,1.855510884561498708e+00,-6.319974808983159775e-01,1.529692076307874515e+01,8.932265361532870429e+00,-9.397987864961487858e-02,2.072556481846726584e+00,8.794659102736492429e+00,-1.206628793091901741e+00,1.332715405318599888e+00,-4.199008165614347199e+00,-8.016754799271362586e+00,-1.404856774894305182e+01,-6.983366566776657791e+00
6.173843034018489995e+00,4.753063909250946573e+00,2.028322522867472166e+00,1.711016301801157269e+00,-6.240370047209093940e-01,1.487493004236078065e+01,8.645643665764104924e+00,-2.982718143770655139e-01,1.985224304232722670e+00,8.657591717543052567e+00,-1.438239394808115357e+00,1.009132345339857739e+00,-4.829451418047995048e+00,-7.934724109043844287e+00,-1.397866808346038603e+01,-7.222341432703093034e+00
5.831534618399711434e+00,4.579427233381594853e+00,1.886536764312966241e+00,1.593328364914687434e+00,-6.067774892786528262e-01,1.443700469121213281e+01,8.376481246379157142e+00,-5.297622155083212547e-01,1.908197958829321861e+00,8.518819325591305613e+00,-1.678237028393650299e+00,6.456894165568058952e-01,-5.477285049304176034e+00,-7.815511423022298843e+00,-1.389762228258046761e+01,-7.463517066285151103e+00
5.511690073249974731e+00,4.459957453426216745e+00,1.750564870424913710e+00,1.503984153127409185e+00,-5.849510132960462627e-01,1.398275874434546928e+01,8.135403246996084192e+00,-7.815710597643401591e-01,1.845963986077391539e+00,8.382771094797073275e+00,-1.918110781335737869e+00,2.560431527836484200e-01,-6.125054259297435522e+00,-7.665026118191489601e+00,-1.380833408544693341e+01,-7.702301882228855590e+00
5.217602057906810309e+00,4.392343981471134029e+00,1.621439462095755069e+00,1.442424572974852159e+00,-5.641989516380294667e-01,1.350978100873850707e+01,7.930497202211231667e+00,-1.047096270595609280e+00,1.800956745293381678e+00,8.252245408215838296e+00,-2.151474155751909478e+00,-1.460976453609554859e-01,-6.757006607183869917e+00,-7.493464730015041653e+00,-1.371617044375723360e+01,-7.935650956648686360e+00
4.951100465495530401e+00,4.370490558034710205e+00,1.499566625556495669e+00,1.406321598130034545e+00,-5.506057003660511651e-01,1.301391291111397130e+01,7.766848804275697127e+00,-1.320255615327111887e+00,1.773521184457029110e+00,8.128278438669390482e+00,-2.374449004692782417e+00,-5.477620269156009414e-01,-7.359669242056620320e+00,-7.314373978514206343e+00,-1.362868906041961381e+01,-8.161931416849570908e+00
4.712774504247147611e+00,4.385173084352416595e+00,1.384876288134299305e+00,1.391937326776556016e+00,-5.502042083014853091e-01,1.248964503825361483e+01,7.646306951910742278e+00,-1.595688522488333483e+00,1.761969333202455745e+00,8.010183150697468335e+00,-2.585878609695877017e+00,-9.374077123003075052e-01,-7.922386211698270841e+00,-7.143785107224781328e+00,-1.355531059113485171e+01,-8.380911504402083878e+00
4.502261041086644155e+00,4.424950148023610197e+00,1.277007217583359111e+00,1.394589466840362224e+00,-5.684611350548474107e-01,1.193062661211246578e+01,7.567489347734039029e+00,-1.868824691337362509e+00,1.762697760609205799e+00,7.895672052102878702e+00,-2.787371016041327643e+00,-1.305518286028566788e+00,-8.437636079540785872e+00,-6.999249508649950435e+00,-1.350683655277459216e+01,-8.593680569115365486e+00
4.318563534286030681e+00,4.477156440668355941e+00,1.175498187448116738e+00,1.409187479487605366e+00,-6.097595150238568351e-01,1.133020516303121461e+01,7.525855992616298451e+00,-2.135851814004804616e+00,1.770500590271238961e+00,7.781110771576428498e+00,-2.983110904859289647e+00,-1.645058847462173679e+00,-8.901082035129235237e+00,-6.898538584015995845e+00,-1.349477735555664815e+01,-8.802317399594823399e+00
4.160281661641951345e+00,4.528898676554825364e+00,1.079889654306819935e+00,1.430641534213948241e+00,-6.770246816507725640e-01,1.068197100629048890e+01,7.514029567277217048e+00,-2.393639792601970129e+00,1.778805274573492134e+00,7.661753197652320324e+00,-3.179614872386979485e+00,-1.951825057210326619e+00,-9.311592960057637924e+00,-6.858742159238060410e+00,-1.353081315740698187e+01,-9.009844527135481229e+00
4.025895674313152206e+00,4.568102606945892319e+00,9.897844536506882340e-01,1.454292306398893508e+00,-7.714728515860427294e-01,9.980258778519177199e+00,7.522283860028752045e+00,-2.639665095139933193e+00,1.780006852833315723e+00,7.532113439799681842e+00,-3.385284653193465054e+00,-2.224534964493142475e+00,-9.671067061618984440e+00,-6.895519421743252053e+00,-1.362619018376352642e+01,-9.220070567262819594e+00
3.913966223593980054e+00,4.584408105694990354e+00,9.049977230574809406e-01,1.476299614906354751e+00,-8.923429793701305179e-01,9.220683123687985372e+00,7.539143409966295728e+00,-2.871774642900600583e+00,1.765839091685810658e+00,7.386302443868715706e+00,-3.609768367699969005e+00,-2.464786789538801592e+00,-9.984038121881384953e+00,-7.022169132384846080e+00,-1.379102637961207023e+01,-9.437302521164818714e+00
3.823288843350245436e+00,4.569957948699043371e+00,8.255838443870870957e-01,1.493941147340231979e+00,-1.036837648968760961e+00,8.400596153316794101e+00,7.552100639931552450e+00,-3.087989500151842925e+00,1.727877268308362968e+00,7.218453577582735647e+00,-3.863167504656101592e+00,-2.676761091989769081e+00,-1.025711527250337163e+01,-7.248826401576961231e+00,-1.403370811975232968e+01,-9.666003711578143864e+00
3.753015812631069537e+00,4.519962458374442882e+00,7.518492820043247704e-01,1.505774845227076941e+00,-1.200235372364490294e+00,7.519399470850190781e+00,7.548384335883739915e+00,-3.286313397387489843e+00,1.657895352436988823e+00,7.023128218059298433e+00,-4.155283182190832925e+00,-2.866804344118339287e+00,-1.049843210528562132e+01,-7.582071031017008522e+00,-1.436042520241354836e+01,-9.910585348330139155e+00
3.702741524933514050e+00,4.433075699192867702e+00,6.844278305681550378e-01,1.511808485187245754e+00,-1.375994916973009241e+00,6.578881177000143410e+00,7.515812045331646374e+00,-3.464499553127464715e+00,1.548422644701163975e+00,6.795754894700357873e+00,-4.494592316896482309e+00,-3.042760231355318368e+00,-1.071691316308350217e+01,-8.024341048712422264e+00,-1.477458814228555362e+01,-1.017497339442532933e+01
3.672545117244177426e+00,4.311524389668058177e+00,6.243529789061450508e-01,1.513558989559042445e+00,-1.556018318989939031e+00,5.583382498548489892e+00,7.443592165022336893e+00,-3.619902717345861554e+00,1.393243799362938518e+00,6.533010283087849146e+00,-4.887342273223408640e+00,-3.213232535295004855e+00,-1.092148127318264805e+01,-8.573431864565367988e+00,-1.527645022295862987e+01,-1.046215947783539946e+01
3.662893139402648046e+00,4.160890476855335862e+00,5.729888418466626554e-01,1.513887532402025560e+00,-1.731108840623789114e+00,4.539859511094690880e+00,7.323023570973033358e+00,-3.749432522648287858e+00,1.187736566744034716e+00,6.233100281355758554e+00,-5.336778418700595772e+00,-3.386802873277186432e+00,-1.112044717079494127e+01,-9.222525964628246697e+00,-1.586292605877020812e+01,-1.077395136647216134e+01
3.674511477467378384e+00,3.989695009556117888e+00,5.319181576857023863e-01,1.516753826867956123e+00,-1.891495861405823042e+00,3.457710915607346003e+00,7.148099391947835279e+00,-3.849555098273683029e+00,9.291609326019791837e-01,5.895958509975885775e+00,-5.842535751747417905e+00,-3.571262894004869182e+00,-1.132092395821153019e+01,-9.960510543010210327e+00,-1.652762973868367880e+01,-1.111084743905707306e+01
3.708239441730004415e+00,3.808817228855120085e+00,5.029394375768987402e-01,1.526980522560184683e+00,-2.027371934873040793e+00,2.348597725230337829e+00,6.916044799286861000e+00,-3.916377934035435437e+00,6.169085602361805698e-01,5.523449699826173287e+00,-6.400106358101601778e+00,-3.772808840254667562e+00,-1.152832996367180307e+01,-1.077227686106792959e+01,-1.726089863045026007e+01,-1.147176526423253051e+01
3.764842412242622061e+00,3.630681425076922153e+00,4.878649876992788847e-01,1.549824267399054323e+00,-2.129495917221365886e+00,1.226040664473929453e+00,6.627590725966911123e+00,-3.945832043343022733e+00,2.525712717653112449e-01,5.119359847828055976e+00,-7.000661163241106877e+00,-3.995389409872839082e+00,-1.174603131864968297e+01,-1.163947050531771588e+01,-1.805015298215301911e+01,-1.185404439214344130e+01
3.844715469749329539e+00,3.468312777364708666e+00,4.882940606705723496e-01,1.590501113120578403e+00,-2.189851161803063828e+00,1.048671590588972080e-01,6.287077358248165382e+00,-3.933964563988557650e+00,-1.601776905623890634e-01,4.689310915425467741e+00,-7.631193566171608822e+00,-4.240207912350387076e+00,-1.197525030475209640e+01,-1.254159195153799367e+01,-1.888037476466620390e+01,-1.225366062549463209e+01
3.947698143711643848e+00,3.334339876147366155e+00,5.054754522100539660e-01,1.653755368704872497e+00,-2.202147474536086946e+00,-9.993274981009268032e-01,5.902324060289295460e+00,-3.877237007618611564e+00,-6.156741843655950674e-01,4.240567989050999742e+00,-8.274834419409396347e+00,-4.505420928052946472e+00,-1.221504172410187294e+01,-1.345695104267841025e+01,-1.973464269186988673e+01,-1.266528468548900932e+01
4.072901421153224177e+00,3.240098329111162911e+00,5.401426341139203835e-01,1.743472625438751589e+00,-2.162264665238225358e+00,-2.070788684306902105e+00,5.484295105112054536e+00,-3.772837571874073426e+00,-1.106475050883456879e+00,3.781801392230310199e+00,-8.911421092414947509e+00,-4.786004549081827264e+00,-1.246233028222566652e+01,-1.436357359764902064e+01,-2.059473606966188086e+01,-1.308236218672943707e+01
4.218514694340164795e+00,3.194746549985789663e+00,5.922999847544048180e-01,1.862288227867551438e+00,-2.068608046359609709e+00,-3.094260799513615545e+00,5.046491815212603704e+00,-3.619050147332536937e+00,-1.623707739758495361e+00,3.322657936871420858e+00,-9.518421212483163529e+00,-5.073927776957176228e+00,-1.271224392453630259e+01,-1.524027285011387534e+01,-2.144191420249120483e+01,-1.349746140017732721e+01
4.381772128223458296e+00,3.204573717558250934e+00,6.611375031977124728e-01,2.011341836478744316e+00,-1.922265655774491933e+00,-4.055534304320838501e+00,4.604244851900793023e+00,-3.415567116456363905e+00,-2.157367938454666678e+00,2.873359499188969490e+00,-1.007192802313085878e+01,-5.358495307763611493e+00,-1.295840606631647773e+01,-1.606739877672254124e+01,-2.225755558299291081e+01,-1.390246421005152655e+01
4.558893018291896304e+00,3.272461175444314030e+00,7.449399116821253664e-01,2.190075242699652591e+00,-1.727040950019265164e+00,-4.942017018000401052e+00,4.173767132093120225e+00,-3.163755093759893278e+00,-2.696725738498805036e+00,2.444180795430480835e+00,-1.054786280857862835e+01,-5.626986831666430433e+00,-1.319339135676451491e+01,-1.682734229228528378e+01,-2.302386953678788828e+01,-1.428872456216898534e+01
4.745063135182260083e+00,3.397509418267861570e+00,8.409382555931976810e-01,2.396123056703467480e+00,-1.489402853531216042e+00,-5.743292737846620533e+00,3.771081739516437992e+00,-2.866952852996313084e+00,-3.230808406272024591e+00,2.044857749889007259e+00,-1.092335843972077924e+01,-5.865508222793361703e+00,-1.340928620233402846e+01,-1.750508038263371802e+01,-2.372462723045806143e+01,-1.464748168045028187e+01
4.934533844998006735e+00,3.575033122911893457e+00,9.452809911634156848e-01,2.625291106636438165e+00,-1.218240360991221127e+00,-6.451464930367611039e+00,3.411029049429304294e+00,-2.530569763602979805e+00,-3.748825562516997056e+00,1.684138426382908449e+00,-1.117803946134459459e+01,-6.059863514107861171e+00,-1.359818135631132385e+01,-1.808859125969948067e+01,-2.434577915827185990e+01,-1.497015501554703221e+01
5.120760444030993952e+00,3.796739687498689175e+00,1.053067180174426021e+00,2.871679025479020542e+00,-9.244678626056019866e-01,-7.061424401475418833e+00,3.106358050521513370e+00,-2.162050254639393820e+00,-4.240580997300376964e+00,1.369336355522448923e+00,-1.129523192482509941e+01,-6.196518093440886332e+00,-1.375270055871204278e+01,-1.856907616967701813e+01,-2.487591454199190721e+01,-1.524864818124686217e+01
5.296565626302475849e+00,4.051110436355795485e+00,1.158368598625368229e+00,3.127836116184150583e+00,-6.206078750138805944e-01,-7.570983059777464774e+00,2.866801362840180722e+00,-1.770825094906403052e+00,-4.696938475619631070e+00,1.105902151213822737e+00,-1.126313295250886704e+01,-6.263623461960108330e+00,-1.386651581243904729e+01,-1.894109387638734887e+01,-2.530669644291634057e+01,-1.547570750201244749e+01
5.454371246011866958e+00,4.324049868995766488e+00,1.254348985962854712e+00,3.385021473368456935e+00,-3.202352171998583685e-01,-7.980902770271026014e+00,2.698451960210308087e+00,-1.368047948871042863e+00,-5.110143471573924678e+00,8.971764082296491694e-01,-1.107568361283238190e+01,-6.251921636767027834e+00,-1.393475864382668306e+01,-1.920275436048878248e+01,-2.563317117271002843e+01,-1.564532049496312460e+01
5.586439111061099361e+00,4.599671065550907656e+00,1.333471694173044231e+00,3.633560485812291851e+00,-3.734660521935762034e-02,-8.294681263898944223e+00,2.603340292840875314e+00,-9.662134432877964585e-01,-5.474120567670299309e+00,7.442919153435352264e-01,-1.073315880531251665e+01,-6.155482120548985137e+00,-1.395433712285149497e+01,-1.935564622857153338e+01,-2.585379730210920712e+01,-1.575296145697255668e+01
5.685173818435185211e+00,4.861197081853820379e+00,1.387787071738233902e+00,3.863250333991743890e+00,2.143106528257714416e-01,-8.518240388179052047e+00,2.579235124433342463e+00,-5.787085898176984600e-01,-5.784599999752822796e+00,6.461329436637055501e-01,-1.024239202374182867e+01,-5.972305474330341646e+00,-1.392407134874523678e+01,-1.940454494514375483e+01,-2.597034709814696285e+01,-1.579574421717211408e+01
5.743482569131924009e+00,5.091959175314780595e+00,1.409264046855016606e+00,4.063827893441553485e+00,4.218561428604234997e-01,-8.659480536912026238e+00,2.619699497872167271e+00,-2.191933727240558127e-01,-6.039135323511849229e+00,5.994854110612326537e-01,-9.616611477251041151e+00,-5.704618340835296841e+00,-1.384469312341434666e+01,-1.935699376747547973e+01,-2.598767408554151004e+01,-1.577245434623632647e+01
5.755080232619728342e+00,5.276378385918454761e+00,1.390257614542595999e+00,4.225470674233491764e+00,5.739459328697744667e-01,-8.727703908245850073e+00,2.714524944072153723e+00,9.909599597813478766e-02,-6.237022049390958500e+00,5.993509496727225105e-01,-8.874903858190815953e+00,-5.358925928808561778e+00,-1.371870951008542683e+01,-1.922282454112855987e+01,-2.591329893925051664e+01,-1.568355863721468424e+01
5.714845032714013229e+00,5.400892501740052865e+00,1.323980467916191728e+00,4.339336662684779355e+00,6.613649582627898482e-01,-8.732959513231541848e+00,2.850318094944080727e+00,3.640295719665820329e-01,-6.379022687742943454e+00,6.393126286600900876e-01,-8.041311978368520741e+00,-4.945756584218486296e+00,-1.355010027031116060e+01,-1.901333297085312424e+01,-2.575677777920360967e+01,-1.553098624459137866e+01
5.619124485457669849e+00,5.454760006200750411e+00,1.205010878560403675e+00,4.398034821217509105e+00,6.774954175239036314e-01,-8.685392095687323177e+00,3.011281516048894602e+00,5.652870538562071445e-01,-6.467083032587284563e+00,7.120024533851048165e-01,-7.143616925963113040e+00,-4.479177242065253139e+00,-1.334396224027807243e+01,-1.874051378188845973e+01,-2.552917134273754129e+01,-1.531793898164760570e+01
5.465984104087343809e+00,5.430688286391941233e+00,1.029693452865485082e+00,4.396000668460699146e+00,6.186501154729902030e-01,-8.594586505527756159e+00,3.180266015265142521e+00,6.949860045230193961e-01,-6.504019170867535671e+00,8.096261321276900791e-01,-6.211966896688927875e+00,-3.976056258266824184e+00,-1.310608550300299768e+01,-1.841645237240287614e+01,-2.524235355348443477e+01,-1.504871952599469509e+01
5.255375372999401939e+00,5.325281088437025190e+00,7.965709843221575603e-01,4.329842086486996422e+00,4.842777751241842399e-01,-8.468995662679326131e+00,3.339945115127839870e+00,7.482297661668395605e-01,-6.493172747285032465e+00,9.245251441628894451e-01,-5.277319201113440883e+00,-3.455090936354151765e+00,-1.284255379678899800e+01,-1.805288608393266259e+01,-2.490846231523541121e+01,-1.472854152605567890e+01
4.989268980945755771e+00,5.139205170635195330e+00,5.066881060880006338e-01,4.198562486595513121e+00,2.769800918501754694e-01,-8.315500113086137901e+00,3.473940533047249701e+00,7.234890008545651341e-01,-6.438038668876888693e+00,1.049677096807944521e+00,-4.369781660582959582e+00,-2.935691393295987162e+00,-1.255925502267406024e+01,-1.766062347173981806e+01,-2.453918950488768402e+01,-1.436325118010203816e+01
4.671636899695386091e+00,4.877153337390058851e+00,1.637341835878012297e-01,4.003656038808866668e+00,2.380477133318015248e-03,-8.139111087942350053e+00,3.568006635377146907e+00,6.228498890327225368e-01,-6.342064581315328020e+00,1.179148150759748548e+00,-3.517161798923670091e+00,-2.436857561408670492e+00,-1.226155558684139990e+01,-1.724950429049919265e+01,-2.414538899103722258e+01,-1.395927859001134053e+01
4.308413615079066616e+00,4.547538512019357881e+00,-2.258591393607010112e-01,3.749085070676398068e+00,-3.311287117621353193e-01,-7.942771335359555707e+00,3.611114498512055349e+00,4.520629613922091394e-01,-6.208412311681072104e+00,1.308514582750996302e+00,-2.743512127912773657e+00,-1.975961987795189501e+00,-1.195397888397869934e+01,-1.682842088438253825e+01,-2.373665706656518637e+01,-1.352352165941162099e+01
3.907337832293461766e+00,4.162043599106191039e+00,-6.529919814003746215e-01,3.441195984706025168e+00,-7.127808903755818992e-01,-7.727333162594641536e+00,3.596275524792805101e+00,2.204164848492187190e-01,-6.039826490753220867e+00,1.435056230368966457e+00,-2.068008463917374584e+00,-1.567722970156526507e+00,-1.164004242776818643e+01,-1.640529581194507358e+01,-2.332101094968995980e+01,-1.306322419254855305e+01
3.477768902578493471e+00,3.734940683734391254e+00,-1.106073089300949830e+00,3.088513788925970172e+00,-1.129860320131818030e+00,-7.491729887567480262e+00,3.521146051819362910e+00,-5.957823410365570282e-02,-5.838533526735641743e+00,1.557891074375832297e+00,-1.504015425140486251e+00,-1.223257879662003500e+00,-1.132202957018500200e+01,-1.598702684658776541e+01,-2.290473751357861687e+01,-1.258576852812418956e+01
3.030411273503639258e+00,3.282260166260707823e+00,-1.571392467316904629e+00,2.701468535412443916e+00,-1.568317032113559328e+00,-7.233283363663318255e+00,3.388339830039953426e+00,-3.727122022285254133e-01,-5.606238910240798567e+00,1.677966669894013663e+00,-1.058576860564881983e+00,-9.493943779934004290e-01,-1.100105143372112337e+01,-1.557977871756961363e+01,-2.249232647993422063e+01,-1.209864912919509905e+01
2.576972565144114213e+00,2.820923705218601807e+00,-2.033566396543005084e+00,2.292027269333413386e+00,-2.013328998882861764e+00,-6.948118656848491170e+00,3.205378549624882112e+00,-7.017807827719000358e-01,-5.344284593391998683e+00,1.797824688773881352e+00,-7.322671207170570185e-01,-7.483040524832063056e-01,-1.067710187461497284e+01,-1.518895469080968397e+01,-2.208659656524847037e+01,-1.160935337615988594e+01
2.129835927723363387e+00,2.367878948144344076e+00,-2.476069511856056948e+00,1.873323443840449132e+00,-2.449847146791454211e+00,-6.631689619813087688e+00,2.984307558078477030e+00,-1.028327604680785434e+00,-5.053698823155919229e+00,1.921279505643162633e+00,-5.193802015460713406e-01,-6.173441513998509933e-01,-1.034921628874136168e+01,-1.481907043385283451e+01,-2.168881330217573122e+01,-1.112513279428397617e+01
1.701617127872334656e+00,1.939169804737435499e+00,-2.881976863321574989e+00,1.459152273066128824e+00,-2.863319351941596036e+00,-6.279425859223973561e+00,2.740991908465653992e+00,-1.333619298461553804e+00,-4.735493328063341778e+00,2.052953262698863135e+00,-4.086286443979361138e-01,-5.493665125439717301e-01,-1.001585669471773699e+01,-1.447392166639505007e+01,-2.129906314027972769e+01,-1.065304483082511133e+01
1.304679115230618303e+00,1.549129279884396748e+00,-3.234745859387694100e+00,1.063399919591199616e+00,-3.240259972484569317e+00,-5.887405942318657992e+00,2.494153290024485159e+00,-1.599625513554355116e+00,-4.391008764842238676e+00,2.197733087255234530e+00,-3.841311073019282318e-01,-5.332293941777195290e-01,-9.675279292162638711e+00,-1.415684789775110985e+01,-2.091665574437424979e+01,-1.019997576520835736e+01
9.507153218708677134e-01,1.209690804712366674e+00,-3.518982407013232727e+00,6.995751308290094617e-01,-3.568762312679032878e+00,-5.452951048927774380e+00,2.264216628990729063e+00,-1.809949864752985249e+00,-4.022191684147061075e+00,2.360217957340766226e+00,-4.266650105390210612e-01,-5.546153849987502937e-01,-9.325949407243140143e+00,-1.387072934733455298e+01,-2.054054069605748367e+01,-9.772539044092283689e+00
6.502896250972254322e-01,9.298520773621974378e-01,-3.721294095784357658e+00,3.802259167077025603e-01,-3.839040514107781910e+00,-4.975223564317149183e+00,2.071998981037495469e+00,-1.950792524583083498e+00,-3.631961788190333440e+00,2.544111544522199786e+00,-5.151309013809708404e-01,-5.970474936802543375e-01,-8.966983332915514637e+00,-1.361823262698614379e+01,-2.016977635134918501e+01,-9.377129412469104253e+00
4.124084202843785185e-01,7.153422574452734661e-01,-3.831006513642159828e+00,1.164137132199672964e-01,-4.043750634770709063e+00,-4.455733727416262724e+00,1.937384155634735095e+00,-2.011705783231810152e+00,-3.224508829306208302e+00,2.751774091323022198e+00,-6.281328529048391118e-01,-6.430650383142755278e-01,-8.598601284906870035e+00,-1.340215274556283198e+01,-1.980397644477804420e+01,-9.020014852455354060e+00
2.441275973833572088e-01,5.684117787883984363e-01,-3.840849130673743339e+00,-8.274428953377599427e-02,-4.178285809781235649e+00,-3.898642431518673845e+00,1.877944285770423605e+00,-1.986241296248915766e+00,-2.805513213418595608e+00,2.983729152878264568e+00,-7.455076569199734493e-01,-6.755084725562721104e-01,-8.222457206909460581e+00,-1.322543967827037292e+01,-1.944363849135154254e+01,-8.707220550017570559e+00
1.502963510260202362e-01,4.879049915354074507e-01,-3.747393204327241989e+00,-2.104174663259148481e-01,-4.240859978340633774e+00,-3.310879898383501718e+00,1.907725893187768307e+00,-1.872359980704713323e+00,-2.382173115383517725e+00,3.238391413999467616e+00,-8.497059032782123822e-01,-6.787301410438575378e-01,-7.841776734301424412e+00,-1.309105592697930476e+01,-1.909034017050647591e+01,-8.444343169612334776e+00
1.333207464701322564e-01,4.695138960618873147e-01,-3.551379468755735402e+00,-2.623695993832995121e-01,-4.232522580595373896e+00,-2.702082711511772928e+00,2.036245644482981731e+00,-1.672621627013014312e+00,-1.963182156038931314e+00,3.511935033381157201e+00,-9.269977584811215365e-01,-6.397373894753626278e-01,-7.461494417411186575e+00,-1.300202679410684503e+01,-1.874688925457096644e+01,-8.236464117654140438e+00
1.930691397359414196e-01,5.061529001446052334e-01,-3.257811246294970431e+00,-2.371273513401761512e-01,-4.157020360708834517e+00,-2.084306759125014175e+00,2.267653609474642451e+00,-1.394152457437583870e+00,-1.558499384937706012e+00,3.798294152893847642e+00,-9.683614384400405228e-01,-5.492099739012441528e-01,-7.088172969178441640e+00,-1.296110661028582633e+01,-1.841728508417632426e+01,-8.087895634900441166e+00
3.268790024689045559e-01,5.885490684897809466e-01,-2.875775225559960013e+00,-1.359856308003066783e-01,-4.020511319426387509e+00,-1.471535063903989915e+00,2.600268591973820875e+00,-1.048260079685658042e+00,-1.178924898280097056e+00,4.089387836059811043e+00,-9.699382634168571826e-01,-4.021805529172883809e-01,-6.729688153834308295e+00,-1.297024189707215491e+01,-1.810649004325619416e+01,-8.001737242897846158e+00
5.296275804326637804e-01,7.058282989934991924e-01,-2.418169258057746518e+00,3.701333072225054810e-02,-3.831249978555216096e+00,-8.790476260613440118e-01,3.026400666726637212e+00,-6.499075514553096511e-01,-8.356574682057980041e-01,4.375451289609951111e+00,-9.332686591948249344e-01,-1.985152287633427104e-01,-6.394923831367568923e+00,-1.303025519602555704e+01,-1.782022666483348772e+01,-7.979691426170580471e+00
7.938716458189856162e-01,8.461889002456668418e-01,-1.901236288591334977e+00,2.751694660119833324e-01,-3.599236231290315224e+00,-3.227191761685972438e-01,3.532612925110079516e+00,-2.170152448029272207e-01,-5.398408135279433306e-01,4.645492901568122335e+00,-8.650780462438367735e-01,5.691672472302511387e-02,-6.093372215179697626e+00,-1.314071483660868722e+01,-1.756467703582175233e+01,-8.021924285908793806e+00
1.110111055309019434e+00,9.976015677257366043e-01,-1.343849167113812637e+00,5.693734078307947089e-01,-3.335768449440891015e+00,1.818488400174329556e-01,4.100298985957175901e+00,2.304992946866901704e-01,-3.018679893301684514e-01,4.887932265323966519e+00,-7.766965028639409852e-01,3.545106508198112572e-01,-5.834526723224463751e+00,-1.329962925682573172e+01,-1.734607511749185704e+01,-8.126792443248252340e+00
1.467063285751311064e+00,1.148418510388011349e+00,-7.667904019430750173e-01,9.084052246166129940e-01,-3.053004432283176861e+00,6.201198770623461698e-01,4.706563124625789740e+00,6.717087606309251058e-01,-1.308855871172818208e-01,5.091223582903889877e+00,-6.832064053122461900e-01,6.803909112978556717e-01,-5.627341098155319798e+00,-1.350347547397811709e+01,-1.717031531714608406e+01,-8.290841370066415195e+00
1.852037361173326957e+00,1.287966791683239576e+00,-1.919219060320760395e-01,1.279266834587644341e+00,-2.763516792766265162e+00,9.794148077670978836e-01,5.325451806170125479e+00,1.085782203625828224e+00,-3.424045946292664233e-02,5.244599401720949849e+00,-6.023351877983493807e-01,1.017278250840599307e+00,-5.479713478969674867e+00,-1.374749057254663498e+01,-1.704260398917158170e+01,-8.508935297934144160e+00
2.251384055246940186e+00,1.407012952404012474e+00,3.588188326761068137e-01,1.667665367720770231e+00,-2.479803673098134986e+00,1.249679565251243574e+00,5.929386540697867858e+00,1.453079853608976180e+00,-1.695023099626702390e-02,5.338779871443346536e+00,-5.530798061205119964e-01,1.345586312092787118e+00,-5.397850280822042102e+00,-1.402579223018167909e+01,-1.696696657877002679e+01,-8.774247438760824025e+00
2.650953609622082929e+00,1.498098078255570176e+00,8.643777575005122671e-01,2.058532730602941729e+00,-2.213842479056805868e+00,1.424133000903056612e+00,6.490622306580171141e+00,1.756209619955577672e+00,-8.124595701973391648e-02,5.366578034285794274e+00,-5.542711707583105607e-01,1.644646776237057795e+00,-5.385757664366714437e+00,-1.433155425855816212e+01,-1.694596314965261641e+01,-9.078385820943445594e+00
3.036579427873284054e+00,1.555811051004371226e+00,1.305419636881874235e+00,2.436532103771113178e+00,-1.976750994537601169e+00,1.499651858338403976e+00,6.982736605773807170e+00,1.980913076532368144e+00,-2.263787722552130788e-01,5.323410699708180260e+00,-6.232071710672855147e-01,1.894011961528404564e+00,-5.444866349727440991e+00,-1.465744361992026512e+01,-1.698042449572113810e+01,-9.411708121778893599e+00
3.394574164819181838e+00,1.576860933987952684e+00,1.665247661120891731e+00,2.786689174336709041e+00,-1.778331084453279143e+00,1.477118462400356158e+00,7.382133083024559284e+00,2.116839856766846495e+00,-4.483914492461498202e-01,5.207679554783487319e+00,-7.742447537143570813e-01,2.074830378117122009e+00,-5.573709831331793652e+00,-1.499584876140965761e+01,-1.706928557796164370e+01,-9.763580166715911446e+00
3.712311732476544890e+00,1.560085539994794601e+00,1.930594274250262865e+00,3.095032919036916574e+00,-1.626726401082696283e+00,1.361548009735356501e+00,7.669332393036469853e+00,2.158141732816364566e+00,-7.400676062217468321e-01,5.021002395723502154e+00,-1.017549014768825089e+00,2.171146587335697653e+00,-5.767693184531310635e+00,-1.533891907339487304e+01,-1.720940720264007240e+01,-1.012251653200050328e+01
3.978654578403431508e+00,1.506304273765437962e+00,2.092160153822119284e+00,3.349172789559212049e+00,-1.528207125346066286e+00,1.161867607038803207e+00,7.829994155994230098e+00,2.103717004062409579e+00,-1.091142601579350613e+00,4.768206692232143773e+00,-1.358227944523544117e+00,2.170950377908225981e+00,-6.019140262073595871e+00,-1.567881193914928062e+01,-1.739566167314028533e+01,-1.047660593367575466e+01
4.184352702707111682e+00,1.418086106187263162e+00,2.144959232743181232e+00,3.538751606053455401e+00,-1.487006312531744534e+00,8.905247037708798885e-01,7.855703235984197619e+00,1.957227194050531693e+00,-1.488718167889043986e+00,4.457136188481802819e+00,-1.795768866304261913e+00,2.067034477139848114e+00,-6.317583009843590780e+00,-1.600807157497746047e+01,-1.762119409486855304e+01,-1.081402313291392581e+01
4.322379680427647308e+00,1.299455975521740303e+00,2.088516007247485540e+00,3.655945200403681206e+00,-1.505224861113170221e+00,5.629376497319302786e-01,7.744449708966293144e+00,1.726844840488204191e+00,-1.917758447342572170e+00,4.098307404992050706e+00,-2.323784601014767581e+00,1.857576094017950652e+00,-6.650077640577003457e+00,-1.631985699075350027e+01,-1.787765041245867437e+01,-1.112339617677613113e+01
4.388178669133711907e+00,1.155556556119866851e+00,1.926805124139584713e+00,3.695775759417626372e+00,-1.582837111306012012e+00,1.967527220541587241e-01,7.500734208351547139e+00,1.424762425366631113e+00,-2.361755662752908602e+00,3.704423851903677622e+00,-2.930144123378113363e+00,1.546401331423267411e+00,-7.001815175390118107e+00,-1.660820962478886287e+01,-1.815558745490636383e+01,-1.139431460669801588e+01
4.379799998322345900e+00,9.922808363250634756e-01,1.667960811284884493e+00,3.656360272913737219e+00,-1.717785814183263149e+00,-1.890601062911034802e-01,7.135363511980692408e+00,1.066434017023743408e+00,-2.803576467466568634e+00,3.289758634629084355e+00,-3.597507439505344351e+00,1.142928041437933473e+00,-7.356808005190108801e+00,-1.686844953938931368e+01,-1.844493643194365973e+01,-1.161780858797347271e+01
4.297994385324637179e+00,8.159620770680096058e-01,1.323870230643797719e+00,3.539027006815635090e+00,-1.906055966871583518e+00,-5.750970496533680532e-01,6.664941185590516071e+00,6.697112541465264357e-01,-3.226245426768882929e+00,2.869448875751075434e+00,-4.304139864892603917e+00,6.617613547965000009e-01,-7.698632901329449219e+00,-1.709738415171624126e+01,-1.873547318963243669e+01,-1.178666658421235169e+01
4.146147703514611038e+00,6.330158416757303286e-01,9.095748698503411944e-01,3.348327069690806734e+00,-2.141890014522443764e+00,-9.425272324213507247e-01,6.110991626141835553e+00,2.537997909869815771e-01,-3.613741019286615064e+00,2.458776845759862439e+00,-5.024978167851364752e+00,1.219616386441995104e-01,-8.011278358549581924e+00,-1.729333370148497906e+01,-1.901728261596385394e+01,-1.189575184629395466e+01
3.930169231478659597e+00,4.497178762998110813e-01,4.425397534646986486e-01,3.091903338161765991e+00,-2.418026493612068784e+00,-1.273971617598441242e+00,5.498822281586043914e+00,-1.618627264888221617e-01,-3.951707515446731378e+00,2.072435371503066115e+00,-5.732898665764764701e+00,-4.539189562862264715e-01,-8.279930836501083746e+00,-1.745602720372334460e+01,-1.928121901381325642e+01,-1.194212815503985858e+01
3.658335233178780399e+00,2.720162997308035457e-01,-5.807054093230812342e-02,2.780328514023157727e+00,-2.725845978661807667e+00,-1.554279411543072698e+00,4.856346129749464779e+00,-5.585946137101140962e-01,-4.228090640551206647e+00,1.723892180379543504e+00,-6.400087096820094246e+00,-1.040957395920663053e+00,-8.491646478362643080e+00,-1.758641289002407859e+01,-1.951918740537594843e+01,-1.192500888481542631e+01
3.340988166381593238e+00,1.053985027298427468e-01,-5.721941371230405693e-01,2.426730206913609411e+00,-3.055685523665208958e+00,-1.771194213198551637e+00,4.212628435711950559e+00,-9.194998582331139758e-01,-4.433558310163319582e+00,1.424748920946382391e+00,-6.999424801379054095e+00,-1.613231465973625767e+00,-8.635989238928718947e+00,-1.768612290927504560e+01,-1.972440940886330907e+01,-1.184558502302403404e+01
2.990171630632785682e+00,-4.521588268073539751e-02,-1.079739240880385864e+00,2.046328662873062143e+00,-3.397140195691636055e+00,-1.915845991370189516e+00,3.596379976905677012e+00,-1.230374429030881345e+00,-4.561785689364687535e+00,1.184252657807927100e+00,-7.505847423210349589e+00,-2.145165404781486984e+00,-8.705512855178293208e+00,-1.775690468417679213e+01,-1.989163094464026926e+01,-1.170676622060259930e+01
2.619216453537650757e+00,-1.754832702306110548e-01,-1.561376542956388391e+00,1.655870441570286289e+00,-3.739399706545765589e+00,-1.983069210552975470e+00,3.034629373040269584e+00,-1.480424831869685320e+00,-4.609599300956281454e+00,1.008975424082167116e+00,-7.897611174968794501e+00,-2.612859850436128006e+00,-8.696136315203705891e+00,-1.780022935569284925e+01,-2.001723566096119100e+01,-1.151293903279795927e+01
2.242238583464897239e+00,-2.816409671288653271e-01,-1.999312609954730924e+00,1.272928201311556595e+00,-4.071584081524521892e+00,-1.971504747220383713e+00,2.551475758759080392e+00,-1.662765548950992489e+00,-4.576995765920222503e+00,9.026097808241511089e-01,-8.157388190176689591e+00,-2.995359693018211367e+00,-8.607356245092812941e+00,-1.781698138849053237e+01,-2.009928571033476885e+01,-1.126970267530111514e+01
1.873629059977359068e+00,-3.604609220185404084e-01,-2.377964814699154772e+00,9.151899008432478055e-01,-4.383126140314443475e+00,-1.883541940276026949e+00,2.166982209166709694e+00,-1.774671937373405228e+00,-4.466915637947854734e+00,8.659086651303535831e-01,-8.273098561144303531e+00,-3.275685831023664285e+00,-8.442206615423458516e+00,-1.780707021819356584e+01,-2.013745720447967713e+01,-1.098344150838456379e+01
1.527451766545580458e+00,-4.092981988307347052e-01,-2.684621498191456901e+00,5.996227665540003748e-01,-4.664157240483288724e+00,-1.725101717737228313e+00,1.896329047628228182e+00,-1.817679092818055508e+00,-4.284994808420229617e+00,8.967804810887578526e-01,-8.238520824191416736e+00,-3.441703316125828582e+00,-8.207150595473912347e+00,-1.776948438056294677e+01,-2.013296605848652021e+01,-1.066116756465050486e+01
1.216902920515621433e+00,-4.260126099864605109e-01,-2.909839625520973527e+00,3.416835760274015144e-01,-4.905835277386187521e+00,-1.505171269387393984e+00,1.749287576305263769e+00,-1.797295045361793520e+00,-4.039132487382101289e+00,9.905482450313281007e-01,-8.053612987302305015e+00,-3.486637890310482213e+00,-7.911757228783061535e+00,-1.770239442360047732e+01,-2.008838918053029232e+01,-1.031022571524616893e+01
9.537982562315641122e-01,-4.090119044934370507e-01,-3.047756157089956730e+00,1.545762079076560269e-01,-5.100669030582248631e+00,-1.235237954177469621e+00,1.729925007201760678e+00,-1.722547192758027812e+00,-3.738943314338584845e+00,1.140291741038496731e+00,-7.724416988163746112e+00,-3.409321810148004062e+00,-7.568142534467106053e+00,-1.760323740977839080e+01,-2.000741173694341057e+01,-9.937998831282577328e+00
7.481018331109281494e-01,-3.572606604871086944e-01,-3.096232380863667810e+00,4.863012079205164540e-02,-5.242762101934272501e+00,-9.286303335255641223e-01,1.836550983081890465e+00,-1.605342779224176120e+00,-3.395217892328044051e+00,1.337258716023852045e+00,-7.262790570703437254e+00,-3.214169724442122344e+00,-7.190338198209673237e+00,-1.746889622018697708e+01,-1.989458566143809293e+01,-9.551693577725256290e+00
6.075164786381255233e-01,-2.703238122771551843e-01,-3.056830062385579971e+00,3.068399682847688936e-02,-5.328034819981885661e+00,-5.997447525915369226e-01,2.061982590096389956e+00,-1.459641493970868176e+00,-3.019305537416224539e+00,1.571353033627439721e+00,-6.685787598984189728e+00,-2.910827613818679716e+00,-6.793599510797686314e+00,-1.729613494845993316e+01,-1.975509183348047415e+01,-9.158203940983423053e+00
5.371808461475682250e-01,-1.484196800375148229e-01,-2.934619926106035948e+00,1.037376838070405149e-01,-5.354357510694118361e+00,-2.633094360961383273e-01,2.394006998244682549e+00,-1.300544542634023415e+00,-2.622564637456075154e+00,1.831563358019995924e+00,-6.014857708876500730e+00,-2.513596566664220600e+00,-6.393573146215013381e+00,-1.708179641068776178e+01,-1.959444011506993988e+01,-8.763929892762433838e+00
5.394829867259065548e-01,7.422891397603770258e-03,-2.737835675467024998e+00,2.667425677581167776e-01,-5.321596345612621626e+00,6.643454881625965314e-02,2.816015034406362361e+00,-1.143339063427713853e+00,-2.215768068692434589e+00,2.106506446811979849e+00,-5.274778894762018666e+00,-2.040610186687311423e+00,-6.005475827608546702e+00,-1.682297680691837272e+01,-1.941817101360287978e+01,-8.374626967669589916e+00
6.139403278809336673e-01,1.953183596716829840e-01,-2.477441484646551118e+00,5.145292924734055084e-01,-5.231607729269251550e+00,3.764064982961707884e-01,3.307852402334622965e+00,-1.002558398264528527e+00,-1.808754134750976350e+00,2.384792300799918330e+00,-4.492596632996245454e+00,-1.512871389298348745e+00,-5.643395598636909760e+00,-1.651752072827323659e+01,-1.923173290952372128e+01,-7.995478879341382239e+00
7.571775141359751160e-01,4.123886527771825072e-01,-2.166695115750214562e+00,8.378838209979826424e-01,-5.088276978503152748e+00,6.551995306630145066e-01,3.846798705350721548e+00,-8.912176791339296855e-01,-1.410191976228609700e+00,2.655417930311340768e+00,-3.696526500688097627e+00,-9.531822849112119300e-01,-5.319667542156329532e+00,-1.616456500645451300e+01,-1.904036518467008676e+01,-7.631258673135602244e+00
9.630665561014295495e-01,6.547059582664696009e-01,-1.820521445083318035e+00,1.223929532555196875e+00,-4.897303129555456991e+00,8.936257681170198808e-01,4.408537375717493489e+00,-8.200297130723930294e-01,-1.027379781240109091e+00,2.908093709335981991e+00,-2.914744986357002965e+00,-3.850147065858422479e-01,-5.044311295306794563e+00,-1.576484216775566516e+01,-1.884897714492488774e+01,-7.286384408727320405e+00
1.222938977221361023e+00,9.172401537616226008e-01,-1.454911382307229051e+00,1.656575762790850170e+00,-4.666042812179356680e+00,1.084988475021567034e+00,4.968269864425149507e+00,-7.969273687027982334e-01,-6.662643473350748913e-01,3.133504111804056969e+00,-2.174328828877225561e+00,1.685842108814412654e-01,-4.824670946215032785e+00,-1.532116458930123315e+01,-1.866209661806245279e+01,-6.965140414946445091e+00
1.525869619495073604e+00,1.193828040392014955e+00,-1.086366873716464898e+00,2.117126186234700391e+00,-4.403286330618684019e+00,1.225226395588634887e+00,5.501789511473102579e+00,-8.267361762010390080e-01,-3.316380580814837220e-01,3.323480286986714383e+00,-1.500347023491728216e+00,6.860133390996012714e-01,-4.665307267579219541e+00,-1.483903893295386744e+01,-1.848394990156695883e+01,-6.671991586879254754e+00
1.859120322601088615e+00,1.477266938523350781e+00,-7.311989570815238260e-01,2.585092753298059876e+00,-4.118927966823476616e+00,1.312951972563098479e+00,5.986386758764073335e+00,-9.111015228143584110e-01,-2.728470958011008918e-02,3.471117391576390432e+00,-9.149654682132748462e-01,1.147983034870322605e+00,-4.567923436621865285e+00,-1.432673619076800620e+01,-1.831845011879890350e+01,-6.411705443112692748e+00
2.208689395471876260e+00,1.759474436361885719e+00,-4.048557775248455837e-01,3.039174824843169365e+00,-3.823513868635575186e+00,1.349389522093225047e+00,6.401773863717233226e+00,-1.048532292551663581e+00,2.438452654181864077e-01,3.570906841593406433e+00,-4.367065029232426454e-01,1.538251731032771019e+00,-4.531473599685611475e+00,-1.379513519147776002e+01,-1.816914858645143838e+01,-6.189352809986203852e+00
2.559907148755298678e+00,2.031738218494017811e+00,-1.213579078562927460e-01,3.458222953899607433e+00,-3.527879015278974961e+00,1.338160193773449080e+00,6.730803987613521500e+00,-1.234705800902644590e+00,4.793362997251104929e-01,3.618783270089330095e+00,-7.993753206621434515e-02,1.844188443448195436e+00,-4.552427267158691393e+00,-1.325761967765544469e+01,-1.803926281632627138e+01,-6.010376564655789622e+00
2.898109706274108355e+00,2.285028253611768534e+00,1.073305864831428647e-01,3.822304680453600501e+00,-3.242637247616785512e+00,1.285043207694780421e+00,6.960094596977898007e+00,-1.462936755673080569e+00,6.771563659461623530e-01,3.612151149693275443e+00,1.455381845523637807e-01,2.057060710355148814e+00,-4.625122534488512294e+00,-1.272942051364363891e+01,-1.793157966836285766e+01,-5.880388573921099038e+00
3.209306707133098513e+00,2.510374714682069630e+00,2.718297626893104724e-01,4.113776513177111127e+00,-2.977672298232205250e+00,1.197596300119403878e+00,7.080385594692497619e+00,-1.724779824928549310e+00,8.355694326665017435e-01,3.549915394702138904e+00,2.347658785899637834e-01,2.172128644720331181e+00,-4.742179405379993717e+00,-1.222659463765329946e+01,-1.784839011355746408e+01,-5.804872648848933281e+00
3.480814676050763889e+00,2.699269026466056154e+00,3.656889824535956013e-01,4.318141646230763797e+00,-2.741788160620558301e+00,1.084735970488154067e+00,7.086751260443170608e+00,-2.010723171734255743e+00,9.529942163194307092e-01,3.432456992588979183e+00,1.875688911662747316e-01,2.188510487723122289e+00,-4.895136216554186070e+00,-1.176524089504941095e+01,-1.779144827939055773e+01,-5.789007039095108276e+00
3.701874518584195251e+00,2.844142193322755752e+00,3.856982695735713396e-01,4.424877802939196414e+00,-2.542301581040998570e+00,9.562802679773128034e-01,6.978771200115007289e+00,-2.310949467091615084e+00,1.027960330602879058e+00,3.261651280946347597e+00,8.440837913200383014e-03,2.108896700542352676e+00,-5.075003042106461137e+00,-1.136064368370567301e+01,-1.776195370025199338e+01,-5.837427237778699762e+00
3.864256927309499101e+00,2.938851673744538040e+00,3.321243764622425765e-01,4.428136897340840150e+00,-2.384674905667021783e+00,8.225923112448363383e-01,6.760460136266267739e+00,-2.615971357953963405e+00,1.059298508694026530e+00,3.040963515596709410e+00,-2.936586632186273249e-01,1.939210064561135649e+00,-5.272784370713638147e+00,-1.102609569702266157e+01,-1.776035423060300644e+01,-5.953735938658963001e+00
3.962597900256318972e+00,2.979016958254812053e+00,2.086326984280917340e-01,4.327020221248599974e+00,-2.272342815338904920e+00,6.940578239067249910e-01,6.440052796225986143e+00,-2.917356463157331881e+00,1.046164420573457043e+00,2.775369370072952258e+00,-7.058129436630755649e-01,1.687991282030232298e+00,-5.480089876989056030e+00,-1.077217868132476042e+01,-1.778635762843877188e+01,-6.140320829471603403e+00
3.994631903229266534e+00,2.962355381595636938e+00,2.208311118208028390e-02,4.125696304972148454e+00,-2.206674092392131747e+00,5.805506148878922801e-01,6.029662711776300199e+00,-3.208316978410051590e+00,9.881403665552421778e-01,2.471338565538994558e+00,-1.211761625527953967e+00,1.365773971807866083e+00,-5.689715934413282383e+00,-1.060635930276069594e+01,-1.783902411329340154e+01,-6.398245559357068402e+00
3.961436057205603767e+00,2.888970163979085015e+00,-2.176304473970511744e-01,3.833347990593385823e+00,-2.186847433431857723e+00,4.912026075956017479e-01,5.544865871219219144e+00,-3.484018271793122068e+00,8.855536230402911713e-01,2.136853653803712838e+00,-1.792431707585236289e+00,9.845334744221325707e-01,-5.895933400320211071e+00,-1.053227933923166049e+01,-1.791663108853831332e+01,-6.726900197004334281e+00
3.867444702300662396e+00,2.761527726792817994e+00,-4.979371818805051753e-01,3.463842933967847593e+00,-2.209898898972737946e+00,4.340942133578380435e-01,5.004179839994430168e+00,-3.741765298472182977e+00,7.398122410851279973e-01,1.781385722276084493e+00,-2.426613236050931377e+00,5.570761961869270529e-01,-6.094727428906911548e+00,-1.054933507411539040e+01,-1.801662726648694246e+01,-7.123766463652859038e+00
3.720191915716771991e+00,2.585193304433904604e+00,-8.042065022893161164e-01,3.035041344379978856e+00,-2.271007879053598799e+00,4.158694708719163913e-01,4.428268308832935318e+00,-3.981139000578451714e+00,5.535495089683104553e-01,1.415674239839119330e+00,-3.091773179408923156e+00,9.637733917241209092e-02,-6.283974316586785847e+00,-1.065271466433923386e+01,-1.813580029209133215e+01,-7.584452196645057320e+00
3.530088990918019309e+00,2.367549784437331439e+00,-1.120241738716250657e+00,2.568047263002308345e+00,-2.363685014580487742e+00,4.416879396762123378e-01,3.839299071235693361e+00,-4.203751399428096391e+00,3.308904888315240544e-01,1.051587341226503325e+00,-3.764731541702019513e+00,-3.848552745072855163e-01,-6.463373040229074995e+00,-1.083338014424827556e+01,-1.827031179523359228e+01,-8.102582093478480019e+00
3.310023685007001948e+00,2.118373089381917040e+00,-1.428879989513085480e+00,2.086298083283530502e+00,-2.480052126849226823e+00,5.151604350951757283e-01,3.260104152262154997e+00,-4.412885699384180960e+00,7.776540292353129047e-02,7.019183562236808172e-01,-4.422339561563358501e+00,-8.745667169679083308e-01,-6.634175610425165459e+00,-1.107802406275784257e+01,-1.841566826400234547e+01,-8.669663009315815572e+00
3.074737643549436683e+00,1.849223484232325632e+00,-1.712787969859415949e+00,1.614371944947068593e+00,-2.611297377069015546e+00,6.381887487167450246e-01,2.713267334510538475e+00,-4.613081133156992308e+00,-1.981478006376031775e-01,3.799603664623667498e-01,-5.042270593836115644e+00,-1.361741416129986337e+00,-6.798977421288247669e+00,-1.136968057473132276e+01,-1.856705557844248489e+01,-9.275372937581462196e+00
2.840112208579895103e+00,1.572905275234607991e+00,-1.955234301686086251e+00,1.176766385062204989e+00,-2.748170849412911565e+00,8.110094368356381977e-01,2.220284797186527825e+00,-4.809561392342944330e+00,-4.874951789448120909e-01,9.908236212912657770e-02,-5.603794164526921584e+00,-1.836611710727055868e+00,-6.961388669834361664e+00,-1.168857290255835224e+01,-1.871957873883513557e+01,-9.907874781028846556e+00
2.622448540346359103e+00,1.302890612928050196e+00,-2.140816779385648516e+00,7.967017463706640434e-01,-2.881425600575017398e+00,1.032325325430091922e+00,1.800752237367882813e+00,-5.007596474667946218e+00,-7.794723094449045320e-01,-1.277328212663184637e-01,-6.088377222829987723e+00,-2.290773686464015579e+00,-7.125565396079011293e+00,-1.201305043257342575e+01,-1.886845180262451649e+01,-1.055418763333255505e+01
2.437605106314775227e+00,1.052631913618247594e+00,-2.256235658439252667e+00,4.948854559788578023e-01,-3.002346081174070314e+00,1.299313142898885332e+00,1.471552657715644585e+00,-5.211935216480780397e+00,-1.062244311980962364e+00,-2.884577175104068303e-01,-6.480395514807982593e+00,-2.717241165695044813e+00,-7.295807268046490712e+00,-1.232079996557117951e+01,-1.900936937359493584e+01,-1.120068868031721188e+01
2.300119936344615201e+00,8.348358103959654386e-01,-2.291059337592259215e+00,2.883575085450209574e-01,-3.103282446561597574e+00,1.607675128298129863e+00,1.246182724252820506e+00,-5.426265495786171122e+00,-1.323557665447095300e+00,-3.725742142696732984e-01,-6.767706370121558734e+00,-3.110421572989941374e+00,-7.476183527830112752e+00,-1.259044408970617113e+01,-1.913887496538493238e+01,-1.183385736140302846e+01
2.222474778864606204e+00,6.607903937882424472e-01,-2.238231075823097438e+00,1.895773510939890993e-01,-3.178017811384104441e+00,1.951904841692716275e+00,1.134217907974257145e+00,-5.652709770841412684e+00,-1.551341014556215203e+00,-3.715756362230542287e-01,-6.942076945725532688e+00,-3.465956217689434293e+00,-7.670074359850925561e+00,-1.280283710018725074e+01,-1.925455259681019982e+01,-1.244074990058578223e+01
2.214334562252610716e+00,5.397460065835515408e-01,-2.094514150240699202e+00,2.057030343866483868e-01,-3.222083496093652855e+00,2.325451896767306792e+00,1.140812366962883573e+00,-5.891482882061164439e+00,-1.734454976356622380e+00,-2.795181356207661061e-01,-6.999495459579183176e+00,-3.780651190066202538e+00,-7.879884157760095320e+00,-1.294229707617130032e+01,-1.935528033214353272e+01,-1.300962670823324885e+01
2.281964977046115006e+00,4.783633819124997189e-01,-1.860807115815826585e+00,3.381000766996761220e-01,-3.233052262483829153e+00,2.720895160703186377e+00,1.266391435632602480e+00,-6.140733863927104075e+00,-1.863389382005593564e+00,-9.344591702693616497e-02,-6.940375706488699059e+00,-4.052335623884172122e+00,-8.106771195808217811e+00,-1.299771434980905305e+01,-1.944140807198840193e+01,-1.353045182995182927e+01
2.427830632413949807e+00,4.803510454866186663e-01,-1.542149356498691670e+00,5.822532553541820421e-01,-3.210565672722785369e+00,3.130233354423555880e+00,1.506598583789580559e+00,-6.396493766112276269e+00,-1.930901121994181624e+00,1.863266461764541138e-01,-6.769508903751852102e+00,-4.279681044165949189e+00,-8.350428317939663003e+00,-1.296330020497146585e+01,-1.951472906497359361e+01,-1.399524219222849197e+01
2.650383647891893624e+00,5.462333457841670459e-01,-1.147541537054834304e+00,9.279549451310500352e-01,-3.156277194408358966e+00,3.545275247691280995e+00,1.852357297547827741e+00,-6.652815689970571711e+00,-1.932527995621698746e+00,5.560183937338341043e-01,-6.495828851873055143e+00,-4.462078687444856584e+00,-8.608963731908108485e+00,-1.283879305600190079e+01,-1.957833138119617900e+01,-1.439822472980024948e+01
2.944001020186801654e+00,6.732853921398547214e-01,-6.896601842401499649e-01,1.359760317764649784e+00,-3.073743853783690749e+00,3.957832064653754145e+00,2.290068412302389333e+00,-6.902116841397007541e+00,-1.867054537678130011e+00,1.008305390323553707e+00,-6.132095265316525712e+00,-4.599547193798637856e+00,-8.878955084369394513e+00,-1.262948144318738741e+01,-1.963650424548477957e+01,-1.473600663272564937e+01
3.299140799632640508e+00,8.556330994287772995e-01,-1.843502030756440924e-01,1.857670737777662673e+00,-2.968195703567611865e+00,4.360020499106369130e+00,2.802110596182853186e+00,-7.135693976738383348e+00,-1.736798439665178773e+00,1.532446701377556897e+00,-5.694407217068094162e+00,-4.692694434440406681e+00,-9.155640056122082981e+00,-1.234606111388638183e+01,-1.969451869057853344e+01,-1.500766028200573032e+01
3.702748565472618658e+00,1.084591945532872970e+00,3.500726581326893960e-01,2.398188764178454058e+00,-2.846148370157085772e+00,4.744584392887242430e+00,3.367602352664430754e+00,-7.344243602081688138e+00,-1.547620673323304885e+00,2.114657661915814391e+00,-5.201498321248464229e+00,-4.742606491159378379e+00,-9.433096558331401482e+00,-1.200402689369608566e+01,-1.975819233766785032e+01,-1.521457254344907106e+01
4.138789573984249515e+00,1.349105467126385349e+00,8.936226328038732181e-01,2.955431211138359160e+00,-2.714990154019107038e+00,5.105162547493319991e+00,3.963224357389346864e+00,-7.518554173934398399e+00,-1.308754199919342831e+00,2.738550904498983751e+00,-4.673972175412134611e+00,-4.750838197079462866e+00,-9.704593255837590249e+00,-1.162282372706660816e+01,-1.983351587760412826e+01,-1.536025894962543958e+01
4.588917761795057615e+00,1.636286217876908200e+00,1.425465117792889425e+00,3.502381214381002916e+00,-2.582617476075780072e+00,5.436439281960927516e+00,4.564220031208778394e+00,-7.650235416013239309e+00,-1.032548463748969247e+00,3.385757737843369419e+00,-4.133504280877966508e+00,-4.719426510214237425e+00,-9.963074044107280258e+00,-1.122503614992646526e+01,-1.992628626998321550e+01,-1.545018949302930977e+01
5.033296919827334293e+00,1.932087074448378239e+00,1.924832782434036771e+00,4.012180037892857598e+00,-2.456926763216794374e+00,5.734323413258112012e+00,5.145510707990265331e+00,-7.732397689292801246e+00,-7.338840497027239174e-01,4.036686627356818491e+00,-3.601915764125794617e+00,-4.650886295469052634e+00,-1.020157873698484785e+01,-1.083532163558605710e+01,-2.004166248304655440e+01,-1.549150140766142769e+01
5.451604916297316805e+00,2.222125363723058022e+00,2.372058378783241217e+00,4.459549548638999106e+00,-2.345282931631236689e+00,5.996193476182661186e+00,5.682948353148384868e+00,-7.760157253801640564e+00,-4.293189556797618600e-01,4.671428461973106572e+00,-3.100191909603023710e+00,-4.548146668829204486e+00,-1.041363609434461068e+01,-1.047900376767225339e+01,-2.018364757551595545e+01,-1.549243081432648417e+01
5.824004238074147466e+00,2.492406002741370585e+00,2.749476466188078838e+00,4.822063831555920999e+00,-2.254094169124645219e+00,6.220957427877509716e+00,6.154370072062944175e+00,-7.731133845715651098e+00,-1.361751657678929028e-01,5.270618338741241971e+00,-2.647534237330525286e+00,-4.414540153009486545e+00,-1.059363784177542556e+01,-1.018065882224555452e+01,-2.035471782047694944e+01,-1.546187577588898243e+01
6.132165054132284077e+00,2.730102913303009693e+00,3.042276046703145109e+00,5.081265154803454642e+00,-2.188385000493718646e+00,6.409115665831935260e+00,6.540773668460358792e+00,-7.645691272355428225e+00,1.284981237667142118e-01,5.816341657251895114e+00,-2.260523179967298901e+00,-4.253756190632842049e+00,-1.073714202472777401e+01,-9.962804329532216840e+00,-2.055545966397506419e+01,-1.540888642506586770e+01
6.360264142257765485e+00,2.924261354739923657e+00,3.239323536832153572e+00,5.223719859354996053e+00,-2.151384402162611398e+00,6.562825100794771771e+00,6.827237389713372906e+00,-7.507010219143075425e+00,3.491026365003615517e-01,6.293057078647849245e+00,-1.952251048516917109e+00,-4.069702986003932210e+00,-1.084103085310959358e+01,-9.844335498383525618e+00,-2.078423828410686625e+01,-1.534200429605271054e+01
6.495836536867221511e+00,3.066362208665831091e+00,3.333702298683189014e+00,5.241686489876497212e+00,-2.144352635885558911e+00,6.685807200892904589e+00,7.003623453315011460e+00,-7.321025344019835401e+00,5.125301177162673305e-01,6.688263191237883376e+00,-1.731746168020467103e+00,-3.866488091469841848e+00,-1.090365763545977806e+01,-9.839193809926914724e+00,-2.103708296520368393e+01,-1.526873928445926865e+01
6.530476963475885910e+00,3.150782775165991367e+00,3.323089442841947516e+00,5.133542541258134584e+00,-2.166441484519984861e+00,6.783273664438203454e+00,7.065143671185817098e+00,-7.096116358805579338e+00,6.091289865392924829e-01,6.993106997318355056e+00,-1.603548879066809540e+00,-3.648270755200346827e+00,-1.092484055869059567e+01,-9.955441279049862757e+00,-2.130771508031204320e+01,-1.519521158006851280e+01
6.460309520678693573e+00,3.174969730967958093e+00,3.209826055801430655e+00,4.903839514143895073e+00,-2.214757020541851862e+00,6.861689504055050293e+00,7.012632989287709506e+00,-6.842707171562717683e+00,6.333729790111002345e-01,7.202804665634485737e+00,-1.567572017201615431e+00,-3.419140569463168244e+00,-1.090586273131898132e+01,-1.019477323335434349e+01,-2.158775033506172747e+01,-1.512590765769679813e+01
6.286330923189020758e+00,3.139614105361955509e+00,3.000914135710810005e+00,4.563139955848318330e+00,-2.284493110621104606e+00,6.928544883529566434e+00,6.852545269257293015e+00,-6.572637288578723869e+00,5.844554609433831871e-01,7.316860503187854192e+00,-1.619070939267620801e+00,-3.182937265923141190e+00,-1.084924034242757784e+01,-1.055213945798277919e+01,-2.186692888458212636e+01,-1.506341671258541126e+01
6.014407777203763850e+00,3.048551562113959168e+00,2.707548428224908932e+00,4.127414165002093682e+00,-2.369219367584704639e+00,6.992001847616952759e+00,6.596652776325873546e+00,-6.298486308066208572e+00,4.664152892573597553e-01,7.339065896022523461e+00,-1.749026183574513560e+00,-2.943155293972870457e+00,-1.075857609537649751e+01,-1.101609016375241445e+01,-2.213367948533789686e+01,-1.500849410769696490e+01
5.655010955848874588e+00,2.908426538824461893e+00,2.344545464827860304e+00,3.617193809994604603e+00,-2.461327500018458014e+00,7.060510201684653708e+00,6.261496598498949240e+00,-6.032846288809406765e+00,2.879692162750777662e-01,7.277243574060676679e+00,-1.944720356823124163e+00,-2.702769683458646988e+00,-1.063829790958695654e+01,-1.156957362243196741e+01,-2.237570426216310437e+01,-1.496027428745040133e+01
5.222766048602025535e+00,2.728276431652103984e+00,1.929605804520521550e+00,3.056519960320780882e+00,-2.552452557689192325e+00,7.142455398615149775e+00,5.867550763119496082e+00,-5.787566653727838961e+00,6.215470026139247040e-02,7.142822429233024017e+00,-2.190404770232523113e+00,-2.464154134148440978e+00,-1.049332031873806947e+01,-1.219076343197373546e+01,-2.258055309575001601e+01,-1.491639028912927856e+01
4.735834885580495701e+00,2.518998884930935489e+00,1.482437442738759215e+00,2.471749509336943262e+00,-2.633963710243569345e+00,7.245800480468224336e+00,5.438154365613923957e+00,-5.573036371776774800e+00,-1.943512507817217738e-01,6.950212286971499509e+00,-2.468183913565916932e+00,-2.228991233704828545e+00,-1.032864378126326876e+01,-1.285410094086565280e+01,-2.273629154296863675e+01,-1.487318578265898239e+01
4.215021499204100408e+00,2.292729922562954048e+00,1.023795643761635565e+00,1.890246910600172692e+00,-2.697486089255762387e+00,7.377723826265988549e+00,4.998332760091400928e+00,-5.397575942204356991e+00,-4.622039132747770562e-01,6.716060025884267759e+00,-2.759008297916182073e+00,-1.998226609913411611e+00,-1.014908744086273451e+01,-1.353178233926393226e+01,-2.283220296843809294e+01,-1.482612971285613312e+01
3.682844052779978394e+00,2.062181326804857218e+00,5.744938942687143335e-01,1.339069132686957930e+00,-2.735357427477752346e+00,7.544326602712564167e+00,4.573461487028241734e+00,-5.266933317334914655e+00,-7.204623978316118116e-01,6.458389818967217089e+00,-3.043667019760597725e+00,-1.772090294764838481e+00,-9.958888768221973109e+00,-1.419500850755239263e+01,-2.285927983533787611e+01,-1.477005943344515870e+01
3.162499829981629595e+00,1.839962807289272639e+00,1.544640312872176402e-01,8.436779773921122549e-01,-2.741061930211964537e+00,7.750356919758113250e+00,4.187835400357084126e+00,-5.183954566854898971e+00,-9.477912615456274281e-01,6.195608896860942849e+00,-3.303811212596869495e+00,-1.550210870709761934e+00,-9.761442628326863158e+00,-1.481517239757348037e+01,-2.281079680727282977e+01,-1.469945527140848540e+01
2.676774521710141741e+00,1.637953222881942672e+00,-2.181629944093610440e-01,4.267875910549361329e-01,-2.709616900520377847e+00,7.998982740143320669e+00,3.863407159414869341e+00,-5.148504567931224685e+00,-1.123766026016043806e+00,5.945595287746689550e+00,-3.522930065386711718e+00,-1.331747239211224176e+00,-9.559129141201893276e+00,-1.536521152299338588e+01,-2.268268946219310322e+01,-1.460884978167725556e+01
2.246947893629563708e+00,1.466759590191769380e+00,-5.279062195899060228e-01,1.072694339066040392e-01,-2.637866027227937948e+00,8.291647741202403665e+00,3.618601945646439333e+00,-5.157566055721614973e+00,-1.230187779440436557e+00,5.724757441116338441e+00,-3.687229193909541181e+00,-1.115545539521067830e+00,-9.353285148924483039e+00,-1.582107887319047457e+01,-2.247391367874596568e+01,-1.449326664299816869e+01
1.891853321235870133e+00,1.335256813303244527e+00,-7.625515323888767405e-01,-1.006055735929503037e-01,-2.524612125126695972e+00,8.627973196250543708e+00,3.467352105914489613e+00,-5.205481573247697114e+00,-1.252199052155622550e+00,5.547283410638259582e+00,-3.786296620651121714e+00,-9.003451863953664258e-01,-9.144177820824481273e+00,-1.616268938397712418e+01,-2.218654114510091091e+01,-1.434844484866405168e+01
1.627013983317177725e+00,1.250254296330149284e+00,-9.136626224176622735e-01,-1.877521920044674664e-01,-2.370747853805531769e+00,9.005701053715881699e+00,3.418351973888682949e+00,-5.284466302071329835e+00,-1.179338582328683049e+00,5.424427218591849176e+00,-3.813691112542024086e+00,-6.850257190473492130e-01,-8.931167622617408597e+00,-1.637501367825158027e+01,-2.182576784915245582e+01,-1.417127814506352479e+01
1.463895975103920222e+00,1.216301210319943316e+00,-9.769057530331854977e-01,-1.506185070877421595e-01,-2.179225000095221354e+00,9.420727843234327992e+00,3.474680365748589850e+00,-5.385253258397396436e+00,-1.006374451079358412e+00,5.364017495381370182e+00,-3.767255302939407358e+00,-4.688165488658393443e-01,-8.713020195189397299e+00,-1.644905359806266887e+01,-2.139984969137493920e+01,-1.396018119903175858e+01
1.409525232898107383e+00,1.235672201927950020e+00,-9.520244516698088688e-01,8.861037663854043345e-03,-1.954797598183086293e+00,9.867231449300470913e+00,3.633740011178552720e+00,-5.497706986302901555e+00,-7.336525808234721779e-01,5.370206420999695140e+00,-3.649112725961607850e+00,-2.514656688363494652e-01,-8.488115318251697516e+00,-1.638221182163977474e+01,-2.091970218096373202e+01,-1.371517195068952510e+01
1.466305423565960275e+00,1.308514795396759745e+00,-8.426157036856971594e-01,2.836125571879495322e-01,-1.703686145085098858e+00,1.033789622636427197e+01,3.887520997944623247e+00,-5.611558968174612971e+00,-3.671667712154373930e-01,5.443401077384300457e+00,-3.465419921078662924e+00,-3.335406695819465028e-02,-8.254708248658472414e+00,-1.617827803323629965e+01,-2.039836544894112791e+01,-1.343787981830781320e+01
1.632027292818456488e+00,1.433050186955043159e+00,-6.558040047595339317e-01,6.619431440567242753e-01,-1.433223998782291453e+00,1.082415261833668652e+01,4.223114063830674780e+00,-5.717173125507523324e+00,8.164503081843621501e-02,5.580372018764507835e+00,-3.225958160980002987e+00,1.843717529783184261e-01,-8.011324575260962533e+00,-1.584734407228099329e+01,-1.985053354681293669e+01,-1.313165267971030126e+01
1.900226735430988967e+00,1.605969574506266984e+00,-4.015740903389577454e-01,1.128397085233503683e+00,-1.151314328920543417e+00,1.131653041504348245e+01,4.623597702584604008e+00,-5.806165778453225457e+00,5.965671679298378827e-01,5.774603867378134581e+00,-2.943425322879775763e+00,3.997929514693590036e-01,-7.757011634950890411e+00,-1.540507966677146534e+01,-1.929178521802121793e+01,-1.280129226119749219e+01
2.260679523050398210e+00,1.822812721942994152e+00,-9.202787633790388000e-02,1.664726486070632339e+00,-8.658989704726547387e-01,1.180501345264882218e+01,5.069038334060554263e+00,-5.871948548546155777e+00,1.157610698956853756e+00,6.016792387537045705e+00,-2.632543079066127945e+00,6.102830069492490850e-01,-7.491524393623484990e+00,-1.487157386622749478e+01,-1.873782358821837946e+01,-1.245270388670832240e+01
2.700098693151293361e+00,2.078383704363605311e+00,2.594044699620932093e-01,2.250970416947108532e+00,-5.844871590072511225e-01,1.227936052094041486e+01,5.537619204823997165e+00,-5.910214307925240718e+00,1.742080719225734597e+00,6.295384262551628751e+00,-2.309214638917012508e+00,8.125171694485100460e-01,-7.215624035943951853e+00,-1.427023103779543867e+01,-1.820386127380191965e+01,-1.209273169442921159e+01
3.202931625298062634e+00,2.367199938107257928e+00,6.387728353272468240e-01,2.866540828390292894e+00,-3.136999007930034722e-01,1.272945860139461516e+01,6.006971377815812474e+00,-5.919194898283191009e+00,2.325915777743891688e+00,6.597310930378588623e+00,-1.989523761229229137e+00,1.002684374227863273e+00,-6.931223163359652162e+00,-1.362657698816635587e+01,-1.770398080716770295e+01,-1.172884696056309650e+01
3.752327476477074875e+00,2.683908439553887249e+00,1.032482017891108939e+00,3.491359592841999593e+00,-5.880253728148687742e-02,1.314575258320835971e+01,6.455512025290207845e+00,-5.899678354409935821e+00,2.885143503159786960e+00,6.908797775877526526e+00,-1.688716074968207081e+00,1.176747704521305060e+00,-6.641343409557337374e+00,-1.296681600269109680e+01,-1.725045574630564360e+01,-1.136870142018205243e+01
4.330998829343815970e+00,3.023573661762080533e+00,1.427957072684524764e+00,4.106788860908043404e+00,1.765111517197315294e-01,1.351948410084620456e+01,6.863623590497020643e+00,-5.854968499922495795e+00,3.397148634640188014e+00,7.216046460947868724e+00,-1.420401957414474836e+00,1.330695756647644501e+00,-6.350161356085679998e+00,-1.231666453615057755e+01,-1.685342092675643855e+01,-1.101991750774917556e+01
4.922041006193434320e+00,3.381829575566154489e+00,1.814168695231537676e+00,4.696406620051041259e+00,3.902227887878071400e-01,1.384285133110498833e+01,7.214751811168664375e+00,-5.790629814654842278e+00,3.841851839017320636e+00,7.505888363530641705e+00,-1.195889186641316826e+00,1.460767419380897714e+00,-6.062938007332935086e+00,-1.170045553232187530e+01,-1.652063364916195098e+01,-1.068990388516515821e+01
5.509690738830360424e+00,3.754957421916960580e+00,2.182081469250538142e+00,5.246614058684963666e+00,5.820337411440377196e-01,1.410927650340315509e+01,7.496284951880472391e+00,-5.714066157401292756e+00,4.202782243749112467e+00,7.766473607194763318e+00,-1.023593470743904277e+00,1.563786986446444871e+00,-5.785818924076314929e+00,-1.114013191053754426e+01,-1.625727211021393259e+01,-1.038560185043655082e+01
6.080025361728738531e+00,4.139947842483035600e+00,2.524990949143433916e+00,5.747122473315502411e+00,7.533311536797668850e-01,1.431358791509674155e+01,7.700172273608821172e+00,-5.633923896018988131e+00,4.467939885312699921e+00,7.987757180469360563e+00,-9.086574010358372533e-01,1.637425540173492067e+00,-5.525525508368740901e+00,-1.065436543509909839e+01,-1.606589631404444418e+01,-1.011320019218009136e+01
6.621367200504077566e+00,4.534326992016539215e+00,2.838499822597793987e+00,6.191053834696212732e+00,9.068531964926433986e-01,1.445205166005468378e+01,7.823138615509940053e+00,-5.559543810440214173e+00,4.630237022097401400e+00,8.161829478993309905e+00,-8.528817750123938168e-01,1.680376933751600355e+00,-5.289015296416476275e+00,-1.025800950076633100e+01,-1.594659028564458225e+01,-9.877971115550318260e+00
7.124551667699918767e+00,4.935887718862886686e+00,3.120455523173749857e+00,6.574885579302428340e+00,1.046369187504054388e+00,1.452239276688262137e+01,7.866690087316676738e+00,-5.500306304871138252e+00,4.687695440900768951e+00,8.283090628400358923e+00,-8.547914344271010378e-01,1.692486873470392617e+00,-5.083132964046528812e+00,-9.961674133644860873e+00,-1.589724944891129965e+01,-9.684130154465666607e+00
7.583025916385848220e+00,5.342449497028864513e+00,3.370731085773959634e+00,6.898235347686036079e+00,1.176326683510169779e+00,1.452386678449559554e+01,7.836696074115142352e+00,-5.464954192796291466e+00,4.643351089094815975e+00,8.348304981629684818e+00,-9.098840366843994332e-01,1.674821524436406861e+00,-4.914171369808435053e+00,-9.771257540490926985e+00,-1.591380839986186402e+01,-9.534607476165550821e+00
7.992681038459727105e+00,5.751504333836651384e+00,3.590768904596941535e+00,7.163371297005342697e+00,1.301316527682631730e+00,1.445715885707486947e+01,7.742727419668337774e+00,-5.461064238244333069e+00,4.504790050398297829e+00,8.356446137918553063e+00,-1.011160292509760694e+00,1.629568477046296593e+00,-4.787487143061185613e+00,-9.687909740768740008e+00,-1.599071027927773869e+01,-9.431007614989471932e+00
8.351578323706092988e+00,6.159870050880380532e+00,3.783075241173845082e+00,7.374582195631837145e+00,1.425539519745694150e+00,1.432427049323212565e+01,7.597169750756393114e+00,-5.494573058936310872e+00,4.283354743101357442e+00,8.308429278958366027e+00,-1.149796930864757982e+00,1.559908465788029552e+00,-4.707241986797214395e+00,-9.708338865124467532e+00,-1.612142252297918432e+01,-9.373700523536907525e+00
8.659423521904345833e+00,6.563378245804396549e+00,3.950572129677994759e+00,7.537441435947410007e+00,1.552311576563759843e+00,1.412833973479139260e+01,7.414190318208969899e+00,-5.569439126722311784e+00,3.993132579575972230e+00,8.206766682113343592e+00,-1.315900448455041172e+00,1.469780908174099565e+00,-4.676153096064297188e+00,-9.825315340679862786e+00,-1.629890112274818392e+01,-9.361894132480856001e+00
8.916955546500922480e+00,6.956568026328445065e+00,4.095899344843527246e+00,7.657941214190268298e+00,1.683489705651102675e+00,1.387339419683797104e+01,7.208517816984564064e+00,-5.687559577671478905e+00,3.649729097564402558e+00,8.055018788887736036e+00,-1.499436931124252581e+00,1.363477267351383304e+00,-4.695426082964230474e+00,-1.002840228106897946e+01,-1.651619198596475968e+01,-9.393913326465300528e+00
9.125312639880332810e+00,7.332580267921909645e+00,4.220796248306512233e+00,7.741754233851594336e+00,1.819108681112330927e+00,1.356415711101012533e+01,6.994339510555931838e+00,-5.848694133216156388e+00,3.269005402294633988e+00,7.857383676796680483e+00,-1.691021635035218296e+00,1.245372915005017234e+00,-4.764731160018528477e+00,-1.030499543946836383e+01,-1.676683680055330683e+01,-9.467479001646706749e+00
9.285429274224455298e+00,7.683131320700960387e+00,4.325621694948718954e+00,7.793505876318792325e+00,1.957132501974507832e+00,1.320585711873810020e+01,6.784286128649718250e+00,-6.050611189864067541e+00,2.865827924042814168e+00,7.618231753157042263e+00,-1.882711966661176461e+00,1.119534778166567435e+00,-4.882237007046256849e+00,-1.064139598857419955e+01,-1.704528072557128837e+01,-9.580009242689758509e+00
9.397485023131853410e+00,7.998649802873691428e+00,4.408979281488899282e+00,7.816249169623436188e+00,2.093371208543707951e+00,1.280402534431429729e+01,6.588522976667835707e+00,-6.289315780411136814e+00,2.453023218705308928e+00,7.341709624064238326e+00,-2.068600078222502248e+00,9.894112221180204614e-01,-5.044719601516144181e+00,-1.102371180262226247e+01,-1.734704226869268950e+01,-9.728764020702161730e+00
9.460490917516393594e+00,8.268543955904913645e+00,4.467492821669182490e+00,7.811070750157992570e+00,2.221511735085264228e+00,1.236431983227031850e+01,6.413971264395875949e+00,-6.559460603955585611e+00,2.040433196678147709e+00,7.031387231992459519e+00,-2.245291913097295478e+00,8.574456506347170048e-01,-5.247838261473368959e+00,-1.143876452775444008e+01,-1.766888254399893299e+01,-9.911141283125653345e+00
9.472000063651874413e+00,8.481607847635546094e+00,4.495770114329547873e+00,7.776907938736945525e+00,2.333369160331650427e+00,1.189237621938547207e+01,6.263919714262708993e+00,-6.854767743959992998e+00,1.634277077706737025e+00,6.690005821729415381e+00,-2.412169244099583665e+00,7.248655385400972762e-01,-5.486346273615633429e+00,-1.187493418764191588e+01,-1.800879032447099348e+01,-1.012486169957695026e+01
9.428165678688021245e+00,8.626649406657829644e+00,4.486731030735002790e+00,7.710715481181786402e+00,2.419404553474130637e+00,1.139380568697511542e+01,6.137884800294656884e+00,-7.168442158238320872e+00,1.236961371775881169e+00,6.319467827033482088e+00,-2.571282666653845084e+00,5.915866588463725151e-01,-5.754286677011481110e+00,-1.232245433861428729e+01,-1.836573929427346741e+01,-1.036786314460855962e+01
9.323942147986560514e+00,8.693163018281961030e+00,4.432089860853936081e+00,7.607817476340097862e+00,2.469347273623885286e+00,1.087426346269911903e+01,6.031741070455051812e+00,-7.493556833499557257e+00,8.472086488895582690e-01,5.920856791299034860e+00,-2.727093406590423541e+00,4.562125490996011834e-01,-6.045240173480371126e+00,-1.277352680678201935e+01,-1.873936850498689921e+01,-1.063826421131325795e+01
9.153398180463922174e+00,8.671998098184042547e+00,4.322875888567084601e+00,7.462352970623393311e+00,2.472820838007318223e+00,1.033935722615094477e+01,5.938161209116465500e+00,-7.823549005696964542e+00,4.604051839144625013e-01,5.494592040819624934e+00,-2.886079189865936812e+00,3.160959585897797908e-01,-6.352632032223327840e+00,-1.322251574109148997e+01,-1.912968121996518533e+01,-1.093435227962021727e+01
8.910323231892290252e+00,8.556159040840647378e+00,4.150198436414150649e+00,7.267970819149664585e+00,2.420144506102611892e+00,9.794728822988238548e+00,5.847395876464023701e+00,-8.152492586508962802e+00,6.930131229747038546e-02,5.040752955762092036e+00,-3.056094703377450372e+00,1.676417052269991714e-01,-6.669956878672463674e+00,-1.366594797721153398e+01,-1.953661135313915409e+01,-1.125448277072860215e+01
8.588978727828159521e+00,8.341494939136101294e+00,3.906151974989768405e+00,7.018667468392134623e+00,2.303183752829578879e+00,9.246195821503643941e+00,5.748207698159149004e+00,-8.475320508816544418e+00,-3.349943434674020892e-01,4.559502007733335915e+00,-3.245529118756651954e+00,6.704333140628015997e-03,-6.990923777481757639e+00,-1.410207864865243721e+01,-1.995952715785902853e+01,-1.159683169225945853e+01
8.184868866355007100e+00,8.027252117792711417e+00,3.584600259618413887e+00,6.709563891529095159e+00,2.116073948290374318e+00,8.699836548212612541e+00,5.629000292783242543e+00,-8.787951757385481955e+00,-7.618934550743543532e-01,4.051568268707790743e+00,-3.462505694064022421e+00,-1.709354305796058071e-01,-7.309604630992751595e+00,-1.453063531081876469e+01,-2.039679349893896187e+01,-1.195924942518556300e+01
7.695561047261016974e+00,7.616590640367205012e+00,3.182018786181984638e+00,6.337742757077709399e+00,1.855885419183759488e+00,8.162084473234726190e+00,5.479054784421570901e+00,-9.087309672161385521e+00,-1.220150436703987928e+00,3.518741414671442413e+00,-3.714002161604499364e+00,-3.689854317162284403e-01,-7.620566861480766008e+00,-1.495257696690180182e+01,-2.084542040050128975e+01,-1.233910194382237968e+01
7.121513560965106571e+00,7.116849886725399088e+00,2.698302668900677936e+00,5.903028111499389219e+00,1.523254982119817136e+00,7.639869974851011492e+00,5.289675344608419039e+00,-9.371152473457943444e+00,-1.716582077915807858e+00,2.964402997853378796e+00,-4.004965909053716189e+00,-5.900344302729561008e-01,-7.918798670297255704e+00,-1.536933635531304176e+01,-2.130063879720120212e+01,-1.273292253729560741e+01
6.466822232467287712e+00,6.539661344071708626e+00,2.137400942113121260e+00,5.408662825360034176e+00,1.122800289834690268e+00,7.140760679340509398e+00,5.055273449283280485e+00,-9.637867921659079684e+00,-2.254865132126131044e+00,2.393984054679332285e+00,-4.337511509430836298e+00,-8.349182420841190222e-01,-8.199598343731278050e+00,-1.578210442884297926e+01,-2.175561766771959782e+01,-1.313606568476118674e+01
5.739741491748450386e+00,5.900753257755965819e+00,1.507698886979949471e+00,4.861713180220661457e+00,6.632734769667889552e-01,6.672998731193469979e+00,4.774196575859495084e+00,-9.886178072008577900e+00,-2.834588240442108109e+00,1.815289696474336800e+00,-4.710352297291883872e+00,-1.102206924043740877e+00,-8.458506399715979285e+00,-1.619127269710548589e+01,-2.220136235155795035e+01,-1.354253727031947641e+01
4.953005207535368548e+00,5.219564980030296120e+00,8.222473942415429171e-01,4.273335813365691571e+00,1.575603141912074179e-01,6.245470870497690896e+00,4.449345583409002103e+00,-1.011482210638689949e+01,-3.450494068628843003e+00,1.238694919180447940e+00,-5.118330518010708374e+00,-1.387811853294349085e+00,-8.691044160987370759e+00,-1.659555314129108794e+01,-2.262664959260678188e+01,-1.394463209955737071e+01
4.123929861015750653e+00,4.518634403621822671e+00,9.874650476761592799e-02,3.658765927390255968e+00,-3.775298214986468892e-01,5.867766405621651415e+00,4.088378974418279910e+00,-1.032218759968091604e+01,-4.091981773105249687e+00,6.772112251005006911e-01,-5.552185237461959133e+00,-1.684679043364320172e+00,-8.892522387472324041e+00,-1.699114735443834334e+01,-2.301814059650001809e+01,-1.433270191253239823e+01
3.274114161656332733e+00,3.822762646422168675e+00,-6.408885489290767623e-01,3.036971973943790370e+00,-9.218913527704444277e-01,5.550031254125283198e+00,3.703634342381700861e+00,-1.050608967764848423e+01,-4.743156162632759631e+00,1.462545806564321538e-01,-5.998741512953856159e+00,-1.982779935937167615e+00,-9.057946560897718769e+00,-1.737131091760621615e+01,-2.336074984844150748e+01,-1.469516066607048366e+01
2.428809371885954249e+00,3.157919662719233855e+00,-1.371269512350543174e+00,2.429950162038644557e+00,-1.452916591303987204e+00,5.302677126954918663e+00,3.311663822131578172e+00,-1.066360762744252888e+01,-5.383317587437272067e+00,-3.367668680906890089e-01,-6.441321854573788031e+00,-2.269260400357871355e+00,-9.181958808828690977e+00,-1.772627046247988858e+01,-2.363817911055532051e+01,-1.501873122014490747e+01
1.616043338663677886e+00,2.550147475789901641e+00,-2.064457915346512351e+00,1.861890615275663352e+00,-1.946474632863749221e+00,5.136079093516100258e+00,2.932461747656454065e+00,-1.079093373374678677e+01,-5.987663941681299562e+00,-7.529749838798065475e-01,-6.860368960880775191e+00,-2.528825014189371778e+00,-9.258755013040484982e+00,-1.804306240966296926e+01,-2.383345662976692481e+01,-1.528853978305159877e+01
8.653993021807675490e-01,2.024294010896410256e+00,-2.691250199694577017e+00,1.357967249263910769e+00,-2.378099291210466149e+00,5.060120104789042728e+00,2.588346943452105364e+00,-1.088351271526466135e+01,-6.528587841438786121e+00,-1.082843819835719312e+00,-7.234468556110551063e+00,-2.744367204160137241e+00,-9.282242697816400323e+00,-1.830607765969635281e+01,-2.392983844465492638e+01,-1.548879610868258183e+01
2.065574408566535070e-01,1.602756577325732401e+00,-3.222639239048854520e+00,9.430065490250039151e-01,-2.724330774213457929e+00,5.083601124766037316e+00,2.302686065851005992e+00,-1.093621422736007176e+01,-6.977262483900081413e+00,-1.307134828521391512e+00,-7.541517562071213376e+00,-2.897823080853184408e+00,-9.246322524616717331e+00,-1.849794272838204989e+01,-2.391169549853515619e+01,-1.560352017586889062e+01
-3.321970614581983838e-01,1.304375880797179921e+00,-3.631243554875547730e+00,6.401359463462434896e-01,-2.963921432570632675e+00,5.213790755132537313e+00,2.098429457848830282e+00,-1.094356811697905485e+01,-7.305260612770981155e+00,-1.407853038849643745e+00,-7.759920309610269129e+00,-2.971080350659761393e+00,-9.145050318594085681e+00,-1.860029908988991920e+01,-2.376531184613233805e+01,-1.561718638407247539e+01
-7.256006576626603533e-01,1.143382522337273777e+00,-3.892853748937127101e+00,4.693838037351940606e-01,-3.079104563905969982e+00,5.455824193978699554e+00,1.996554337201189355e+00,-1.090022321410776485e+01,-7.486419580443743449e+00,-1.369350405973527085e+00,-7.869941224584211525e+00,-2.947113849436966859e+00,-8.972992648003060623e+00,-1.859482092206218340e+01,-2.347977208071178978e+01,-1.551555492492627941e+01
-9.529493487824831632e-01,1.128562022542093146e+00,-3.987909040720917453e+00,4.463734812250392814e-01,-3.056728047152394545e+00,5.812100371303124291e+00,2.014559320614267790e+00,-1.080144305473668709e+01,-7.498681744291377349e+00,-1.179395782400138870e+00,-7.855013626700309004e+00,-2.811118328702935543e+00,-8.725647346811227223e+00,-1.846451597502064246e+01,-2.304785024670182025e+01,-1.528665400279965603e+01
-9.994399274553078527e-01,1.262751163678207611e+00,-3.902669936898671921e+00,5.812478763988386810e-01,-2.889096030665023740e+00,6.281867737693749731e+00,2.165142669281998167e+00,-1.064356904710794183e+01,-7.325649613059571408e+00,-8.300894174410791138e-01,-7.702826590280608343e+00,-2.551586376040795301e+00,-8.399796243206212765e+00,-1.819476668955914178e+01,-2.246660471153177596e+01,-1.492147400225189990e+01
-8.573137449319379044e-01,1.542523593369915069e+00,-3.630290852083839503e+00,8.778194306027318206e-01,-2.574653919579666272e+00,6.860795626167059069e+00,2.454948202074287877e+00,-1.042455878496363297e+01,-6.957953218355623193e+00,-3.187380355685567324e-01,-7.406344489435891632e+00,-2.161384989682437308e+00,-7.993920428128165057e+00,-1.777419685303316044e+01,-2.173790075143519829e+01,-1.441473355373233112e+01
-5.266628115740132898e-01,1.958236438963527171e+00,-3.171514077969289858e+00,1.333004314098714449e+00,-2.118355481294387666e+00,7.540667243088715388e+00,2.883774050562809776e+00,-1.014444816522230042e+01,-6.394373370560742842e+00,3.514836056770507255e-01,-6.964531617466242608e+00,-1.638597185066794637e+00,-7.508578859680019590e+00,-1.719571190747928213e+01,-2.086880282391619090e+01,-1.376555962618419926e+01
-1.587886075543742948e-02,2.494370215314449801e+00,-2.535089683896010193e+00,1.936571803756791166e+00,-1.531742981069027287e+00,8.309260151330613908e+00,3.444099234319139669e+00,-9.805798462494511369e+00,-5.642507534918665968e+00,1.171129279284880642e+00,-6.382846497241784434e+00,-9.871521379550500797e-01,-6.946764624789600440e+00,-1.645749281105562645e+01,-1.987177184363174121e+01,-1.297810760112550632e+01
6.584143763413337069e-01,3.130210150503473621e+00,-1.737666989226080538e+00,2.671401370964372912e+00,-8.325845672134972730e-01,9.150395060405820402e+00,4.121134099617016489e+00,-9.413875495927822357e+00,-4.718872647832873746e+00,2.124437613737100605e+00,-5.673289769327961807e+00,-2.171416714666669634e-01,-6.314101295681527226e+00,-1.556352131705042474e+01,-1.876450523755343625e+01,-1.206180908365211657e+01
1.471790587751669932e+00,3.840738776958570355e+00,-8.034257300786045164e-01,3.513970286321832504e+00,-4.429855741061405894e-02,1.004410099169194837e+01,4.893185583046822273e+00,-8.976783461480497550e+00,-3.648641773138681543e+00,3.189531567476538321e+00,-4.854202874730365380e+00,6.551863717306884993e-01,-5.618966281776660132e+00,-1.452413182999210584e+01,-1.756969120484560420e+01,-1.103159987228707095e+01
2.392882804067761882e+00,4.597787282124370378e+00,2.366957549454564713e-01,4.435219268996380748e+00,8.049158692519684521e-01,1.096703930691197115e+01,5.732573417262599946e+00,-8.505430492901684403e+00,-2.464897675629803775e+00,4.338949260956410647e+00,-3.949727320818327669e+00,1.607768577914756136e+00,-4.872528235345331638e+00,-1.335643954310723558e+01,-1.631447557918150082e+01,-9.907871197199689561e+00
3.384707250634198417e+00,5.371306524248348424e+00,1.346262740058324692e+00,5.401792349500103896e+00,1.683299258532243492e+00,1.189314740842223195e+01,6.606916878402202542e+00,-8.013209122579855404e+00,-1.207329026511407832e+00,5.540528204162892933e+00,-2.988862988391595366e+00,2.613460507539667077e+00,-4.088575037624668340e+00,-1.208415388280014113e+01,-1.502966183996263183e+01,-8.716053420459791923e+00
4.406335600718952250e+00,6.130824411855618550e+00,2.484892813498531083e+00,6.377568977397334749e+00,2.556974568237819767e+00,1.279448948271186559e+01,7.480705369297144358e+00,-7.515506983475859215e+00,7.944759388078725948e-02,6.758556474471824060e+00,-2.004225162958261919e+00,3.641087418907975604e+00,-3.283106422512167555e+00,-1.073702684814193553e+01,-1.374867579340318713e+01,-7.485862393509981949e+00
5.414852023582182206e+00,6.846872297618994629e+00,3.610004173045285647e+00,7.325333181345945910e+00,3.391499606187026394e+00,1.364223029106155316e+01,8.317118221105133102e+00,-7.029047818694706962e+00,1.347920477636749936e+00,7.955173853520040694e+00,-1.030584633125180005e+00,4.656778352274023369e+00,-2.473835763749526073e+00,-9.350037070027969577e+00,-1.250640294124831264e+01,-6.250378121727813152e+00
6.367441875235288151e+00,7.492311224724747198e+00,4.678811883619479417e+00,8.208589602685748332e+00,4.153522339355987469e+00,1.440782015182617926e+01,9.079997189007642078e+00,-6.571076820004648766e+00,2.549935047449528369e+00,9.091937685247012624e+00,-1.032074675648857465e-01,5.625517428065699654e+00,-1.679515965809072142e+00,-7.962124037094818085e+00,-1.133788010248735389e+01,-5.044749617834378697e+00
7.223533661154142749e+00,8.043648531237302279e+00,5.650361596292376554e+00,8.993379151007788508e+00,4.812353878737437363e+00,1.506417248906545048e+01,9.735702333592165303e+00,-6.158489371274573188e+00,3.639022826179132863e+00,1.013144767622124398e+01,7.438391267857262790e-01,6.512773708953380591e+00,-9.191702198850606464e-01,-6.614459135664663592e+00,-1.027687450999887275e+01,-3.904709324938443693e+00
7.946871138571991011e+00,8.482065027975645322e+00,6.487513171791713162e+00,9.649968927817287323e+00,5.341502931999717596e+00,1.558692098996515263e+01,1.025496974078148682e+01,-5.806886391883679721e+00,4.572698642325552676e+00,1.103898846161294500e+01,1.479348546647454299e+00,7.286225767417880306e+00,-2.112920123969042052e-01,-5.348640432774324438e+00,-9.354569852402111252e+00,-2.865052559047745362e+00
8.507340882104102775e+00,8.794184915800226321e+00,7.158680871370870946e+00,1.015427985120196297e+01,5.719910573895221617e+00,1.595555158157858600e+01,1.061452621329889112e+01,-5.529699776108660814e+00,5.314527760754253372e+00,1.178410658424760626e+01,2.076539354230405365e+00,7.917425297991787403e+00,4.269868411108772577e-01,-4.204919929540637646e+00,-8.598241754591311903e+00,-1.958150130278858647e+00
8.882502173365551812e+00,8.972590120586929174e+00,7.639411284393573531e+00,1.048908764238456648e+01,5.932988718569120579e+00,1.615448639696957400e+01,1.079841384164975082e+01,-5.337343357744170902e+00,5.835909256667290990e+00,1.234202835765991324e+01,2.514367561331276590e+00,8.383270812968071084e+00,9.806632974605262731e-01,-3.220426404451311342e+00,-8.030155195941569346e+00,-1.212447695126646074e+00
9.058735936798086641e+00,9.016037670408259430e+00,7.913532002130190257e+00,1.064484107519078115e+01,5.973304151779041504e+00,1.617393212583325379e+01,1.079891007811272630e+01,-5.236543146645107782e+00,6.117417930054530828e+00,1.269482614781061791e+01,2.778554547342789505e+00,8.667267301024624615e+00,1.437564335110660174e+00,-2.427488234661858257e+00,-7.666589490107789118e+00,-6.511630802839700749e-01
9.031819555054585891e+00,8.929260578876162313e+00,7.973880185312375524e+00,1.061997827180024423e+01,5.840836152992353369e+00,1.601048953399124031e+01,1.061701171185080028e+01,-5.229883776254581562e+00,6.149710679133260527e+00,1.283229062352268102e+01,2.862257263889144809e+00,8.760477023147116071e+00,1.788859267551044407e+00,-1.852363517767066980e+00,-7.517173793479347665e+00,-2.913267772740795181e-01
8.807101962411145735e+00,8.722539477421184628e+00,7.822604033025267967e+00,1.042091974506468688e+01,5.542948969937437909e+00,1.566746138436472258e+01,1.026247120355677467e+01,-5.315540854137704940e+00,5.933758794879784304e+00,1.275243596423606007e+01,2.766347714156253801e+00,8.662069715602715547e+00,2.029457132615192450e+00,-1.514257842950780031e+00,-7.584453097358642815e+00,-1.429813281912384326e-01
8.399100824304067459e+00,8.411006570013100259e+00,7.471024213426337823e+00,1.006161177861035938e+01,5.093975472640291713e+00,1.515492558653721744e+01,9.753299094751742615e+00,-5.487229876970769027e+00,5.480788293044767556e+00,1.246163667248027807e+01,2.499354352726196993e+00,8.379464313116411489e+00,2.158229416595058403e+00,-1.424461437976624723e+00,-7.863715960880301559e+00,-2.086835560869406692e-01
7.830636850268807514e+00,8.013686690473029728e+00,6.938980177777728464e+00,9.562683355465644297e+00,4.514470793705601004e+00,1.448951647516717145e+01,9.114813603759351679e+00,-5.734448928341720375e+00,4.811549509705421279e+00,1.197433767074873501e+01,2.076974081288494034e+00,7.928061743629805314e+00,2.178089919195220325e+00,-1.585865208907451418e+00,-8.343160914624249358e+00,-4.833344999476061332e-01
7.131562796729515874e+00,7.552413520973452421e+00,6.253834628691457453e+00,8.950291347138980669e+00,3.830171667103284605e+00,1.369380150786550132e+01,8.378347672268137813e+00,-6.042938841732144795e+00,3.955184436198587505e+00,1.131241144020651390e+01,1.521250632314941953e+00,7.330528052128770788e+00,2.095812600446470331e+00,-1.992951982329027594e+00,-9.004294736439794278e+00,-9.544189095265132039e-01
6.337060698648556922e+00,7.050596455497419868e+00,5.449074162645522357e+00,8.254662608500526133e+00,3.070712425457014838e+00,1.279540674321020788e+01,7.579495284950859002e+00,-6.395384463831110367e+00,2.947736807184059948e+00,1.050417438506060108e+01,8.594697538796367553e-01,6.615688840816873473e+00,1.921722219918149843e+00,-2.631853231455025366e+00,-9.822617315402782268e+00,-1.602471200001275520e+00
5.485782083723568014e+00,6.532009319511088208e+00,4.562611182622845263e+00,7.508541280295173870e+00,2.268209229313066899e+00,1.182596667243551103e+01,6.756237955342356827e+00,-6.772274967741427787e+00,1.830356765292454391e+00,9.583043641450279537e+00,1.227916410392708713e-01,5.817102681542498210e+00,1.669208572650108025e+00,-3.480807221781247129e+00,-1.076857521196742518e+01,-2.401866115864116580e+00
4.617720331330886552e+00,6.019534734369798024e+00,3.634910218148214245e+00,6.745419588779540732e+00,1.455696223829802349e+00,1.081971781969099489e+01,5.946895576179457521e+00,-7.152926087834202917e+00,6.472299055128640788e-01,8.585949484501455231e+00,-6.553542657824955597e-01,4.971403938072619155e+00,1.354074056684282823e+00,-4.511137656779657945e+00,-1.180875188046623414e+01,-3.322034166059439464e+00
3.772168648932828106e+00,5.534122771727899348e+00,2.706956720193188559e+00,5.997852779849327298e+00,6.655682168616712246e-01,9.812019725659490987e+00,5.188213957532607168e+00,-7.516554288042396337e+00,-5.565367868168253906e-01,7.551746869800457063e+00,-1.440858356449805200e+00,4.116521119726645139e+00,9.937780340396740186e-01,-5.688593745711958860e+00,-1.290718704599741073e+01,-4.328893765105021885e+00
2.985621676608547048e+00,5.093768717551567349e+00,1.818237547144599731e+00,5.295806204314467358e+00,-7.191456672908369541e-02,8.837812849501574419e+00,4.513406437182258202e+00,-7.843389434373435165e+00,-1.737016386313433358e+00,6.519391800070737375e+00,-2.200623173720099857e+00,3.289786517872328453e+00,6.065670360813966155e-01,-6.974786762111008898e+00,-1.402684432166863182e+01,-5.386374132678311888e+00
2.289946786527631062e+00,4.712748359396096376e+00,1.004803719710601229e+00,4.665178774570148512e+00,-7.300502245972477766e-01,7.930006830895361958e+00,3.950551956230587081e+00,-8.115775289973505835e+00,-2.853474019138593221e+00,5.526254881350631365e+00,-2.904154429309290464e+00,2.526138582554413148e+00,2.106252901336578276e-01,-8.329045050994793087e+00,-1.513109036010089525e+01,-6.458153997358078158e+00
1.710890890201907766e+00,4.401145313255884872e+00,2.976098491564753701e-01,4.126654174806210662e+00,-1.286799582453276081e+00,7.118093627013601932e+00,3.521363524353095187e+00,-8.319041967561634721e+00,-3.870081188735970734e+00,4.606593699999001146e+00,-3.524923658304533802e+00,1.856544157135012973e+00,-1.767442017361249285e-01,-9.710364436884024286e+00,-1.618511484029431102e+01,-7.509320553081368033e+00
1.266957178085750257e+00,4.164519030982849479e+00,-2.788538475334894073e-01,3.694861991451967143e+00,-1.725635723403462940e+00,6.426889717939777924e+00,3.240291036532884306e+00,-8.442260853161140943e+00,-4.757260311300008482e+00,3.790217958920893082e+00,-4.041462857187845259e+00,1.306620806981602101e+00,-5.398446648582444496e-01,-1.107902682779031167e+01,-1.715718295710626151e+01,-8.507810608838305200e+00
9.687787337963706946e-01,4.003924955864963664e+00,-7.074932341878379383e-01,3.377937486354665175e+00,-2.036084018275469809e+00,5.875483602381025960e+00,3.114013242231798984e+00,-8.478734291478041030e+00,-5.492622620704128877e+00,3.101423617792434584e+00,-4.438118344359857304e+00,8.956104654694136968e-01,-8.650982201084778112e-01,-1.239810745633281996e+01,-1.801976810184745759e+01,-9.425606899955900175e+00
8.188505781490720281e-01,3.916146993688426114e+00,-9.792299597163207636e-01,3.177399679258611442e+00,-2.213979323108656416e+00,5.476555275441020498e+00,3.141463277324167080e+00,-8.426304849659441487e+00,-6.061566336318551684e+00,2.558267477833561898e+00,-4.705544989564838687e+00,6.356941083131220083e-01,-1.141582073043889700e+00,-1.363496765521536425e+01,-1.875047946987676539e+01,-1.023983815441588696e+01
8.118925697222314497e-01,3.894189573770931112e+00,-1.093040222587847499e+00,3.088505563866415837e+00,-2.261304554286706292e+00,5.236064529555900293e+00,3.314222839961129097e+00,-8.287314005468275013e+00,-6.457268560618254938e+00,2.172175518017752438e+00,-4.840693451637882561e+00,5.317718183746089622e-01,-1.361208138090697517e+00,-1.476204016137625885e+01,-1.933264240265301481e+01,-1.093329460932011443e+01
9.355775477063392742e-01,3.927902613099828244e+00,-1.055564107605469371e+00,3.100935296757096005e+00,-2.185753743232748292e+00,5.153255437356259350e+00,3.617322050258657384e+00,-8.068328246354582234e+00,-6.680293581556554727e+00,1.947946195363480015e+00,-4.846523790729868608e+00,5.815806055891483695e-01,-1.518779714111756718e+00,-1.575723184938516042e+01,-1.975557526301841804e+01,-1.149462605647473268e+01
1.171595904505943864e+00,4.004766475858485109e+00,-8.804073811107224756e-01,3.199693885022325102e+00,-2.000074170696073850e+00,5.221005606434854229e+00,4.030398511996743593e+00,-7.779695198289381608e+00,-6.737929444646617583e+00,1.884071043306983384e+00,-4.731402592010685026e+00,7.762350365079164760e-01,-1.611967067012377797e+00,-1.660426866380461774e+01,-2.001475926984455000e+01,-1.191837371312947269e+01
1.497020090517288793e+00,4.110722849534048429e+00,-5.870599427789304769e-01,3.366211924679333833e+00,-1.721223134057951576e+00,5.426480439884917573e+00,4.529092215202581428e+00,-7.434830960381745513e+00,-6.643235345805228675e+00,1.973348311970553048e+00,-4.508296188910691171e+00,1.101056631790756413e+00,-1.641138250287207612e+00,-1.729283746421818080e+01,-2.011167057527299562e+01,-1.220470343020578419e+01
1.885895044746861871e+00,4.231068431887577752e+00,-1.995208955539986562e-01,3.579662004770048700e+00,-1.369289700956436207e+00,5.752119219368083236e+00,5.086642705243296092e+00,-7.049375931894406477e+00,-6.413779602523463019e+00,2.203785284593029914e+00,-4.193641505753319620e+00,1.536721345209953071e+00,-1.608976256722156606e+00,-1.781814721853258021e+01,-2.005329529252539444e+01,-1.235867797215317587e+01
2.310859211978165462e+00,4.351280613573522693e+00,2.551896988866992899e-01,3.818211255536715143e+00,-9.664179279423423807e-01,6.176752863446964170e+00,5.675484292341820947e+00,-6.640293392631694047e+00,-6.070385375587505017e+00,2.559638734393322679e+00,-3.806244490877212172e+00,2.060599983361958820e+00,-1.520158285474463078e+00,-1.818061319730853143e+01,-1.985158840101427558e+01,-1.238953597266090689e+01
2.744746729357166792e+00,4.457775552673009400e+00,7.486010457320482203e-01,4.060264423340637308e+00,-5.356961347846969090e-01,6.676854169286567497e+00,6.268888900495809935e+00,-6.224923885768578913e+00,-5.635876953783769849e+00,3.022562053668993443e+00,-3.366137706600376589e+00,2.648117400487933537e+00,-1.380969623941073365e+00,-1.838546314364898393e+01,-1.952270198303707360e+01,-1.230988997137017726e+01
3.162105343608245356e+00,4.538609617894992176e+00,1.252464101071538494e+00,4.285662277898909522e+00,-1.000019224821997454e-01,7.227928057694780861e+00,6.842429333086808896e+00,-5.820009991726966092e+00,-5.133700656686722041e+00,3.572836857844814418e+00,-2.893302846952146012e+00,3.274243103045048287e+00,-1.198792100707546382e+00,-1.844188771294280116e+01,-1.908600347775303518e+01,-1.213457365734399929e+01
3.540594504932907505e+00,4.584029171532528757e+00,1.740326697148143253e+00,4.476761724408218512e+00,3.190899884743636505e-01,7.805940921445181147e+00,7.375258098523076455e+00,-5.440738066713400656e+00,-4.586660566810079942e+00,4.190569629572466148e+00,-2.406546615151420099e+00,3.914926814543287392e+00,-9.815717110361799058e-01,-1.836204811015034011e+01,-1.856299577715815019e+01,-1.187945544137547493e+01
3.861944808445480604e+00,4.586807968061421548e+00,2.188817632239874023e+00,4.619140733865403803e+00,7.021278174010170403e-01,8.388483992407678613e+00,7.850945696187107359e+00,-5.100106216355662525e+00,-4.016028638986299804e+00,4.856613894936298692e+00,-1.922668245254900654e+00,4.548156329201036741e+00,-7.374932935509797005e-01,-1.816037227455796099e+01,-1.797638630846447683e+01,-1.156055534711585508e+01
4.112764417055133848e+00,4.542498052414041254e+00,2.578831219889183402e+00,4.702207617463058043e+00,1.032581767906242121e+00,8.955932556093287644e+00,8.258140068689861835e+00,-4.808223068767802033e+00,-3.440650257685010871e+00,5.553450279835689507e+00,-1.455655157037281100e+00,5.155017482165938247e+00,-4.745304888489947359e-01,-1.785248916365883431e+01,-1.734896896255227361e+01,-1.119302140298593962e+01
4.284974291947628799e+00,4.449476014374063482e+00,2.896433557044210794e+00,4.719586232847235330e+00,1.297447970900671876e+00,9.492354976161642810e+00,8.590724597348298630e+00,-4.571928038885463508e+00,-2.876280180315284873e+00,6.265816118781848409e+00,-1.016129277979416656e+00,5.720393826940545878e+00,-2.000674200992094143e-01,-1.745404174934548891e+01,-1.670261397076841448e+01,-1.079018156206015178e+01
4.375836326584371605e+00,4.308834464392226060e+00,3.133305054671971845e+00,4.669051781988358130e+00,1.487532085520388847e+00,9.986068503125274276e+00,8.847664025145576261e+00,-4.394622822200826562e+00,-2.335348936030298361e+00,6.980982998907220960e+00,-6.112105512730501289e-01,6.233317944376943309e+00,7.928958948593400891e-02,-1.698003187370229483e+01,-1.605749873860374421e+01,-1.036308204717178327e+01
4.387628100844381152e+00,4.124132559827614841e+00,3.286810370505213186e+00,4.552309874496192066e+00,1.597557037415118231e+00,1.042988872263916278e+01,9.032536563202285151e+00,-4.276338795907864920e+00,-1.826918314856319725e+00,7.688855506659174388e+00,-2.445703065626396722e-01,6.687063699396676775e+00,3.577873820369488200e-01,-1.644430796178571086e+01,-1.543147502680901084e+01,-9.920241962284636728e+00
4.327144928901087262e+00,3.901093584767044042e+00,3.359900260664245408e+00,4.374623101804971270e+00,1.626143879098134626e+00,1.082117248031741141e+01,9.152827160232948955e+00,-4.213898261414421142e+00,-1.356790650223576478e+00,8.381850478180563613e+00,8.332993957808199070e-02,7.078946033192552001e+00,6.306521235467190678e-01,-1.585905734269596223e+01,-1.483948912009351417e+01,-9.467480452105942135e+00
4.204830532964454193e+00,3.647132642851544482e+00,3.360464831935269903e+00,4.144105641369606019e+00,1.575492107684802079e+00,1.116141057690219718e+01,9.218964615095238457e+00,-4.201392796578343081e+00,-9.279228184521777223e-01,9.054511280516729599e+00,3.746503140445014424e-01,7.409860909794777406e+00,8.939779803262757341e-01,-1.523478565584049704e+01,-1.429337465727181389e+01,-9.008227516466297047e+00
4.033765012364217029e+00,3.370849589914159949e+00,3.300442930552138776e+00,3.870924285201827075e+00,1.450884654699986065e+00,1.145556757135198644e+01,9.243197567816043403e+00,-4.230773700019859973e+00,-5.410322540169438810e-01,9.702951023559879928e+00,6.334274178170140601e-01,7.683595211027726357e+00,1.144580035877217128e+00,-1.458065599957590486e+01,-1.380184216810953401e+01,-8.544122133481948822e+00
3.828598049673551884e+00,3.081539345980885081e+00,3.194852903486454121e+00,3.566521345401164389e+00,1.260236894464940249e+00,1.171129330250283473e+01,9.238544187916740924e+00,-4.292464411031577498e+00,-1.951830804655232399e-01,1.032421697637876790e+01,8.648306988931224737e-01,7.906038673635002567e+00,1.379902675555356950e+00,-1.390470532668652481e+01,-1.337049530153685239e+01,-8.075442512851235932e+00
3.604556516628748319e+00,2.788751222264103991e+00,3.060664846268062345e+00,3.242849627826029035e+00,1.013528495218859682e+00,1.193803618305183178e+01,9.217703635733528245e+00,-4.376026400119460646e+00,1.117499769166645507e-01,1.091575987177753504e+01,1.074430509152449531e+00,8.084361207611213018e+00,1.597980926568781435e+00,-1.321402622192211318e+01,-1.300197158599709724e+01,-7.601717287587511862e+00
3.376413721541043245e+00,2.501821539275325801e+00,2.915565917724486145e+00,2.911627089867184992e+00,7.221574673236643704e-01,1.214598663489682906e+01,9.192037220055397029e+00,-4.470876600603382656e+00,3.823855521470331809e-01,1.147471137904548755e+01,1.267354913592924959e+00,8.226123703231651874e+00,1.797266623708472011e+00,-1.251525523235930848e+01,-1.269632170437080987e+01,-7.122442864815376140e+00
3.157636961407817466e+00,2.229465262846921814e+00,2.776730150150800824e+00,2.583659577026870213e+00,3.983278130545517826e-01,1.234501077629172627e+01,9.170735784241426103e+00,-4.566973347521901871e+00,6.193827877231052881e-01,1.199734862853042827e+01,1.447643286968101961e+00,8.338446641381619173e+00,1.976546551230518922e+00,-1.181487720544797781e+01,-1.245147541387787804e+01,-6.637700283015083969e+00
2.959766763975288484e+00,1.979516118937833191e+00,2.659878951115997481e+00,2.268481035264425127e+00,5.458784602596722380e-02,1.254380837361910750e+01,9.160235076751757077e+00,-4.655307289676446914e+00,8.251925957576089488e-01,1.247879756548111629e+01,1.617817152845173467e+00,8.427395564599422073e+00,2.135017067699724436e+00,-1.111917375788972784e+01,-1.226356194394921850e+01,-6.148475420285105741e+00
2.791967142342681285e+00,1.758693007628158167e+00,2.578296960498785317e+00,1.973976991864071273e+00,-2.967270129669259404e-01,1.274910052511364000e+01,9.163841475538479386e+00,-4.728346785004571728e+00,1.001826086887738221e+00,1.291280376470646019e+01,1.778558611632828246e+00,8.497469563036766260e+00,2.272297577516580347e+00,-1.043434928969544018e+01,-1.212741784776225096e+01,-5.657013830432919832e+00
2.660693844864935542e+00,1.572361819360368784e+00,2.542015305999723029e+00,1.706155951081557154e+00,-6.440204435275678208e-01,1.296494906589360951e+01,9.181589493534055180e+00,-4.780467589322949351e+00,1.150623014709495351e+00,1.329162711949285125e+01,1.928432164428759421e+00,8.551181973362325550e+00,2.388335590680141785e+00,-9.766742191903356130e+00,-1.203722236751825214e+01,-5.167190032595044613e+00
2.569692506973453305e+00,1.424472526308577347e+00,2.557341666484306941e+00,1.469128254173734272e+00,-9.767492342298247365e-01,1.319242333237511566e+01,9.210482776201700972e+00,-4.808047615179685152e+00,1.272306896960468947e+00,1.360635090365177824e+01,2.064039821424000110e+00,8.589057682854178921e+00,2.483509821956971564e+00,-9.122802942028378936e+00,-1.198683588306585612e+01,-4.684450443802403719e+00
2.520179248102506264e+00,1.317500916050902582e+00,2.626574297768092592e+00,1.265219811148027063e+00,-1.285735507767189034e+00,1.342947898913093141e+01,9.244941851184631076e+00,-4.809548240669752062e+00,1.367057825945320104e+00,1.384727636430423381e+01,2.180263760095090930e+00,8.609739215032110593e+00,2.558699172866797156e+00,-8.509037699832814994e+00,-1.197026759419863140e+01,-4.215722305373446055e+00
2.511040323022742271e+00,1.252508115119522980e+00,2.747939088509763206e+00,1.095083387750012793e+00,-1.563464159113284957e+00,1.367098640350413596e+01,9.277405793365474551e+00,-4.785450700418127923e+00,1.434604850001461429e+00,1.400447827708085669e+01,2.270578641740325310e+00,8.610246230253697064e+00,2.615224259491468750e+00,-7.932203640509131404e+00,-1.198209081521046926e+01,-3.769287116225877199e+00
2.539275298412864146e+00,1.229159513699451090e+00,2.915772930219329595e+00,9.579720738703318972e-01,-1.804168590623507207e+00,1.390911252884220062e+01,9.299175061322387137e+00,-4.737998136645174441e+00,1.474394802095401857e+00,1.406855471442680283e+01,2.327657372201397123e+00,8.586497353504107366e+00,2.654875668531378352e+00,-7.399228358579469145e+00,-1.201767849040927594e+01,-3.354360069630526908e+00
2.600506320601567722e+00,1.245833622607892099e+00,3.121024174151085795e+00,8.520811631739260150e-01,-2.003904742188962196e+00,1.413389340130441418e+01,9.301277483135319102e+00,-4.670857554418976321e+00,1.485845193439060630e+00,1.403141676436590934e+01,2.344023543640471274e+00,8.533831774106136692e+00,2.679881036522809623e+00,-6.916981883810109366e+00,-1.207333741799870097e+01,-2.980515427563178221e+00
2.689453727622259649e+00,1.299740533300262513e+00,3.351831382070026955e+00,7.748525261426637556e-01,-2.160551870867202240e+00,1.433398590701063924e+01,9.275308361317293304e+00,-4.588742367702511871e+00,1.468534714167147648e+00,1.388705527648482096e+01,2.312743572292234262e+00,8.447651399134889161e+00,2.692867348574075947e+00,-6.492057736454025729e+00,-1.214635490442454824e+01,-2.657123392159328468e+00
2.800441097618904251e+00,1.387054594768923899e+00,3.594334305380479044e+00,7.233051864201738290e-01,-2.273752086509664316e+00,1.449755491900494064e+01,9.214266462356448528e+00,-4.496965153785726699e+00,1.422385951620743327e+00,1.363231442175989194e+01,2.228118995967662386e+00,8.324078886190747539e+00,2.696748598101766703e+00,-6.130569644103575300e+00,-1.223496948058022404e+01,-2.392712391308104536e+00
2.927868609018901225e+00,1.503114838134954612e+00,3.833580308573602657e+00,6.943768384311803654e-01,-2.344725488288802673e+00,1.461315776135456801e+01,9.113223165189630492e+00,-4.400974545187931852e+00,1.347847220641920529e+00,1.326747231762324830e+01,2.086355713919008537e+00,8.160488836026971171e+00,2.694603944695554532e+00,-5.837609234003070746e+00,-1.233818468934123658e+01,-2.194232925682231716e+00
3.066514054077316587e+00,1.642556952138182869e+00,4.054418746143312546e+00,6.851088104088420838e-01,-2.376140095103157712e+00,1.467067285213645178e+01,8.969814094272670957e+00,-4.305947908097557786e+00,1.245978430962658479e+00,1.279665640920899250e+01,1.886092658123256882e+00,7.955930386586349101e+00,2.689500222500354809e+00,-5.616825008350931014e+00,-1.245558182760641053e+01,-2.066514713997563035e+00
3.211758835957100544e+00,1.799484262066423312e+00,4.242372349532804954e+00,6.927976853532511470e-01,-2.371940375674243207e+00,1.466206032337365173e+01,8.784562525122105114e+00,-4.216431727308524557e+00,1.118419713283233641e+00,1.222806396817059138e+01,1.628734670383227723e+00,7.711457573776081986e+00,2.684222414301980386e+00,-5.470254370173148750e+00,-1.258712499082761838e+01,-2.011874763926657650e+00
3.359675090972438660e+00,1.967623979217635544e+00,4.384428990598034481e+00,7.150584294271760122e-01,-2.337166372110751844e+00,1.458200516721128892e+01,8.560990123567634669e+00,-4.136065481657393406e+00,9.673035671886678344e-01,1.157394408959696186e+01,1.318644142505299044e+00,7.430265128283318532e+00,2.680955819047606603e+00,-5.398279483166294135e+00,-1.273294132405164092e+01,-2.029968251784621813e+00
3.507004743217059684e+00,2.140540162237897892e+00,4.469740666277221663e+00,7.498290774405735881e-01,-2.277675121263364133e+00,1.442844346254172727e+01,8.305487013756994941e+00,-4.067368359216665397e+00,7.951184444989394251e-01,1.085028511874610935e+01,9.630894157098630615e-01,7.117649453854392405e+00,2.681065783824525539e+00,-5.399486000301374489e+00,-1.289304599288260889e+01,-2.117656974676714654e+00
3.650988528740932715e+00,2.311729855213719986e+00,4.490071404050359760e+00,7.952192617458067048e-01,-2.200040639768336526e+00,1.420266565134599723e+01,8.026955025541816724e+00,-4.011739879214886173e+00,6.044170334237328746e-01,1.007618904472597521e+01,5.719167792833950159e-01,6.780738273016558182e+00,2.684665130098961683e+00,-5.471039835698356057e+00,-1.306724522212813433e+01,-2.269334817030878249e+00
3.789132550742708716e+00,2.474809915664844873e+00,4.440102317715603597e+00,8.493506840367364141e-01,-2.111297888536882716e+00,1.390929933827846021e+01,7.736352586157522637e+00,-3.969437464969992391e+00,3.975876809696927694e-01,9.273162980353053086e+00,1.570950204810195316e-01,6.428081017590185908e+00,2.690365638153346950e+00,-5.609096103210263529e+00,-1.325498915052905069e+01,-2.477396833197818005e+00
3.919047648498491299e+00,2.623728277444095980e+00,4.317736375347776878e+00,9.103145342634206827e-01,-2.018633522669546210e+00,1.355610979424659845e+01,7.446055498106872506e+00,-3.939661911101740799e+00,1.766934811929479210e-01,8.464220164006139413e+00,-2.678264669174552637e-01,6.069214564755833763e+00,2.695180680744453383e+00,-5.808963456420516813e+00,-1.345515953569838707e+01,-2.732579395627279695e+00
4.038177630439593102e+00,2.752927154859136305e+00,4.124039857407406195e+00,9.760180051675630963e-01,-1.929120191395530703e+00,1.315351330177782430e+01,7.169069006709328562e+00,-3.920742305775661407e+00,-5.664415129720712372e-02,7.672759331337280386e+00,-6.884295145177681263e-01,5.714009865183157899e+00,2.694457088120938870e+00,-6.065329303007452211e+00,-1.366597298869028165e+01,-3.024516773064741315e+00
4.143591466492646092e+00,2.857485872445034936e+00,3.863098629696012587e+00,1.044078650324441693e+00,-1.849447561627365566e+00,1.271388559486329939e+01,6.918263709058052768e+00,-3.910408790800403267e+00,-3.013733742925124304e-01,6.921474384379227018e+00,-1.090257557389652021e+00,5.372021231624300341e+00,2.681868500262301502e+00,-6.372694316237069501e+00,-1.388498283876680617e+01,-3.342473815249640268e+00
4.231943493383230503e+00,2.933380459381234040e+00,3.541795568678115735e+00,1.111904156846194258e+00,-1.785565106039245897e+00,1.225086321675711609e+01,6.705548835937968022e+00,-3.906050421213453916e+00,-5.568815148081771582e-01,6.231259737295776091e+00,-1.459523123333539729e+00,5.051840767848581493e+00,2.649678321624944211e+00,-6.725307731822512736e+00,-1.410899956752928475e+01,-3.675819565343602768e+00
4.299411050620351560e+00,2.977531340159492501e+00,3.169400281204655112e+00,1.176665859827359384e+00,-1.742413571894882551e+00,1.177841697037964508e+01,6.541079408130840989e+00,-3.905025578527283159e+00,-8.228939822130865167e-01,5.620137093010969309e+00,-1.783880957881979867e+00,4.760455931675961594e+00,2.589035952993687051e+00,-7.117106459777435390e+00,-1.433412664449100227e+01,-4.014559505263466832e+00
4.341747901474219518e+00,2.987935444120386030e+00,2.757054400284579376e+00,1.235401421080604134e+00,-1.723680483781710571e+00,1.130997635307652160e+01,6.432600762696807806e+00,-3.904993576523679621e+00,-1.099274808632668687e+00,5.102369809507673715e+00,-2.053128890076045820e+00,4.502765976334487164e+00,2.490353175846801825e+00,-7.541763851994929269e+00,-1.455587715883724442e+01,-4.349855766999752404e+00
4.354407339258710152e+00,2.963725071923319465e+00,2.317146774490407068e+00,1.285112512825032027e+00,-1.731640897144721691e+00,1.085750480637848803e+01,6.384978911063598161e+00,-3.904229575595632440e+00,-1.385847938208800478e+00,4.687768441270504738e+00,-2.259834692498223774e+00,4.281163790976760808e+00,2.343765802241055241e+00,-7.992821281307787018e+00,-1.476935829994234517e+01,-4.674550451429825060e+00
4.332782881856816815e+00,2.905184979071846918e+00,1.862725602614965226e+00,1.322956473306147185e+00,-1.766966585950000557e+00,1.043073583344389732e+01,6.399869949264790137e+00,-3.901833061360743926e+00,-1.682068178078909959e+00,4.381245799448596046e+00,-2.399692191775223193e+00,4.095357159274236380e+00,2.139748856298735902e+00,-8.463522693940944919e+00,-1.496941633356168744e+01,-4.983307748682832994e+00
4.272492932062560200e+00,2.813701593728855421e+00,1.406814154094714109e+00,1.346378718008468756e+00,-1.828745474893185730e+00,1.003651013976037554e+01,6.475570740596523933e+00,-3.897974988530020113e+00,-1.986793500371925703e+00,4.182609094050738108e+00,-2.471854310878999428e+00,3.942296250967128657e+00,1.869619609443410102e+00,-8.946967774338379087e+00,-1.515095343723088028e+01,-5.272940017276066982e+00
4.169681449799334416e+00,2.691641901363312162e+00,9.617660574020421294e-01,1.353230144516405886e+00,-1.914529253896948724e+00,9.678254186860840491e+00,6.607153520736055441e+00,-3.894033742183090396e+00,-2.298091253408687251e+00,4.086677544975059639e+00,-2.479006229258352789e+00,3.816387625760569335e+00,1.526094582183314508e+00,-9.436281459693342200e+00,-1.530915712632772596e+01,-5.542426768477417554e+00
4.021327354203361182e+00,2.542167880663972923e+00,5.386943314211851686e-01,1.341957721883121124e+00,-2.020428698650094113e+00,9.355757590971865767e+00,6.786695585602501524e+00,-3.892596426570491985e+00,-2.613008776532169009e+00,4.083663585567781418e+00,-2.427209798594329726e+00,3.709802139135852883e+00,1.103835114807925066e+00,-9.924603610207249460e+00,-1.543972506552222868e+01,-5.792756341712928858e+00
3.825593091210162555e+00,2.369038130345076709e+00,1.470261732114819253e-01,1.311695949125812444e+00,-2.141302002238336222e+00,9.065119153594032753e+00,7.003669205809529785e+00,-3.897407332159101401e+00,-2.927451691638486952e+00,4.159750157322450903e+00,-2.325576013120247865e+00,3.612982966591667733e+00,5.999703881454783172e-01,-1.040498786055230340e+01,-1.553908986032680595e+01,-6.026600547538032870e+00
3.582037066654306656e+00,2.176333259399866105e+00,-2.059160196556915068e-01,1.262353140795944739e+00,-2.271073865942482506e+00,8.798975764048407200e+00,7.245486251675743006e+00,-3.913207400745264408e+00,-3.236149109160582071e+00,4.297918564715068612e+00,-2.185770012281345487e+00,3.515246908320886376e+00,1.448034431989020376e-02,-1.087054475367111195e+01,-1.560461137167243351e+01,-6.247903443495108178e+00
3.291849263078448828e+00,1.968211186039551475e+00,-5.151229765978670994e-01,1.194627101881118314e+00,-2.402993220574522582e+00,8.546995308793249535e+00,7.498136056905501334e+00,-3.945471897799460947e+00,-3.532706618623532968e+00,4.478933833891398208e+00,-2.021311312279213013e+00,3.405512155911017302e+00,-6.495112271424108297e-01,-1.131424214458340316e+01,-1.563466670404690007e+01,-6.461286439755400401e+00
2.957958988498502251e+00,1.748651947066272916e+00,-7.779843740864880175e-01,1.110030802904158787e+00,-2.530039282931223710e+00,8.296550613986385159e+00,7.746810248538949395e+00,-4.000065734709004062e+00,-3.809704366914396623e+00,4.682379761443096200e+00,-1.846767058720562460e+00,3.273063954045383639e+00,-1.385482942122076899e+00,-1.172868268532293001e+01,-1.562867449562895672e+01,-6.671339386245943359e+00
2.584948033003250600e+00,1.521130745890928671e+00,-9.943545163981575286e-01,1.010696293299098159e+00,-2.645376394948114829e+00,8.033456715943962934e+00,7.976524953120755157e+00,-4.082913180490898242e+00,-4.059092046212385618e+00,4.887687312824725794e+00,-1.677017617197492427e+00,3.108195200024734817e+00,-2.183674433634486878e+00,-1.210623749952250350e+01,-1.558725931730343461e+01,-6.882138420347801322e+00
2.178859598644322659e+00,1.288393126181504700e+00,-1.166496650025569348e+00,8.991621165312704278e-01,-2.742839108130515235e+00,7.742848729182982837e+00,8.172796303546068231e+00,-4.199569954490044665e+00,-4.272635832362590591e+00,5.075187325294498564e+00,-1.526468149138715091e+00,2.902908752814070681e+00,-3.031271080799414097e+00,-1.243928743071575838e+01,-1.551226067596800107e+01,-7.096804342153271605e+00
1.746975185297966249e+00,1.052304210574039667e+00,-1.298811703068643908e+00,7.782097465653849966e-01,-2.817272701944901314e+00,7.410171469485094420e+00,8.322278326975059315e+00,-4.354755276505635209e+00,-4.442344016434955023e+00,5.227076827617993082e+00,-1.408206580262231000e+00,2.651534543575793990e+00,-3.912666559453960247e+00,-1.272028729086145660e+01,-1.540659635475820011e+01,-7.316943407974449087e+00
1.297364611891672403e+00,8.136939442992869864e-01,-1.397627380652003426e+00,6.504998303165274720e-01,-2.865002494595592530e+00,7.022071524898802153e+00,8.413260190108996284e+00,-4.551938194678932348e+00,-4.561183585669866147e+00,5.328133246393278455e+00,-1.333421976450164692e+00,2.351123852995481656e+00,-4.810032932877071232e+00,-1.294229857064534528e+01,-1.527427914057249936e+01,-7.542503757011812304e+00
8.383414469328256402e-01,5.722716658360558206e-01,-1.470949221907518645e+00,5.181891771411852865e-01,-2.884233086820288783e+00,6.567119353715731300e+00,8.436042166139372966e+00,-4.793049704725611093e+00,-4.623793837033653986e+00,5.366273804410129245e+00,-1.310967180755248762e+00,2.001707626294352949e+00,-5.704055250217440864e+00,-1.309971205667603655e+01,-1.512038614434407258e+01,-7.771810537980235800e+00
3.780615429636400293e-01,3.267396525149586228e-01,-1.527917761461999868e+00,3.827633033186508271e-01,-2.875160126850322406e+00,6.036636470436476998e+00,8.383354106917792592e+00,-5.078035132100353621e+00,-4.626921369408579565e+00,5.333068170035402566e+00,-1.346851614517778017e+00,1.606510356512682591e+00,-6.574550736984225985e+00,-1.318858747228138739e+01,-1.495078264534226875e+01,-8.001500949465139456e+00
-7.599709114773833818e-02,7.491772882644331943e-02,-1.578348462294913990e+00,2.448144826563209975e-01,-2.840048112835044769e+00,5.425285716200457742e+00,8.250535508173037158e+00,-5.404570942569105085e+00,-4.569934498285938673e+00,5.223894956318032357e+00,-1.444007317205407759e+00,1.171867161969336379e+00,-7.401134112330852943e+00,-1.320702141823604059e+01,-1.477183930374180676e+01,-8.226573318333260332e+00
-5.174579808029280414e-01,-1.860098814279749213e-01,-1.632265177161461356e+00,1.038808963879791492e-01,-2.783235563456288197e+00,4.731401954789448361e+00,8.035556085214849986e+00,-5.767975488771071468e+00,-4.455218335635289684e+00,5.037851530922734078e+00,-1.602290747255025849e+00,7.069779622702281330e-01,-8.164108137725021308e+00,-1.315561997514964077e+01,-1.459029555111953158e+01,-8.440796228727769801e+00
-9.414050382525180893e-01,-4.592062304241948389e-01,-1.699354933055748695e+00,-4.154752827127872195e-02,-2.710859438827834644e+00,3.957214927327636911e+00,7.739030026241280780e+00,-6.161112705641283327e+00,-4.288285148038730732e+00,4.777562738065626036e+00,-1.818509070553190554e+00,2.234918462108996806e-01,-8.845096432758854377e+00,-1.303757596188827428e+01,-1.441287561593557065e+01,-8.636983781361106338e+00
-1.344564673709167657e+00,-7.477658193429315148e-01,-1.788370988673853690e+00,-1.938917931334591671e-01,-2.630483197259445127e+00,3.108873744834883546e+00,7.364018352922467869e+00,-6.574434121475952963e+00,-4.077694421161008442e+00,4.448770250544741955e+00,-2.086638516953058797e+00,-2.650111831584585076e-01,-9.427631246828285683e+00,-1.285843053314811435e+01,-1.424592375377501163e+01,-8.807267502296017625e+00
-1.725380188838371076e+00,-1.054313926485519914e+00,-1.906657024160742342e+00,-3.562602092800783993e-01,-2.550635264091848597e+00,2.196225267328271169e+00,6.915816852764820055e+00,-6.996200282195854214e+00,-3.834784079519224953e+00,4.059814013696056989e+00,-2.398179898069706439e+00,-7.436633600728494997e-01,-9.897747344235998668e+00,-1.262587466800951219e+01,-1.409514675400235362e+01,-8.943541660177524832e+00
-2.083986138852888637e+00,-1.380622532208603204e+00,-2.059791618728520124e+00,-5.322067116464870296e-01,-2.480277522611753938e+00,1.232331766978553844e+00,6.401643924777303596e+00,-7.412863962338239077e+00,-3.573275106759503217e+00,3.620950302374343455e+00,-2.742732582221886872e+00,-1.197084703909222725e+00,-1.024449426671729135e+01,-1.234952044204553090e+01,-1.396535096709077806e+01,-9.038030932680406693e+00
-2.421975881896528904e+00,-1.727205473444529904e+00,-2.251205507894129987e+00,-7.253317182409926289e-01,-2.428181093771681454e+00,2.328904806985043763e-01,5.830334600914476084e+00,-7.809526443463816747e+00,-3.308597750137066917e+00,3.143742334772663405e+00,-3.108508287569620165e+00,-1.610143431765084898e+00,-1.046025245708484697e+01,-1.204038434208922048e+01,-1.386016537665025261e+01,-9.083707338462797765e+00
-2.742098966059123732e+00,-2.093009809221978212e+00,-2.481982679077754383e+00,-9.388534666597072587e-01,-2.402332068713914914e+00,-7.844589494961424769e-01,5.212005806070806102e+00,-8.170583536141393211e+00,-3.057112663236087435e+00,2.640396791663527587e+00,-3.483003795491750765e+00,-1.968722167770469156e+00,-1.054099147403858794e+01,-1.171036064766758500e+01,-1.378186747491725761e+01,-9.074760421625189366e+00
-3.047885637978344775e+00,-2.475242013276956587e+00,-2.750852620602496579e+00,-1.175285094287319865e+00,-2.409431185813068588e+00,-1.801071922468631570e+00,4.557688216875490639e+00,-8.480484497965619539e+00,-2.835342507388391553e+00,2.123078100948015301e+00,-3.853747228209726927e+00,-2.260496858747453430e+00,-1.048651953083986044e+01,-1.137196295876861996e+01,-1.373141418470811459e+01,-9.007176825345576177e+00
-3.343172714393260136e+00,-2.869239543042616969e+00,-3.054184742192738167e+00,-1.435990668003580772e+00,-2.454314632021749709e+00,-2.798110617393562372e+00,3.879020030625774496e+00,-8.724458469316349607e+00,-2.658999272254395585e+00,1.603435298953765908e+00,-4.208902257267222780e+00,-2.475538329169229002e+00,-1.030042818512785630e+01,-1.103768724020337899e+01,-1.370831174724466450e+01,-8.879003302815904775e+00
-3.631526116145532335e+00,-3.268435021752633673e+00,-3.386103945681739447e+00,-1.720811544973792628e+00,-2.539544827104490921e+00,-3.757402521237887427e+00,3.187924336391446900e+00,-8.889298522609717423e+00,-2.542006124867884687e+00,1.092162303401886803e+00,-4.537827765050558071e+00,-2.606888703210259450e+00,-9.989974795048997436e+00,-1.071930117050314202e+01,-1.371063257813378833e+01,-8.690534582497281946e+00
-3.915809142374473417e+00,-3.664591691311795962e+00,-3.738800803167814824e+00,-2.027828221402441677e+00,-2.665179918720006036e+00,-4.662285114528263996e+00,2.496221197489305155e+00,-8.964210335855124612e+00,-2.495660942365188539e+00,5.986046743270332371e-01,-4.831620481950920976e+00,-2.651014775355605479e+00,-9.565959505243757377e+00,-1.042728812478532596e+01,-1.373515869101087183e+01,-8.444432097072057886e+00
-4.197642342391636028e+00,-4.048000603088826921e+00,-4.102839316187603558e+00,-2.353158074233728136e+00,-2.828566430281120425e+00,-5.498231364700394863e+00,1.815390654306398233e+00,-8.941475551024222312e+00,-2.527786231299795183e+00,1.306357143397782750e-01,-5.083447649084369857e+00,-2.608054108716849839e+00,-9.042360411942130582e+00,-1.017021502528109167e+01,-1.377748846831259044e+01,-8.145658222809853299e+00
-4.477015521084888761e+00,-4.407869876669719744e+00,-4.467518426998494441e+00,-2.690849374098214675e+00,-3.024357468113801239e+00,-6.253424825327630110e+00,1.156265670948428692e+00,-8.817054791205645614e+00,-2.642059559875601593e+00,-3.054000957608797862e-01,-5.288749691246376727e+00,-2.481930049400807192e+00,-8.435918590478156176e+00,-9.953942960173492338e+00,-1.383218412867855385e+01,-7.801192238972010529e+00
-4.752054378281417080e+00,-4.732832783507119778e+00,-4.821410643154643516e+00,-3.033006790847101897e+00,-3.244721001133568095e+00,-6.919121081091440750e+00,5.287294807004272457e-01,-8.591074477989931069e+00,-2.837572001898949203e+00,-7.047438215917107840e-01,-5.445355000423127478e+00,-2.280323453413975798e+00,-7.765709356052842516e+00,-9.781116127338144395e+00,-1.389302208959015417e+01,-7.419738838829142757e+00
-5.018959703314037846e+00,-5.011539060057702777e+00,-5.152944436541555540e+00,-3.370086249254309330e+00,-3.479790639825783849e+00,-7.489962806187072886e+00,-5.854591545069354197e-02,-8.268143759307275076e+00,-3.108756903397448923e+00,-1.064111699868366401e+00,-5.553535794509986800e+00,-2.014474232281672883e+00,-7.052757284184214548e+00,-9.651014107983691304e+00,-1.395340269753496898e+01,-7.011524629667675867e+00
-5.272084048244174426e+00,-5.233236160486782751e+00,-5.450953350967171929e+00,-3.691278972093863686e+00,-3.718157081301567857e+00,-7.963998530094585249e+00,-5.982544372922191656e-01,-7.857412866370296456e+00,-3.445472151697279273e+00,-1.381511198541750751e+00,-5.615834473872585164e+00,-1.698817850294851439e+00,-6.319523614407889234e+00,-9.559594871787325587e+00,-1.400664457330575452e+01,-6.587919687458858142e+00
-5.504151478784880425e+00,-5.388366764700996292e+00,-5.705232831830248763e+00,-3.985021694278224835e+00,-3.947518736020170671e+00,-8.342527355861395932e+00,-1.084611155890485179e+00,-7.372409689986429981e+00,-3.833398022845106112e+00,-1.656034454897963748e+00,-5.636824424808363432e+00,-1.350443048576408955e+00,-5.589348681355268411e+00,-9.499644867810179250e+00,-1.404634470141760616e+01,-6.160992601154001491e+00
-5.706721393874983228e+00,-5.469187130061951230e+00,-5.907103544528658823e+00,-4.239694949617989650e+00,-4.155487600337499643e+00,-8.629901224839041873e+00,-1.513475212818196525e+00,-6.830685725550281973e+00,-4.254786576146183386e+00,-1.887658063199221470e+00,-5.622846837975298939e+00,-9.884555824900154164e-01,-4.885998341695721336e+00,-9.461490697186754062e+00,-1.406677204255740676e+01,-5.743294110232548988e+00
-5.870732365650473739e+00,-5.470276081954086322e+00,-6.049911973090894790e+00,-4.444305242408407963e+00,-4.330357346313059352e+00,-8.833145120842814890e+00,-1.882334441232384137e+00,-6.253219724667999913e+00,-4.689387398204562629e+00,-2.077005033840317871e+00,-5.581603452086088879e+00,-6.332085582845756733e-01,-4.233183044946209783e+00,-9.433892675837736164e+00,-1.406323531665650961e+01,-5.347544928807758779e+00
-5.987120961781386086e+00,-5.388902466234881672e+00,-6.129314039153599403e+00,-4.589142963611813286e+00,-4.461808921837510766e+00,-8.961413094256833745e+00,-2.190310582560517361e+00,-5.663503219417403756e+00,-5.115465027612984272e+00,-2.225131051622792455e+00,-5.521676711988639852e+00,-3.054462431867186467e-01,-3.653920337581746836e+00,-9.404806470020670162e+00,-1.403226188464698154e+01,-4.986187666742548430e+00
-6.047429902476668673e+00,-5.225294946013741892e+00,-6.143497099876002565e+00,-4.666391532040068846e+00,-4.541585392608251226e+00,-9.025372740038150710e+00,-2.438104520045641266e+00,-5.086524266703303709e+00,-5.510978753848023715e+00,-2.333381207532419399e+00,-5.452028436856323879e+00,-2.539849163437324364e-02,-3.169922106669403217e+00,-9.362264370509091549e+00,-1.397181810077145947e+01,-4.671019901630167226e+00
-6.044504734289526837e+00,-4.982693748682448742e+00,-6.093262890938349052e+00,-4.670664914058312078e+00,-4.564013274134985920e+00,-9.036535479504328450e+00,-2.627878503527860232e+00,-4.547591384517531310e+00,-5.854796514059490420e+00,-2.403254909867500011e+00,-5.381511308778026859e+00,1.881076854589345260e-01,-2.800991274384627694e+00,-9.295384757475463999e+00,-1.388143075082101241e+01,-4.412895868451656156e+00
-5.972988483707863061e+00,-4.667281584708956821e+00,-5.981818118872117118e+00,-4.599318040413576725e+00,-4.526318419269406590e+00,-9.006564801098750905e+00,-2.763046251490507643e+00,-4.070994368885155978e+00,-6.127755968847063528e+00,-2.436311194701250571e+00,-5.318271761182483459e+00,3.185663853537246126e-01,-2.564310828220697225e+00,-9.194961331700591600e+00,-1.376209146870538902e+01,-4.221197712672296376e+00
-5.829774100667015624e+00,-4.287903806318254851e+00,-5.814538720537989036e+00,-4.452634684932499809e+00,-4.428810775625319884e+00,-8.946612385294026026e+00,-2.848123488444848306e+00,-3.678730319954802042e+00,-6.313665991783543596e+00,-2.434132481272529791e+00,-5.269269492621209139e+00,3.526444444246035204e-01,-2.473769458524087916e+00,-9.053942810233749583e+00,-1.361616303173940246e+01,-4.103429072257219978e+00
-5.614387813578755271e+00,-3.855741710673845191e+00,-5.598668605840164680e+00,-4.233919995465265096e+00,-4.274918548328169088e+00,-8.866777928014251131e+00,-2.888471600856910015e+00,-3.389312811162220385e+00,-6.400225578855256003e+00,-2.398374968813297148e+00,-5.239949436415663797e+00,2.808212412445794115e-01,-2.539439531122438698e+00,-8.868024179734206314e+00,-1.344725680681628788e+01,-4.064995141998650752e+00
-5.329185473878257362e+00,-3.383718352123326056e+00,-5.342850919552391886e+00,-3.949365432689166511e+00,-4.071012124096580642e+00,-8.775626405230017468e+00,-2.889976863336901403e+00,-3.216702067071732785e+00,-6.379755569655237935e+00,-2.330801224782644177e+00,-5.233941299575894490e+00,9.799590759429754883e-02,-2.767066447925033756e+00,-8.636108293424147320e+00,-1.326004646012648713e+01,-4.109053824073757966e+00
-4.979326034960553926e+00,-2.885931715854638036e+00,-5.056575173431927084e+00,-3.607684733232201069e+00,-3.826012752848996001e+00,-8.679819397907259315e+00,-2.858742842438900311e+00,-3.169346283038741774e+00,-6.249539671065074131e+00,-2.233313714681522733e+00,-5.252813696067454075e+00,-1.960379107263214848e-01,-3.157533407194203612e+00,-8.360306116137381949e+00,-1.305994253119413884e+01,-4.236178636339932524e+00
-4.572653116638180748e+00,-2.377023827728161010e+00,-4.749704484141746619e+00,-3.219764823159564138e+00,-3.550958929961276489e+00,-8.583949094872988184e+00,-2.800767631053695084e+00,-3.249653254218777931e+00,-6.012081288931895529e+00,-2.108038803310895215e+00,-5.296093710955332767e+00,-5.964294199379356343e-01,-3.706635443909266137e+00,-8.046139495836364119e+00,-1.285282310516169169e+01,-4.444379770444572664e+00
-4.119371008458410088e+00,-1.871481506024719188e+00,-4.431959888690668592e+00,-2.798081351491209290e+00,-3.258386766071890150e+00,-8.490473128534429037e+00,-2.721570449548657677e+00,-3.453615221655784495e+00,-5.675018902568281121e+00,-1.957337398117899419e+00,-5.361279837230359391e+00,-1.093196239608113629e+00,-4.404928910208673720e+00,-7.702519754231097693e+00,-1.264477699150459422e+01,-4.729188676432162453e+00
-3.631538652063986738e+00,-1.382943624106974134e+00,-4.112346387886088195e+00,-2.355995820823014952e+00,-2.961583927684293016e+00,-8.399763394380457271e+00,-2.625884730289634206e+00,-3.770849172330205334e+00,-5.250698348406599436e+00,-1.783782830429844868e+00,-5.443998296381783675e+00,-1.671431833832583536e+00,-5.237687239225603975e+00,-7.341250912154709596e+00,-1.244169818775989889e+01,-5.083594396586189390e+00
-3.122539385856883065e+00,-9.236814829994672849e-01,-3.798766274093056339e+00,-1.907124823712167405e+00,-2.673878811684268442e+00,-8.310365859055703908e+00,-2.517494092512990278e+00,-4.184960715022217670e+00,-4.755506192705469815e+00,-1.590192336261415207e+00,-5.538235157981672430e+00,-2.311750254817274808e+00,-6.185100746839080621e+00,-6.976401218784548774e+00,-1.224899961084864941e+01,-5.498110251319200614e+00
-2.606405222365442143e+00,-5.041098607425027467e-01,-3.497695207015991237e+00,-1.464649658380794861e+00,-2.407954303239915994e+00,-8.219304378126548016e+00,-2.399075272246609103e+00,-4.674275441530909347e+00,-4.209104958836325849e+00,-1.379609008841238271e+00,-5.636703956443469110e+00,-2.990942592051029081e+00,-7.222708681790896534e+00,-6.623709677351449443e+00,-1.207136404091864890e+01,-5.961041517636205711e+00
-2.097077972106442978e+00,-1.323725609814756510e-01,-3.213904919005022620e+00,-1.040624541465146713e+00,-2.175111796173702317e+00,-8.122445295040368052e+00,-2.272108918048740378e+00,-5.212836990433999063e+00,-3.633281495360744628e+00,-1.155209930693745335e+00,-5.731214784176303922e+00,-3.682829043704622052e+00,-8.321923889633939808e+00,-6.299470264516514817e+00,-1.191241314344680369e+01,-6.458620247678887871e+00
-1.607785293132221405e+00,1.858063045530586876e-01,-2.950389856679719536e+00,-6.454703618626354000e-01,-1.984755675086708138e+00,-8.014992103405766954e+00,-2.137091305059819035e+00,-5.771740534401732958e+00,-3.050789030617773179e+00,-9.202711964899963348e-01,-5.813100067553794048e+00,-4.359341171445139551e+00,-9.450871680753536452e+00,-6.019372979198815088e+00,-1.177455563419886886e+01,-6.975254355346583779e+00
-1.150400917312724758e+00,4.472339198201202848e-01,-2.708397419162491992e+00,-2.875420956223297964e-01,-1.843942451401226812e+00,-7.891952720750363248e+00,-1.993608582360273829e+00,-6.320581317953205769e+00,-2.484197533117924017e+00,-6.780708961944492685e-01,-5.873693908857507751e+00,-4.991694637841778359e+00,-1.057538490959503896e+01,-5.797525941101724811e+00,-1.165889479645821147e+01,-7.493964307147078507e+00
-7.350099989731520012e-01,6.510989436151213283e-01,-2.487719042166240513e+00,2.702659730514866965e-02,-1.757218557079800014e+00,-7.748742959152300713e+00,-1.840643900771826935e+00,-6.829140211911322922e+00,-1.954846097106612390e+00,-4.318519160373393007e-01,-5.904927672592551247e+00,-5.551729276815022374e+00,-1.166029783053540214e+01,-5.645777970688342862e+00,-1.156528886854577998e+01,-7.997040786179543836e+00
-3.694940442872827191e-01,7.987807242404665331e-01,-2.286946320345998984e+00,2.944365202158323314e-01,-1.726494073629096349e+00,-7.581589761151167117e+00,-1.676894225125302285e+00,-7.269000765776340245e+00,-1.481713877917065325e+00,-1.847322702993414723e-01,-5.899727863861400579e+00,-6.013176670584062578e+00,-1.267069735413928200e+01,-5.572881187229985045e+00,-1.149237286700453353e+01,-8.466538511289307678e+00
-5.941442284143327868e-02,8.934858256931406117e-01,-2.103993143529699239e+00,5.130162430644782390e-01,-1.751215357913876502e+00,-7.388087498821493071e+00,-1.501203520946194914e+00,-7.615213606061818297e+00,-1.080676041427844680e+00,6.030279646138314575e-02,-5.852567718823957321e+00,-6.353019035689339233e+00,-1.357340415352288865e+01,-5.584206009716563557e+00,-1.143784526033810067e+01,-8.885146520043047502e+00
1.919858847886821707e-01,9.397639869774030430e-01,-1.936612228453931550e+00,6.829093766773821628e-01,-1.828705035915850985e+00,-7.167550902409568714e+00,-1.312954377258321870e+00,-7.847749365487860729e+00,-7.638983796313212338e-01,3.004318213299308482e-01,-5.759923602230779593e+00,-6.552679483005771743e+00,-1.433845692356660706e+01,-5.681794738883077400e+00,-1.139868181750140508e+01,-9.237043816510027483e+00
3.837151787127570657e-01,9.430744169599361015e-01,-1.782883357212995179e+00,8.056786265965820704e-01,-1.954462660775795335e+00,-6.921212075967077659e+00,-1.112416547821528212e+00,-7.952648003001169030e+00,-5.393523392616019763e-01,5.330455511754941256e-01,-5.620520376182239985e+00,-6.599038688791660334e+00,-1.494043619347587537e+01,-5.864372012666791534e+00,-1.137140400250845218e+01,-9.508613475556487060e+00
5.167553950626766479e-01,9.093233947361518688e-01,-1.641639957082745127e+00,8.838520545989556609e-01,-2.122652380356846891e+00,-6.652327202716252330e+00,-9.011749942028615123e-01,-7.922841496969311947e+00,-4.106255756011334412e-01,7.557029244624944297e-01,-5.435523761211889848e+00,-6.485279518484626138e+00,-1.535965928542979242e+01,-6.127474728723306896e+00,-1.135230241679725793e+01,-9.689131934664148460e+00
5.937290814881110990e-01,8.443709514273800565e-01,-1.512931498754717552e+00,9.203758786437497008e-01,-2.326671909810647421e+00,-6.366215852005262299e+00,-6.824467526047293120e-01,-7.758706378605573661e+00,-3.769968418258873299e-01,9.660883403260145386e-01,-5.208677233736455747e+00,-6.211459577230129980e+00,-1.558321948669757795e+01,-6.464061209247680573e+00,-1.133781163430601957e+01,-9.771484912124723365e+00
6.185125547741616714e-01,7.536980221876472541e-01,-1.398223700426038718e+00,9.181634515577794531e-01,-2.559577138949542530e+00,-6.069978936048648244e+00,-4.612617613446339249e-01,-7.468045006188905433e+00,-4.336000715214449741e-01,1.161973071188352691e+00,-4.946185841215461565e+00,-5.784747793934171156e+00,-1.560571565589965104e+01,-6.864891026883924496e+00,-1.132469037605288698e+01,-9.752619435502388967e+00
5.958531534117046391e-01,6.421073844585150070e-01,-1.300453132307248794e+00,8.797442639275585563e-01,-2.814522221735273888e+00,-5.772177235210760315e+00,-2.445815718013513163e-01,-7.065676595063834498e+00,-5.717807209438321436e-01,1.341176168525017864e+00,-4.656453096103820855e+00,-5.219339935654261353e+00,-1.542957342709898327e+01,-7.318861905266963674e+00,-1.131018819905149186e+01,-9.633723429834610386e+00
5.309214467807930049e-01,5.135504963299020176e-01,-1.224014147470402492e+00,8.069018040395317115e-01,-3.085159369316162525e+00,-5.482436549957040661e+00,-4.129618269723778212e-02,-6.572654684943326941e+00,-7.797478712253393951e-01,1.501457490166828279e+00,-4.349798551573625716e+00,-4.536091991690545555e+00,-1.506512194452733233e+01,-7.813643190558618556e+00,-1.129224959663729955e+01,-9.420434412128486201e+00
4.289292635049086755e-01,3.710183831251523401e-01,-1.174596556344845943e+00,7.004578615464946978e-01,-3.365966157211945919e+00,-5.210937910240072135e+00,1.379742091287781136e-01,-6.015153124313656008e+00,-1.043337700058848405e+00,1.640436725354706304e+00,-4.038088770461982335e+00,-3.761773444319370441e+00,-1.453036182712726188e+01,-8.336392937756610166e+00,-1.126967108966240616e+01,-9.122840888572987694e+00
2.948361679720359341e-01,2.166437627988173631e-01,-1.158782576335616099e+00,5.603089939524066310e-01,-3.652336734574891608e+00,-4.967759445446595201e+00,2.813110787655332956e-01,-5.422947326434428561e+00,-1.346723898898997795e+00,1.755634676417698437e+00,-3.734130753222283161e+00,-2.927964416203153064e+00,-1.385021227991253667e+01,-8.874276341611141206e+00,-1.124210062425446033e+01,-8.755144169561297929e+00
1.331399478909269796e-01,5.180247926750602971e-02,-1.183589537093700628e+00,3.854582586901615926e-01,-3.940711361100590615e+00,-4.762363075297051829e+00,3.759521655334872037e-01,-4.827769053106539587e+00,-1.673351373403937359e+00,1.844442963599721264e+00,-3.451191847203427088e+00,-2.069782312158679360e+00,-1.305558303964035716e+01,-9.415198657888026901e+00,-1.121013537665993631e+01,-8.335303431457544932e+00
-5.228813530200282500e-02,-1.226447291263230710e-01,-1.255948227092542169e+00,1.742351651597733309e-01,-4.228490602351130612e+00,-4.602988452443456779e+00,4.090002731277699866e-01,-4.261530330722013815e+00,-2.006839960906935616e+00,1.904151845713832003e+00,-3.202424712398876494e+00,-1.224339373415034515e+00,-1.218211323507625998e+01,-9.948500475375361418e+00,-1.117527930087554999e+01,-7.884475180232861646e+00
-2.581363696424832099e-01,-3.060249108619368386e-01,-1.381983054740201666e+00,-7.525466391662494203e-02,-4.513809232858436715e+00,-4.496067838040221254e+00,3.682510288773599427e-01,-3.754424038190457225e+00,-2.331678553203224702e+00,1.932169517834326999e+00,-3.000159969490180600e+00,-4.289797206611396518e-01,-1.126859428327110635e+01,-1.046532354475811744e+01,-1.113978352624074120e+01,-7.426119930334084351e+00
-4.815684917447415891e-01,-4.975584448279022354e-01,-1.566351552453427054e+00,-3.646889837914146781e-01,-4.795238728512737580e+00,-4.445775548328979809e+00,2.429356523146388724e-01,-3.333242311942239411e+00,-2.633947918194456506e+00,1.926108749731112901e+00,-2.855347807427474294e+00,2.804130656887444673e-01,-1.035523567154434943e+01,-1.095886280032835813e+01,-1.110647276602546718e+01,-6.984975594484023276e+00
-7.200944126622745856e-01,-6.960747488892913282e-01,-1.811704178498954931e+00,-6.950244114857015987e-01,-5.071514692620325171e+00,-4.453681909400665440e+00,2.449742476092708898e-02,-3.019859931125235875e+00,-2.901950975172152170e+00,1.883914234988922409e+00,-2.777031780414059625e+00,8.710669028789617130e-01,-9.481937463592560178e+00,-1.142449452305780078e+01,-1.107865906843729142e+01,-6.586033849433304610e+00
-9.712386404773054593e-01,-8.996787151866110221e-01,-2.117991243309042204e+00,-1.065913149205000465e+00,-5.341097094984585070e+00,-4.518428916537752471e+00,-2.925555181725592035e-01,-2.829953538317688810e+00,-3.126498851459340145e+00,1.804211548531849729e+00,-2.771771190304741950e+00,1.314993039376107120e+00,-8.686435515195421786e+00,-1.185956827140599401e+01,-1.105977357382509929e+01,-6.253246993376348151e+00
-1.232296640485260220e+00,-1.105561327456771714e+00,-2.482076542315443390e+00,-1.475156586521886304e+00,-5.601830407686566815e+00,-4.635671692729825821e+00,-7.100856059822113764e-01,-2.772143376635053613e+00,-3.301140868518345428e+00,1.686413658777703439e+00,-2.843234670552600818e+00,1.590313135367496855e+00,-8.002601782729236390e+00,-1.226291471847042303e+01,-1.105315209759121231e+01,-6.008259390427019397e+00
-1.500031690825170294e+00,-1.309866975925125132e+00,-2.897452886550127005e+00,-1.918310343914553684e+00,-5.850637784349580706e+00,-4.798066951530747914e+00,-1.225822045742770428e+00,-2.847514260275509912e+00,-3.422211059591406368e+00,1.530976932711523020e+00,-2.991879442137324929e+00,1.682388358807404671e+00,-7.458879498688283149e+00,-1.263427965480565085e+01,-1.106176438561698205e+01,-5.869222049549505549e+00
-1.770468259175265402e+00,-1.507628018469305609e+00,-3.354218691818859455e+00,-2.388419362109728272e+00,-6.083406481544503919e+00,-4.995531699723521513e+00,-1.833074408217278517e+00,-3.049658707047470330e+00,-3.488782863335088358e+00,1.339557673682006289e+00,-3.214853198313555538e+00,1.584553537131828449e+00,-7.077091720204626846e+00,-1.297388317517839340e+01,-1.108804728510125770e+01,-5.849847998581230613e+00
-2.038792445839752610e+00,-1.692950468333292768e+00,-3.839299147368611109e+00,-2.875990572110039611e+00,-6.294915079683343961e+00,-5.215642010196459566e+00,-2.520584668067108680e+00,-3.365134205046327764e+00,-3.502493801010098107e+00,1.115163913073859980e+00,-3.505986985567769665e+00,1.298488880393362521e+00,-6.871581487388352727e+00,-1.328199509713370396e+01,-1.113376764520529605e+01,-5.958644100847511282e+00
-2.299319701486456147e+00,-1.859202395151498877e+00,-4.336892382405195256e+00,-3.369104539354512262e+00,-6.478959740609908202e+00,-5.444157888810718049e+00,-3.272718389113528303e+00,-3.774321968690614426e+00,-3.467256068147651416e+00,8.622099079942078248e-01,-3.855968844549202856e+00,8.341873334730873779e-01,-6.848665900201302392e+00,-1.355846039451776797e+01,-1.119991474759640049e+01,-6.198334479215652948e+00
-2.545581406633811383e+00,-1.999279940665783961e+00,-4.829151684634400254e+00,-3.853784140744129338e+00,-6.628630030247197880e+00,-5.665733707506728223e+00,-4.069760219985621319e+00,-4.252727616334034622e+00,-3.388948888551085226e+00,5.865242991963044439e-01,-4.252684704910077329e+00,2.095554814801232624e-01,-7.006596172295374458e+00,-1.380261423336958515e+01,-1.128667397791146065e+01,-6.565761980996715153e+00
-2.770541641469747240e+00,-2.106042660393951493e+00,-5.297015332142038346e+00,-4.314556701751539158e+00,-6.736677265348255617e+00,-5.864610250434879823e+00,-4.888483733997155412e+00,-4.772445143355515285e+00,-3.275032674707405889e+00,2.952948359304055082e-01,-4.681673609419402027e+00,-5.504020114862537838e-01,-7.335858239441046535e+00,-1.401324490872505457e+01,-1.139345948568691291e+01,-7.051958005603836455e+00
-2.966905747960118411e+00,-2.172727705550699273e+00,-5.721143272493224075e+00,-4.735140964317764656e+00,-6.795981015900918187e+00,-6.025387266252924867e+00,-5.702958079847832096e+00,-5.303913089632587230e+00,-3.134069630185533306e+00,-3.095408859686621383e-03,-5.126666889710513431e+00,-1.414736523236166832e+00,-7.819820884346096790e+00,-1.418850267281823996e+01,-1.151893127965617047e+01,-7.642483991153104839e+00
-3.127493329586330972e+00,-2.193399401891405365e+00,-6.082963667228645122e+00,-5.099268204291098172e+00,-6.800121154578286919e+00,-6.133838298512607423e+00,-6.485534706346030021e+00,-5.817703716467256925e+00,-2.975260633316171521e+00,-2.993056744086222132e-01,-5.570187760319463166e+00,-2.347971137715312295e+00,-8.435690701812955439e+00,-1.432591217427368946e+01,-1.166103048467174474e+01,-8.318001669240626228e+00
-3.245659198215729013e+00,-2.163374754568054392e+00,-6.365700913745797607e+00,-5.391556578352843410e+00,-6.743907424227961300e+00,-6.177640006397061789e+00,-7.207911928742646523e+00,-6.286235363913451835e+00,-2.807978328434102444e+00,-5.833394766147796950e-01,-5.994256195662845954e+00,-3.311728827435727496e+00,-9.155805787622439240e+00,-1.442262654182828285e+01,-1.181710930680714355e+01,-9.055178972431871642e+00
-3.315733600963114647e+00,-2.079563652866984746e+00,-6.555279484810277779e+00,-5.598349109539766388e+00,-6.623896814152813839e+00,-6.146963768299675834e+00,-7.842344177173526276e+00,-6.685429349407591815e+00,-2.641321352478112061e+00,-8.449231138325279389e-01,-6.381039457447311491e+00,-4.266502847627302586e+00,-9.948992448813568146e+00,-1.447546000047201886e+01,-1.198400467858938789e+01,-9.827636404440278639e+00
-3.333411705867789898e+00,-1.940750896162487305e+00,-6.641145730500610966e+00,-5.708528852779549467e+00,-6.438860792942259437e+00,-6.035018367329576527e+00,-8.362873353960551981e+00,-6.996037066390520920e+00,-2.483630342930681856e+00,-1.073921348248010332e+00,-6.713534903881182458e+00,-5.173459331067123301e+00,-1.078210660959560130e+01,-1.448097079173199830e+01,-1.215814190936227135e+01,-1.060707373526062014e+01
-3.296176031438217358e+00,-1.747816869096479486e+00,-6.616979301316395556e+00,-5.714271400488947883e+00,-6.190174117543890908e+00,-5.838457021071090658e+00,-8.746507004538678132e+00,-7.204718138129116767e+00,-2.342227081370575448e+00,-1.260814994949357892e+00,-6.976259975256255075e+00,-5.996187143825618904e+00,-1.162160987452066507e+01,-1.443583090795010726e+01,-1.233572033489772934e+01,-1.136461827392368562e+01
-3.203595715719028014e+00,-1.503741269265258307e+00,-6.481126790710359131e+00,-5.611590882588156859e+00,-5.882059961819836147e+00,-5.557620695894417651e+00,-8.974258914674706489e+00,-7.304743250823641176e+00,-2.223193114931345526e+00,-1.397173961437280898e+00,-7.155921022943154242e+00,-6.702296753079997060e+00,-1.243513909817192520e+01,-1.433732374661074793e+01,-1.251292003885329507e+01,-1.207222274663167383e+01
-3.057448088879345605e+00,-1.213568106542937564e+00,-6.236797797764413787e+00,-5.400668925695440770e+00,-5.521626312882909282e+00,-5.196616666226562486e+00,-9.032001751240962051e+00,-7.296195566382486675e+00,-2.131097254318328638e+00,-1.475977437261265734e+00,-7.241844903698131830e+00,-7.264721797924243774e+00,-1.319282204391967461e+01,-1.418357124748975195e+01,-1.268597012051123052e+01,-1.270384833552406967e+01
-2.861813064515992266e+00,-8.842005086424089555e-01,-5.892037442444364004e+00,-5.086045998693655257e+00,-5.118782247496775462e+00,-4.763240806951184680e+00,-8.911162670782168505e+00,-7.185840897884293810e+00,-2.069040239425697258e+00,-1.492046643911797865e+00,-7.226541976833434688e+00,-7.662838354187472945e+00,-1.386851822351788144e+01,-1.397415183569001229e+01,-1.285142949362376008e+01,-1.323680889597403265e+01
-2.623054805964839531e+00,-5.241348975733521875e-01,-5.459486089616195414e+00,-4.676540967968456641e+00,-4.686022100344200858e+00,-4.268715374534738594e+00,-8.609161702769196012e+00,-6.986589812497097540e+00,-2.038739068271333110e+00,-1.442376307822869741e+00,-7.106070192023032916e+00,-7.883216143526043496e+00,-1.444080841603572907e+01,-1.371070813333921734e+01,-1.300638763262900000e+01,-1.365294940730103512e+01
-2.349525216087517521e+00,-1.430487730119440748e-01,-4.955714725876969595e+00,-4.184889285705450490e+00,-4.237856240888896231e+00,-3.727205981138396851e+00,-8.129537572798643197e+00,-6.716508392353645718e+00,-2.040510733539719901e+00,-1.326248881121300904e+00,-6.880183040893294688e+00,-7.919926208501923526e+00,-1.489359775731293389e+01,-1.339715933134187864e+01,-1.314855150549627893e+01,-1.393937444544993909e+01
-2.051144190909308662e+00,2.486626305759513933e-01,-4.400437298946671127e+00,-3.627082796968287504e+00,-3.790165879133339466e+00,-3.155272999801462142e+00,-7.481896203831066572e+00,-6.397542023778001408e+00,-2.073381852931208691e+00,-1.145339231273336367e+00,-6.552393978302593069e+00,-7.774548034365571070e+00,-1.521638941258557587e+01,-1.303974971933395643e+01,-1.327633795658226923e+01,-1.408894870012801093e+01
-1.738949631165135123e+00,6.403949707535212532e-01,-3.815570740221640555e+00,-3.021636938653379012e+00,-3.359467892559770519e+00,-2.571159536301412807e+00,-6.681540307587905403e+00,-6.054075521574521446e+00,-2.135318296588738285e+00,-9.037135565128586734e-01,-6.129882407505592212e+00,-7.455765166176664849e+00,-1.540435389200763439e+01,-1.264720452302277920e+01,-1.338898337503505687e+01,-1.410064427243577612e+01
-1.424444637112041612e+00,1.021864831326958267e+00,-3.224057674375878868e+00,-2.388580394692247921e+00,-2.961993590522802755e+00,-1.993950428654513551e+00,-5.748872636681753079e+00,-5.711267743156795973e+00,-2.223338951996525203e+00,-6.076657641216116623e-01,-5.623214276037789006e+00,-6.978694005466103079e+00,-1.545795264048040707e+01,-1.223030834801379108e+01,-1.348652632545002916e+01,-1.397932738429312316e+01
-1.118938890748172987e+00,1.383586439906499876e+00,-2.648691742522930603e+00,-1.748387241760266608e+00,-2.612770974929078172e+00,-1.442701806549510302e+00,-4.708661911733607042e+00,-5.393437122352935376e+00,-2.333634691085797463e+00,-2.654669995759721957e-01,-5.045937187325723272e+00,-6.363892215413771147e+00,-1.538237014735564578e+01,-1.180129548498848280e+01,-1.356977337218671664e+01,-1.373530393171549768e+01
-8.329497322667016590e-01,1.717287810763760803e+00,-2.111008904465589531e+00,-1.120974837157390436e+00,-2.324851487474388634e+00,-9.356525322157747127e-01,-3.589125220297049168e+00,-5.122543026233575603e+00,-2.461893110277965313e+00,1.128909129849389181e-01,-4.414126063141459611e+00,-5.636201435922443714e+00,-1.518680680159630469e+01,-1.137337049690104607e+01,-1.364032805868507126e+01,-1.338372465961460733e+01
-5.756385153900902552e-01,2.016211137962509170e+00,-1.630337118023908793e+00,-5.247487612100938392e-01,-2.108582532517253583e+00,-4.894422198140047087e-01,-2.420850936145953369e+00,-4.916875787984071877e+00,-2.603531845468562977e+00,5.160881735919753410e-01,-3.745862067492934599e+00,-4.823427270051909410e+00,-1.488364742371098259e+01,-1.096025676921697745e+01,-1.370062967114846586e+01,-1.294383490582122320e+01
-3.542614597272200072e-01,2.275356467280158945e+00,-1.222843981052911033e+00,2.433855969112208584e-02,-1.970989941891313713e+00,-1.182971315705971804e-01,-1.235644629366486669e+00,-4.789927058849649200e+00,-2.753865460738945892e+00,9.319832387361861592e-01,-3.060540285454159459e+00,-3.954972062894419160e+00,-1.448748821639422957e+01,-1.057542285689004125e+01,-1.375381929873833720e+01,-1.243787737865405774e+01
-1.738768615338939227e-01,2.491553562957366630e+00,-9.009348805362575874e-01,5.133954415138131111e-01,-1.915412401631488848e+00,1.664822352348602763e-01,-6.537787957615037726e-02,-4.749681004980459420e+00,-2.908415546584809164e+00,1.348069336025862874e+00,-2.378228502406733114e+00,-3.060420563494150592e+00,-1.401424302349083284e+01,-1.023161998227483416e+01,-1.380371607533232137e+01,-1.189007669049883376e+01
-3.714343651293372517e-02,2.663428989982477901e+00,-6.729113161140221067e-01,9.330547746223363248e-01,-1.941348210674400221e+00,3.569781980419977074e-01,1.059165366917305562e+00,-4.798225101010583415e+00,-3.063201824538405837e+00,1.751963762903493649e+00,-1.719039061872729590e+00,-2.168276548929551240e+00,-1.348033702829516045e+01,-9.940606678248158801e+00,-1.385475629150196042e+01,-1.132560014674292859e+01
5.576555071127664576e-02,2.791294465230500066e+00,-5.427449194292881529e-01,1.277725214798375752e+00,-2.044492950178510959e+00,4.490385632067752653e-01,2.109368158612642929e+00,-4.931744845089937712e+00,-3.214858382364783829e+00,2.131914413335305625e+00,-1.102369603523793984e+00,-1.304771195641806436e+00,-1.290185348455707448e+01,-9.712591613611959218e+00,-1.391179297287800765e+01,-1.076936793414482807e+01
1.070266770534411549e-01,2.876957647968508169e+00,-5.101285027474204981e-01,1.545609614348795624e+00,-2.216940082952866931e+00,4.424579797498853218e-01,3.059701966827340414e+00,-5.140881238211388649e+00,-3.360750827510079475e+00,2.477241775702832882e+00,-5.462335896733563345e-01,-4.929146032390532284e-01,-1.229392688846990644e+01,-9.555830615195556987e+00,-1.397995659317551898e+01,-1.024493457494662785e+01
1.209127806574876729e-01,2.923405160629027222e+00,-5.708220733933266899e-01,1.738447747910898400e+00,-2.447718334835192522e+00,3.409242640305878425e-01,3.888491194796216632e+00,-5.411478489759403487e+00,-3.499150443109493303e+00,2.778695508841512840e+00,-6.666522893561044327e-02,2.481903596437780024e-01,-1.167027172945398306e+01,-9.476395264283766551e+00,-1.406445786187232194e+01,-9.773548202491694425e+00
1.033911679674375250e-01,2.934484017048158755e+00,-7.171359383031337131e-01,1.861096468115580826e+00,-2.723379341100679696e+00,1.519084019484457926e-01,4.578487386230893463e+00,-5.725570347415118277e+00,-3.629169400650548827e+00,3.028792332196212467e+00,3.228819738113877236e-01,9.038215576283317176e-01,-1.104286236190771575e+01,-9.477819630980894416e+00,-1.417032034123419137e+01,-9.373289670465590362e+00
6.170354344220552179e-02,2.914592524892286818e+00,-9.384980011361738761e-01,1.921020648064786229e+00,-3.028692715716759132e+00,-1.135760981429212446e-01,5.117270698580732358e+00,-6.062591063544655157e+00,-3.750640409789042007e+00,3.222052702939349533e+00,6.120626691040857992e-01,1.463879745097599105e+00,-1.042172384438752886e+01,-9.560661409779582343e+00,-1.430206554514427530e+01,-9.058170576659078321e+00
3.812978319079896039e-03,2.868378832981661297e+00,-1.222221714102699863e+00,1.927550783550310065e+00,-3.347581695902330345e+00,-4.414516083092709930e-01,5.497391865749296613e+00,-6.400728524634722305e+00,-3.864079936393251202e+00,3.355092748406813818e+00,7.939775233803860743e-01,1.922750472111114384e+00,-9.814974449413636393e+00,-9.722458107497329749e+00,-1.446351205097403003e+01,-8.837782821159926527e+00
-6.221405833306992150e-02,2.800438076140518540e+00,-1.554356873645313719e+00,1.891066933860528820e+00,-3.663950584216746797e+00,-8.151836901149036585e-01,5.716384229700853581e+00,-6.718376310148101993e+00,-3.970570016020832593e+00,3.426645682215418987e+00,8.653497347448109167e-01,2.279016514686837525e+00,-9.229075591435865533e+00,-9.957907853606936754e+00,-1.465759716396003398e+01,-8.717138901548707963e+00
-1.287155896931819754e-01,2.715112784598066931e+00,-1.920462463924305752e+00,1.822242995843876390e+00,-3.962593034123075064e+00,-1.216395805727002344e+00,5.776595694761876842e+00,-6.995501527617349780e+00,-4.071498288276877986e+00,3.437567057427595607e+00,8.266806425031720806e-01,2.535011593119591566e+00,-8.669087598532168926e+00,-1.025898256081081783e+01,-1.488611776856238045e+01,-8.696603271951513392e+00
-1.889352071022640800e-01,2.616383058424797348e+00,-2.306374076955973962e+00,1.731321994291524113e+00,-4.229922759954988898e+00,-1.625612190411655611e+00,5.684888119698157993e+00,-7.214870539553828621e+00,-4.168475972416088027e+00,3.390652933618178988e+00,6.821447230230059944e-01,2.696174230201465072e+00,-8.139005334424483706e+00,-1.061536264195512125e+01,-1.514961104592338614e+01,-8.772197111362260102e+00
-2.374682353537043156e-01,2.507771878486456885e+00,-2.698920285963217758e+00,1.627402435976609496e+00,-4.454755758052909798e+00,-2.023119039460826940e+00,5.452191568566995272e+00,-7.363165788352592500e+00,-4.263184209458898977e+00,3.290428151037577020e+00,4.392946241452122536e-01,2.770304427963212746e+00,-7.642265492206707478e+00,-1.101521722319622754e+01,-1.544734946828781119e+01,-8.936192731679597046e+00
-2.705238719642193423e-01,2.392375569482035225e+00,-3.086401637466584802e+00,1.517944647957585325e+00,-4.628734604909138461e+00,-2.389725064670093602e+00,5.092954768564130319e+00,-7.431756380748691271e+00,-4.357215393465443398e+00,3.142911079522991979e+00,1.087367288002241139e-01,2.766789589818483108e+00,-7.182123141652083653e+00,-1.144578749972999354e+01,-1.577728878806173007e+01,-9.177756283845528884e+00
-2.860457661982405142e-01,2.272974681802744534e+00,-3.458944319648785459e+00,1.408494275192329503e+00,-4.746628735544791589e+00,-2.707540049958433670e+00,4.624517756270794422e+00,-7.417149318611212294e+00,-4.451845782085421810e+00,2.955286594464445749e+00,-2.963487004516700551e-01,2.695867745462511067e+00,-6.761969250999411152e+00,-1.189397030716877879e+01,-1.613608967267120775e+01,-9.483611197505338097e+00
-2.837340752243568964e-01,2.152153058385998463e+00,-3.808708584373397876e+00,1.302499277902488650e+00,-4.806454417730833484e+00,-2.960719171965043195e+00,4.066405678430296433e+00,-7.321175454070253608e+00,-4.547957847464417114e+00,2.735554533438543601e+00,-7.608233105606032609e-01,2.567856845825565948e+00,-6.385585987106043859e+00,-1.234702398873062279e+01,-1.651924640683019163e+01,-9.838925784087223292e+00
-2.648416126060082476e-01,2.032501644673058827e+00,-4.129813208979861372e+00,1.201487226934652597e+00,-4.809316568531325942e+00,-3.136012725063580753e+00,3.439633805199147076e+00,-7.150786206306221970e+00,-4.645849237188188319e+00,2.492225774541096950e+00,-1.268209242374506829e+00,2.392570515452094426e+00,-6.057252938143021126e+00,-1.279308178628066806e+01,-1.692125538758698511e+01,-1.022813317720804527e+01
-2.318442010735544123e-01,1.916842051087229493e+00,-4.418131491775217690e+00,1.105311360370553331e+00,-4.759017131839952341e+00,-3.223241817694490585e+00,2.765974007367109522e+00,-6.917526726598733688e+00,-4.745079052265934294e+00,2.233977444031637560e+00,-1.801312676975587834e+00,2.178824169379151243e+00,-5.781712891112427144e+00,-1.322132483071524334e+01,-1.733573079593415756e+01,-1.063556248788805902e+01
-1.880864269753454998e-01,1.808340065769646010e+00,-4.671022574967503616e+00,1.012566634227644258e+00,-4.661646422509104326e+00,-3.215752269143953512e+00,2.067173364880471098e+00,-6.636823635702686630e+00,-4.844467988070592313e+00,1.969271393775508194e+00,-2.343016423896060019e+00,1.933997695354055857e+00,-5.564090109762096503e+00,-1.362233884983373500e+01,-1.775576729676638621e+01,-1.104624563296562023e+01
-1.373493716926579289e-01,1.710650603825078164e+00,-4.886995645319009540e+00,9.210552711087327538e-01,-4.525001647504359958e+00,-3.110634864969606728e+00,1.364300384651368603e+00,-6.326999841404045810e+00,-4.942133902584217253e+00,1.706043291457382427e+00,-2.876996247116732519e+00,1.663812209637423045e+00,-5.409698257063719318e+00,-1.398843086855862339e+01,-1.817428696056886395e+01,-1.144664920042752243e+01
-8.335564586349075711e-02,1.627961722891998697e+00,-5.065241014041167666e+00,8.283916041758079274e-01,-4.357920402855032016e+00,-2.908799806046979519e+00,6.772029485808879201e-01,-6.008151693787556979e+00,-5.035554733313277964e+00,1.451492229982841442e+00,-3.388346299192239286e+00,1.372313091329779411e+00,-5.323725056431891645e+00,-1.431386850157682034e+01,-1.858435287940179848e+01,-1.182520063420568235e+01
-2.939050904482076731e-02,1.564943693172093475e+00,-5.205313976831209111e+00,7.324792590759390265e-01,-4.169659057537867142e+00,-2.614984043742000441e+00,2.391293518026316178e-02,-5.700973138087988445e+00,-5.121767315288202838e+00,1.211805083160197638e+00,-3.864206010092249954e+00,1.061905311212913539e+00,-5.310893631621347311e+00,-1.459500714939529331e+01,-1.897957580592094118e+01,-1.217275748899775678e+01
2.206056780358256475e-02,1.526589159339664548e+00,-5.306823458435982133e+00,6.319719969509796087e-01,-3.969278644723384986e+00,-2.237535974626266189e+00,-5.797169411820206619e-01,-5.425580723901632041e+00,-5.197620079498391554e+00,9.920156179374852723e-01,-4.294312106168916898e+00,7.335306174818416736e-01,-5.375145120648509689e+00,-1.483064129701749323e+01,-1.935452670295241262e+01,-1.248308147175355032e+01
6.955779009670060020e-02,1.518010461544696987e+00,-5.369169679083674040e+00,5.266303923121178343e-01,-3.765107712770076276e+00,-1.788066193156757855e+00,-1.120334995692676472e+00,-5.200354673217500334e+00,-5.260048724566690481e+00,7.959171411572736332e-01,-4.671344327882337666e+00,3.870234675758972287e-01,-5.519248243752469030e+00,-1.502210070748717641e+01,-1.970498657509432405e+01,-1.275299720406056636e+01
1.128413943218187221e-01,1.544084828448460733e+00,-5.391411513188653082e+00,4.175346195703930618e-01,-3.564317318018032310e+00,-1.280971953780702499e+00,-1.587355445718106495e+00,-5.041005116863296109e+00,-5.306319072636600964e+00,6.260218312838181642e-01,-4.991127149686736431e+00,2.145202274627422412e-02,-5.744429108350435520e+00,-1.517315819460745985e+01,-2.002817450884592887e+01,-1.298237695312857198e+01
1.528931550577015130e-01,1.609113284702412550e+00,-5.372213501404756286e+00,3.072194572068704943e-01,-3.372598609896053645e+00,-7.327841180397589582e-01,-1.973052204273052723e+00,-4.959749126764165794e+00,-5.334260938175347633e+00,4.835793454053193274e-01,-5.252650409905005091e+00,-3.644627948918515159e-01,-6.050081578698009110e+00,-1.528984465789983105e+01,-2.032288618071036979e+01,-1.317395820711428378e+01
1.918297854591077822e-01,1.716406674758015782e+00,-5.309894971530656704e+00,1.995815921471759680e-01,-3.194006856370521064e+00,-1.614554039391542517e-01,-2.272599243664892299e+00,-4.964728428853490527e+00,-5.342493448478932372e+00,3.686915070622488466e-01,-5.457896511302458009e+00,-7.719058685734783154e-01,-6.433473471568895263e+00,-1.538018524134517406e+01,-2.058949643126259943e+01,-1.333301803962142174e+01
2.327687886518070570e-01,1.867940879335363569e+00,-5.202543861024966354e+00,9.972988385330694427e-02,-3.030875939890315784e+00,4.144922184845984958e-01,-2.483996622352023564e+00,-5.059646336074553830e+00,-5.330488753941757807e+00,2.804784465055837339e-01,-5.611443281050327414e+00,-1.201519561691524629e+00,-6.889538822268688634e+00,-1.545352279121993533e+01,-2.082972714499446454e+01,-1.346676223554236884e+01
2.794918933829428909e-01,2.063977231482651220e+00,-5.048237375004870131e+00,1.362788100264200608e-02,-2.883982684014283926e+00,9.768271748788581732e-01,-2.607930745168161479e+00,-5.243706587950441644e+00,-5.298631004559307911e+00,2.172107298474617032e-01,-5.719992876130820747e+00,-1.653101685171785462e+00,-7.410841395541945431e+00,-1.551982577211679626e+01,-2.104644215039433774e+01,-1.358368536625207668e+01
3.360769058901595940e-01,2.302750448095167712e+00,-4.845376826151667871e+00,-5.236355442225359980e-02,-2.752743757943735048e+00,1.508447963471907016e+00,-2.647530875472835277e+00,-5.511813496242101706e+00,-5.248257448158825333e+00,1.765548033201653766e-01,-5.791762884039751924e+00,-2.125266043814031391e+00,-7.987638892718706529e+00,-1.558914694491789632e+01,-2.124336162166909858e+01,-1.369295726280600789e+01
4.064861213596526746e-01,2.580273831086545400e+00,-4.593035446410699940e+00,-9.205257715773029759e-02,-2.635653156213141557e+00,1.994171460781659633e+00,-2.608036166132706057e+00,-5.855049239420381468e+00,-5.181599991892984924e+00,1.558303748977845071e-01,-5.835831694161356609e+00,-2.615287129178987868e+00,-8.608108594798917323e+00,-1.567113522267240988e+01,-2.142467191132039517e+01,-1.380380863307462569e+01
4.941334570440979457e-01,2.890283575610227196e+00,-4.291264230149996806e+00,-9.996426334035213301e-02,-2.530664395958131863e+00,2.421454892231924561e+00,-2.496370606724180874e+00,-6.261233424545228132e+00,-5.101579012935537172e+00,1.522606893259570437e-01,-5.861362237537701247e+00,-3.118938080689602543e+00,-9.258601379319435054e+00,-1.577430501694946763e+01,-2.159454339039458404e+01,-1.392475942676757938e+01
6.014982231309184968e-01,3.224300956820846054e+00,-3.941430888234328300e+00,-7.189317040692699834e-02,-2.435641573419953687e+00,2.781012620577540062e+00,-2.320682506815980872e+00,-6.715789991651131885e+00,-5.011713685937712270e+00,1.632475261217873896e-01,-5.876933030098822286e+00,-3.630495458998222347e+00,-9.924088050981543674e+00,-1.590577286269139634e+01,-2.175671257662559199e+01,-1.406313239445013252e+01
7.298141867544866157e-01,3.571851843523022652e+00,-3.546408412243452268e+00,-5.391383748586164870e-03,-2.348779195609711046e+00,3.067272538278219329e+00,-2.089776842081562336e+00,-7.202606987588115572e+00,-4.915825998381318840e+00,1.866298437143421030e-01,-5.889877519782285020e+00,-4.142772977239985721e+00,-1.058867450756247841e+01,-1.607102872774093782e+01,-2.191407821499538144e+01,-1.422459517392435302e+01
8.788946338278394999e-01,3.920913152903914067e+00,-3.110650007046801058e+00,9.994419129739373631e-02,-2.268907385324726356e+00,3.278679690148383230e+00,-1.812582829032564291e+00,-7.704929037741706566e+00,-4.817704947119083592e+00,2.209604710086330304e-01,-5.905663145375719125e+00,-4.647243756891866084e+00,-1.123604514628683404e+01,-1.627353272804057838e+01,-2.206818473083011156e+01,-1.441260921371950054e+01
1.047049602270797575e+00,4.258439951918441047e+00,-2.640129368092504869e+00,2.423100248687566349e-01,-2.195750298577102910e+00,3.417842105119270002e+00,-1.497676931199247718e+00,-8.206267567050119283e+00,-4.720722541032207786e+00,2.657127098449139080e-01,-5.927382704121384904e+00,-5.134297000949210599e+00,-1.184999091132498705e+01,-1.651439486509438836e+01,-2.221888596658385495e+01,-1.462809759844822111e+01
1.231218751796088862e+00,4.570984770887657866e+00,-2.142153338119811234e+00,4.177314324832570591e-01,-2.130009070854349318e+00,3.491444636450170336e+00,-1.152731539315702491e+00,-8.691245444717266011e+00,-4.627444509982856502e+00,3.214413883069389133e-01,-5.955442672286309858e+00,-5.593475376941940524e+00,-1.241491792859427079e+01,-1.679231659906224650e+01,-2.236411178451104576e+01,-1.486925859466220956e+01
1.427216436636174590e+00,4.845533050254191565e+00,-1.624943882222504410e+00,6.203569702396736218e-01,-2.073292326594098789e+00,3.510061891736034667e+00,-7.841168136973593050e-01,-9.146238656562402980e+00,-4.539227988391498769e+00,3.898843847024620057e-01,-5.987328576038063233e+00,-6.013785783952009467e+00,-1.291626539189634038e+01,-1.710330267589385045e+01,-2.249965152589514972e+01,-1.513134992459210970e+01
1.630131658158245678e+00,5.070276698108417079e+00,-1.097170778530200508e+00,8.428989121037453458e-01,-2.027904616747616018e+00,3.487693708150416683e+00,-3.965949101130235022e-01,-9.559943228308084073e+00,-4.455822878750232086e+00,4.739993969032574306e-01,-6.017617214980539586e+00,-6.384101952610073738e+00,-1.334088544754017747e+01,-1.744040600600335722e+01,-2.261912098687899331e+01,-1.540661657213557767e+01
1.834735351826445537e+00,5.235347294356039072e+00,-5.674946466344872320e-01,1.077149545532347652e+00,-1.996671570345193381e+00,3.441073015681071823e+00,6.840421765275550570e-03,-9.923843331434964554e+00,-4.375245904077077697e+00,5.778155411659284812e-01,-6.038269157107848173e+00,-6.693573634385993287e+00,-1.367748367258254305e+01,-1.779393107880816416e+01,-2.271422117433691312e+01,-1.568464378768184631e+01
2.036039318746737159e+00,5.333613377840181968e+00,-4.396157125231692220e-02,1.314691250262934652e+00,-1.982525461987102666e+00,3.388961774070782695e+00,4.251782812439870440e-01,-1.023236644708982901e+01,-4.293550219704281190e+00,7.064037134910914340e-01,-6.038982556911800970e+00,-6.931907978740685650e+00,-1.391687249816927974e+01,-1.815172470581222797e+01,-2.277499825062539429e+01,-1.595268717472401399e+01
2.229836725955468335e+00,5.361249590976346013e+00,4.665663913102822136e-01,1.547658185064529235e+00,-1.988069074038662620e+00,3.351210524486763376e+00,8.593475508143235686e-01,-1.048291589775555543e+01,-4.204842763408263906e+00,8.655755041932531313e-01,-6.007793980003565792e+00,-7.089793788375123640e+00,-1.405215100855367538e+01,-1.849946539297842207e+01,-2.279030149437068786e+01,-1.619615295321573001e+01
2.413153898115568463e+00,5.318194611434314822e+00,9.588244774261065473e-01,1.769407693160102824e+00,-2.015229174043458471e+00,3.347699217054469045e+00,1.312042197118120868e+00,-1.067577454306269935e+01,-4.101528124103232642e+00,1.061602074478627200e+00,-5.931868348031940741e+00,-7.159229252219420303e+00,-1.407895864290419041e+01,-1.882143143207162339e+01,-2.274845965745391041e+01,-1.639937108332875226e+01
2.584678317823630334e+00,5.208357296919867707e+00,1.429515474363599381e+00,1.975155929849708336e+00,-2.064851819247041753e+00,3.397333793600520124e+00,1.787556578705242316e+00,-1.081382585665497409e+01,-3.974624054617119207e+00,1.300860698337942711e+00,-5.798327225628820969e+00,-7.133790549442872830e+00,-1.399560078207523617e+01,-1.910144981774635653e+01,-2.263798741462480280e+01,-1.654643632820949861e+01
2.745132159453104848e+00,5.039708730251566848e+00,1.877642495644395559e+00,2.162607857228904251e+00,-2.136320661811508259e+00,3.517139411381061009e+00,2.291423760806608811e+00,-1.090209426676954507e+01,-3.814143702916005019e+00,1.589488697447135612e+00,-5.595063373672385154e+00,-7.008829148042977408e+00,-1.380293442897308154e+01,-1.932356813796869588e+01,-2.244817822192753098e+01,-1.662191129083054619e+01
2.897400966127319677e+00,4.824065704960183609e+00,2.304586980393954043e+00,2.332349101627639421e+00,-2.227272856460755790e+00,3.721304567064043667e+00,2.829951220288389635e+00,-1.094721761029387430e+01,-3.609623100203021018e+00,1.932975571229583522e+00,-5.311560331034950622e+00,-6.781641038102485197e+00,-1.350428893716958711e+01,-1.947282184774394409e+01,-2.216983792325982705e+01,-1.661158804669393163e+01
3.046539802111401407e+00,4.576621327709885279e+00,2.713981635740777776e+00,2.487996734745943961e+00,-2.333538019308557310e+00,4.020358793099687134e+00,3.409655222086453108e+00,-1.095694365636508927e+01,-3.350866019294722609e+00,2.335638159383767398e+00,-4.939759751604402283e+00,-6.451676515864189554e+00,-1.310545873370085168e+01,-1.953621878514261567e+01,-2.179604204577329085e+01,-1.650343287691098126e+01
3.199656712520378754e+00,4.315322241547686843e+00,3.111539084742032557e+00,2.636251221930880462e+00,-2.449057087353795126e+00,4.420607227928794458e+00,4.036673231544053664e+00,-1.093947607336892780e+01,-3.028504596677601413e+00,2.800307323932169190e+00,-4.474622388895628688e+00,-6.020508915563352659e+00,-1.261435055150536044e+01,-1.950322681442139583e+01,-2.132253541219023774e+01,-1.628806104711072322e+01
3.365563643427978313e+00,4.060016636601916140e+00,3.504684495354708940e+00,2.786672789188094690e+00,-2.566000795147905578e+00,4.923777139323759044e+00,4.716106108020770904e+00,-1.090292441127343182e+01,-2.634632957554313926e+00,3.327934395635347542e+00,-3.914608408337674206e+00,-5.491899541774380111e+00,-1.204074074944734996e+01,-1.936610585743128965e+01,-2.074815969464984278e+01,-1.595920316173053877e+01
3.554300564764806936e+00,3.831474790630055693e+00,3.901967063406731828e+00,2.951173471111713908e+00,-2.675092588019468920e+00,5.526817404745631990e+00,5.451434228312013630e+00,-1.085480589920314287e+01,-2.163500587030620537e+00,3.917263937034274779e+00,-3.261956928658165111e+00,-4.871740461325256177e+00,-1.139598080077546705e+01,-1.912032708753650923e+01,-2.007513994722432216e+01,-1.551412199544502357e+01
3.776446289475686946e+00,3.650280905234833284e+00,4.312358706461139946e+00,3.143282726439410979e+00,-2.766060869236860675e+00,6.221903319982533986e+00,6.243949604415892196e+00,-1.080163404149128148e+01,-1.612134338990099724e+00,4.564618512547168550e+00,-2.522853961452831584e+00,-4.167936050061690878e+00,-1.069271150056638220e+01,-1.876494816933508858e+01,-1.930919354080862149e+01,-1.495396646767568605e+01
4.042383528051126440e+00,3.535732416781907972e+00,4.744465198880069678e+00,3.377286588545160839e+00,-2.828169601632697372e+00,6.996779834851182045e+00,7.092329809432836640e+00,-1.074857625381559956e+01,-9.808326464620291674e-01,5.263753845471425663e+00,-1.707295582854349902e+00,-3.390299885783116807e+00,-9.944545973327141297e+00,-1.830267033289407053e+01,-1.845944363658956178e+01,-1.428379075588414970e+01
4.361464890087585644e+00,3.504710201217791976e+00,5.205735350300506603e+00,3.667177832548508931e+00,-2.850872388231617371e+00,7.835173977148922830e+00,7.992300257326856894e+00,-1.069928861393148445e+01,-2.736118613622995355e-01,6.005853713065132382e+00,-8.288112184165683516e-01,-2.550319531671025430e+00,-9.165757184481311270e+00,-1.773994924551475805e+01,-1.753821962996725148e+01,-1.351254388189311051e+01
4.741203419046298606e+00,3.570679142780246451e+00,5.701616280112027368e+00,4.025553522416227104e+00,-2.824527195421470793e+00,8.717425731143734424e+00,8.936516621675860250e+00,-1.065588285829782578e+01,5.015437636728048432e-01,6.779640105046538245e+00,9.597768448446331035e-02,-1.660936945391112474e+00,-8.371028010071444925e+00,-1.708711630719723118e+01,-1.656071843989868597e+01,-1.265295845746417136e+01
5.186499777448162263e+00,3.742830889045881904e+00,6.234882742037347825e+00,4.462546786961768319e+00,-2.741019940479226591e+00,9.621374756256233951e+00,9.914564380972308300e+00,-1.061892308272614116e+01,1.332620076776808382e+00,7.571632285778219895e+00,1.048031189880475722e+00,-7.362311789365421077e-01,-7.575078400180395022e+00,-1.635808605084864453e+01,-1.554441131621480032e+01,-1.172111538917708806e+01
5.699056025586839880e+00,4.025479708465489637e+00,6.805159356619250310e+00,4.984933408023754176e+00,-2.594301110366576069e+00,1.052328542538481315e+01,1.091317361994236279e+01,-1.058751688216714726e+01,2.203771664657764973e+00,8.366500404982444294e+00,2.006700917393228423e+00,2.089229753888641739e-01,-6.792293381765729166e+00,-1.556988633959302959e+01,-1.450837506295121671e+01,-1.073579657317926817e+01
6.276906816498513564e+00,4.417674972943704148e+00,7.408516634580212923e+00,5.595282218824845444e+00,-2.380900507113671516e+00,1.139881661079065012e+01,1.191653881675547666e+01,-1.055960124062530880e+01,3.095673370589355322e+00,9.147517642963304496e+00,2.950556292271723891e+00,1.159184576306429904e+00,-6.036407931310264985e+00,-1.474214684747907533e+01,-1.347262314454765431e+01,-9.717859586788268444e+00
6.914202038998007893e+00,4.913111279665809406e+00,8.037415256200674207e+00,6.291482739784214573e+00,-2.100190701123089809e+00,1.222412543686795416e+01,1.290684680938528217e+01,-1.053214520055135139e+01,3.986144096288397165e+00,9.897150316546090565e+00,3.858346980200508369e+00,2.099117140312650065e+00,-5.320184405979267339e+00,-1.389631360009965455e+01,-1.245731745172926708e+01,-8.689362284480340648e+00
7.601200300665974297e+00,5.500357077167331354e+00,8.680895124461063261e+00,7.066486152319638947e+00,-1.754488523010877987e+00,1.297683448396234240e+01,1.386490822107482046e+01,-1.050146451385585777e+01,4.850977825132365417e+00,1.059764508883256973e+01,4.709925412626557062e+00,3.013573785516211245e+00,-4.654977251761261314e+00,-1.305455158844568153e+01,-1.148194530754075338e+01,-7.672526089604527755e+00
8.324550789080980451e+00,6.163325413925926810e+00,9.324913908013826358e+00,7.908348804244822006e+00,-1.348998583102858362e+00,1.363692521023248361e+01,1.477083701173385677e+01,-1.046354112687737015e+01,5.664879966539227318e+00,1.123169249536120873e+01,5.487084618043812867e+00,3.888063180117660167e+00,-4.050458960158946908e+00,-1.223875991990088608e+01,-1.056466989064307072e+01,-6.688854374280044368e+00
9.067771972826198734e+00,6.882069969992905101e+00,9.952982471383052143e+00,8.800582898711663660e+00,-8.915902927084613516e-01,1.418758168289527077e+01,1.560493891612046014e+01,-1.041434122603285495e+01,6.402452795847835887e+00,1.178309570008934948e+01,6.174249677767562616e+00,4.709115755483820109e+00,-3.514360661459054569e+00,-1.146974032659039899e+01,-9.721769164645174044e+00,-5.758303085057420390e+00
9.811953487099467353e+00,7.633757360616760579e+00,1.054696110017102306e+01,9.722799857965778614e+00,-3.923576365776542119e-01,1.461569538227440290e+01,1.634855377024352663e+01,-1.035008886835250763e+01,7.039294278941904182e+00,1.223740110781102786e+01,6.759085379673283711e+00,5.464619024616011345e+00,-3.052257050319482801e+00,-1.076637258860523794e+01,-8.967164416731545629e+00,-4.898494820840772590e+00
1.053664488517079434e+01,8.393835095669865964e+00,1.108798223404608407e+01,1.065163320250326606e+01,1.369115441779271691e-01,1.491231648996694048e+01,1.698492482944841697e+01,-1.026749821596085255e+01,7.553070486392306826e+00,1.258250704588124513e+01,7.232837672189802447e+00,6.144126979795501597e+00,-2.667408030673923847e+00,-1.014489527651108602e+01,-8.312083913664402246e+00,-4.124074463811612468e+00
1.122078227779804926e+01,9.137245337324710448e+00,1.155736837152090146e+01,1.156177800249733778e+01,6.833463800448007497e-01,1.507275889341357455e+01,1.749996337296343896e+01,-1.016403112771000394e+01,7.924421824283550464e+00,1.280912628025921229e+01,7.590469579193129590e+00,6.739085214711034055e+00,-2.360777352430341480e+00,-9.618661665252602688e+00,-7.765047380141430367e+00,-3.446399573385697579e+00
1.184374909047532931e+01,9.839716044327687428e+00,1.193773867007566380e+01,1.242725557011912585e+01,1.233716261091832411e+00,1.509661550417014553e+01,1.788299719706502344e+01,-1.003800030808497468e+01,8.137865169073970506e+00,1.291121900951000612e+01,7.830674817982924196e+00,7.243078067177760815e+00,-2.131039934187040075e+00,-9.197856200113825764e+00,-7.331761995501933526e+00,-2.873235106302733044e+00
1.238651886174410777e+01,1.047904168572969574e+01,1.221405438892253592e+01,1.322280107495962298e+01,1.775238551390102337e+00,1.498761593264052294e+01,1.812735999662397290e+01,-9.888574450256218284e+00,8.182589984517980142e+00,1.288628920311882453e+01,7.955715115818513539e+00,7.651990368113699148e+00,-1.974626079534287371e+00,-8.889281893234940668e+00,-7.015238739986632055e+00,-2.408588388761532251e+00
1.283262996647123799e+01,1.103621374384604437e+01,1.237450473819449925e+01,1.392519824014168606e+01,2.296241473566772218e+00,1.475318060000920539e+01,1.823072249513566589e+01,-9.715855697249995870e+00,8.053004960928571876e+00,1.273553232599249441e+01,7.971077754502100987e+00,7.964070155755685221e+00,-1.885898675804826397e+00,-8.696297081665404605e+00,-6.815970391669471162e+00,-2.052771658503115937e+00
1.316907965407255965e+01,1.149634830864449597e+01,1.241126721008025768e+01,1.451449886673553991e+01,2.786817321870228792e+00,1.440397464766822822e+01,1.819528444639211884e+01,-9.520791893578188336e+00,7.749093020134390386e+00,1.246379048161691649e+01,7.884984834236821172e+00,8.179880534664791369e+00,-1.857438889919624359e+00,-8.618995275268561684e+00,-6.732244451168633681e+00,-1.802636020622386148e+00
1.338716596090824140e+01,1.184950378989685582e+01,1.232122643182063726e+01,1.497524955558778181e+01,3.239418168523424235e+00,1.395337009235990777e+01,1.802776283976529470e+01,-9.305019177093560856e+00,7.276677266345697781e+00,1.207946989551597028e+01,7.707975600343985434e+00,8.302300523185516923e+00,-1.880260384580878963e+00,-8.654071423606179536e+00,-6.760293110225987334e+00,-1.651738948422530662e+00
1.348292499462205996e+01,1.209109395826982691e+01,1.210624321381704149e+01,1.529732388269419729e+01,3.649149291563291264e+00,1.341677005349023233e+01,1.773904903844625025e+01,-9.070806393624632591e+00,6.647306926068693222e+00,1.159419569759885604e+01,7.452220108714616487e+00,8.336300022844644886e+00,-1.944230096374397476e+00,-8.795041220640110069e+00,-6.894669808118948140e+00,-1.590855448210645839e+00
1.345733904200057296e+01,1.222198893075503712e+01,1.177318571716238083e+01,1.547640979185703003e+01,4.013872938571577009e+00,1.281088131745951841e+01,1.734369270698076804e+01,-8.820955007711335227e+00,5.877858427052228052e+00,1.102232898502154157e+01,7.130847528627988652e+00,8.288645148201602808e+00,-2.038534529995665423e+00,-9.032632803797950416e+00,-7.128577496356662380e+00,-1.608552575456845268e+00
1.331633430427895703e+01,1.224832252622590723e+01,1.133375649304163346e+01,1.551430875733445447e+01,4.334203055981712183e+00,1.215316410938019587e+01,1.685936789611415421e+01,-8.558626851244305556e+00,4.990023493546750899e+00,1.038052127836787797e+01,6.757393419478251673e+00,8.167670137186588519e+00,-2.152158043596992698e+00,-9.355217958584962190e+00,-7.454071499078048113e+00,-1.691840969989135246e+00
1.307043485394338944e+01,1.218106088463471082e+01,1.080396727756817654e+01,1.541875952748412359e+01,4.613197838168277443e+00,1.146111613664573170e+01,1.630598236199366369e+01,-8.287318046210600642e+00,4.009478761727123697e+00,9.687030398235808804e+00,6.345161886613801983e+00,7.982842018549650476e+00,-2.274436174507840747e+00,-9.749286194684122719e+00,-7.862320850453484944e+00,-1.826864469273416169e+00
1.273410341011609859e+01,1.203516739561833582e+01,1.020331359195450105e+01,1.520289107710444299e+01,4.855799683105862741e+00,1.075165128180191232e+01,1.570473070048282693e+01,-8.010841234215199336e+00,2.964819166492661751e+00,8.960991724611243825e+00,5.906628633871807921e+00,7.744310944969932109e+00,-2.395660298246879094e+00,-1.020024440604944616e+01,-8.343862854373051974e+00,-1.999752218306025675e+00
1.232490629053075537e+01,1.182854332666659403e+01,9.553827555890080703e+00,1.488436699054761903e+01,5.068238076621392807e+00,1.004069582158936669e+01,1.507720960140648003e+01,-7.733267755227276830e+00,1.886451564295339445e+00,8.221742796053700175e+00,5.452989692000397071e+00,7.462508467606367546e+00,-2.507563997493688746e+00,-1.069319921293136844e+01,-8.888740890612758960e+00,-2.197311946773051972e+00
1.186248284575582801e+01,1.158083899596805821e+01,8.878984080281302482e+00,1.448431616355630602e+01,5.257312964354246887e+00,9.342820194680161450e+00,1.444439954024665695e+01,-7.458918684872119620e+00,8.054482587092390844e-01,7.488109474995424009e+00,4.993884858869318322e+00,7.147713338164514596e+00,-2.603753974040522223e+00,-1.121342118622720108e+01,-9.486462309582440966e+00,-2.407572887934093409e+00
1.136744900347576959e+01,1.131219745257006082e+01,8.202538206862842074e+00,1.402607037829243808e+01,5.429620171391770000e+00,8.670941725082698781e+00,1.382565652718775695e+01,-7.192389440045156235e+00,-2.476741488314893047e-01,6.777708599636472542e+00,4.537155778640084236e+00,6.809588041415093329e+00,-2.680032349447332152e+00,-1.174678699224518397e+01,-1.012603879648252736e+01,-2.620239385812530131e+00
1.086024119097197627e+01,1.104196853257146671e+01,7.547364770377757104e+00,1.353377282074667676e+01,5.590779787005844881e+00,8.036255326012106792e+00,1.323791331191905485e+01,-6.938596614265885698e+00,-1.244092321589567618e+00,6.106349714933839934e+00,4.088790792520445194e+00,6.456822218960432735e+00,-2.734646398020103675e+00,-1.228031420818840758e+01,-1.079600639977997645e+01,-2.827065217121718099e+00
1.036001662729984574e+01,1.078739096403889874e+01,6.934366837167273978e+00,1.303095878340942804e+01,5.744807293940117354e+00,7.448184524614894997e+00,1.269489745592288088e+01,-6.702778988396453030e+00,-2.157686093698051089e+00,5.487536035398708378e+00,3.652975363848550927e+00,6.096780127257364512e+00,-2.768339584504028394e+00,-1.280218934507148987e+01,-1.148432823708045980e+01,-3.021912547890472034e+00
9.883603347876512402e+00,1.056249851496145453e+01,6.381531767267468958e+00,1.253925499878609351e+01,5.893538767877121387e+00,6.914441064242232926e+00,1.220646478316512074e+01,-6.490518850121103966e+00,-2.965926373474615296e+00,4.931995462345350134e+00,3.232202595187775529e+00,5.735212228645350407e+00,-2.784272793772887056e+00,-1.330172744519085626e+01,-1.217843390639777468e+01,-3.200727362403305243e+00
9.444644354784479390e+00,1.037721836048151580e+01,5.903106647200417889e+00,1.207714219554348034e+01,6.036224632883079977e+00,6.441096551262415204e+00,1.177825321209464704e+01,-6.307746119668169449e+00,-3.650620272026683821e+00,4.447375185009212473e+00,2.827466299096521141e+00,5.376071584705430340e+00,-2.787865011882065147e+00,-1.376945167093904487e+01,-1.286529390004576356e+01,-3.361474527790748290e+00
9.052902595255851281e+00,1.023671907697226757e+01,5.508963580432307161e+00,1.165891581731020565e+01,6.169278132450870977e+00,6.032720958081728924e+00,1.141152207751168035e+01,-6.160720235487620045e+00,-4.198543159005468262e+00,4.038024567908928830e+00,2.438422920085166368e+00,5.021394339595198986e+00,-2.786536467163381658e+00,-1.419723795479599815e+01,-1.353168879067179020e+01,-3.504018300588343848e+00
8.713874331438905330e+00,1.014104166827390330e+01,5.204333672468297145e+00,1.129402248011594168e+01,6.286378152884134707e+00,5.692512388766697740e+00,1.110324479258525443e+01,-6.055889606341398057e+00,-4.601692085708942948e+00,3.705043288635923471e+00,2.063732432254258953e+00,4.671381063358372998e+00,-2.789195182872390433e+00,-1.457812290015054835e+01,-1.416437323280947247e+01,-3.629740334501876831e+00
8.428664215599496856e+00,1.008514646902478518e+01,4.989686113272161272e+00,1.098665679371396386e+01,6.378661143495569341e+00,5.422443050313695778e+00,1.084646315245636927e+01,-5.999765789118829851e+00,-4.857441441564194662e+00,3.446388267091319957e+00,1.701269651496971846e+00,4.324522313303873489e+00,-2.805756100456987312e+00,-1.490642746127780605e+01,-1.475048596813630652e+01,-3.741304882199743886e+00
8.194100991102907017e+00,1.005921025893252363e+01,4.860878147599850152e+00,1.073566546395544918e+01,6.435195232121710518e+00,5.223343058750728574e+00,1.063088724253538686e+01,-5.998727699355852039e+00,-4.968487084144761035e+00,3.257116945477227521e+00,1.348338427973654774e+00,3.977845733365537484e+00,-2.846607365944505474e+00,-1.517804354940581035e+01,-1.527804775470213272e+01,-3.842433163078858627e+00
8.003190398878771816e+00,1.004930227084050998e+01,4.809648300359982365e+00,1.053487971506662291e+01,6.443696159446160365e+00,5.095017753452996345e+00,1.044364991443094581e+01,-6.058716760646225552e+00,-4.942489499978731438e+00,3.129792048759856726e+00,1.001962217288607349e+00,3.627293995548697580e+00,-2.921875853007126267e+00,-1.539029989933254150e+01,-1.573639491259543277e+01,-3.937408558885467258e+00
7.845796583496362331e+00,1.003832306478621916e+01,4.824315118600035035e+00,1.037379370394429223e+01,6.391410552311131532e+00,5.036356451280592950e+00,1.027019279055525658e+01,-6.184871097557671504e+00,-4.791528159286891686e+00,3.054958613233692777e+00,6.591180632169368891e-01,3.268172773472894477e+00,-3.040691013743778370e+00,-1.554188080562229146e+01,-1.611662573240547403e+01,-4.030654341113827144e+00
7.709547345060371981e+00,1.000719140259825934e+01,4.890603602232893365e+00,1.023849132176369281e+01,6.266053849913536311e+00,5.045367042565459315e+00,1.009532792457790507e+01,-6.381184764455975156e+00,-4.531372597629887089e+00,3.021745763646398242e+00,3.169737423806573418e-01,2.895645778926020597e+00,-3.210591084596673639e+00,-1.563292524593932242e+01,-1.641219018652706296e+01,-4.126440531508110965e+00
7.580886431494779032e+00,9.936214626594738419e+00,4.992698921969034309e+00,1.011288135349142969e+01,6.056868723141492161e+00,5.119297644311256335e+00,9.904251894737473805e+00,-6.650072807549243237e+00,-4.180558420893448535e+00,3.018507844086419478e+00,-2.690871956913909457e-02,2.505266817867578766e+00,-3.436811696145321449e+00,-1.566472791061210224e+01,-1.661921054330652936e+01,-4.228424715685850543e+00
7.446248221756032848e+00,9.806515352739831215e+00,5.114407938722655977e+00,9.980065614756957970e+00,5.755722298795638459e+00,5.254715761847268851e+00,9.683584747954647298e+00,-6.991959927619851634e+00,-3.759372138537897534e+00,3.033506116897438876e+00,-3.742964410805988962e-01,2.093546300580335640e+00,-3.721709113782678102e+00,-1.563928301406581589e+01,-1.673676590541299802e+01,-4.339181018533285084e+00
7.293163898777589083e+00,9.601465069724529400e+00,5.240159201550588008e+00,9.823722536858534582e+00,5.357946177945591693e+00,5.447550478288405884e+00,9.422305802287574750e+00,-7.404972812091111578e+00,-3.288847017582226862e+00,3.055509017883405676e+00,-7.261792891602532052e-01,1.658421305457480344e+00,-4.064396531832930037e+00,-1.555915945329378225e+01,-1.676715327820733137e+01,-4.460056153449029281e+00
7.111263609621182979e+00,9.307957231302610879e+00,5.356003208757947220e+00,9.629428858097693222e+00,4.863063032486162562e+00,5.693108603832524039e+00,9.112574770464217266e+00,-7.884702562695220074e+00,-2.789798205973570866e+00,3.074404561939550806e+00,-1.082679472569001433e+00,1.199680338772212806e+00,-4.460542469686872735e+00,-1.542740561692756529e+01,-1.671596834376215313e+01,-4.591080229832989801e+00
6.893297432973326977e+00,8.917628337829821561e+00,5.450553286827720001e+00,9.385983509284915982e+00,4.275375593962745135e+00,5.986249231308669039e+00,8.750455617401097896e+00,-8.423972063565726032e+00,-2.281794029338995777e+00,3.081842373257273948e+00,-1.442849833615177602e+00,7.193806829943483194e-01,-4.902218026022085340e+00,-1.524716562446687185e+01,-1.659186526855679489e+01,-4.730738662405588713e+00
6.635732427295735647e+00,8.427659120874015031e+00,5.515591420897726138e+00,9.086322353931009843e+00,3.604164745217029342e+00,6.321427007502062878e+00,8.336327496296018325e+00,-9.012895145174081080e+00,-1.782383443713105642e+00,3.071616152987753701e+00,-1.804668526090772218e+00,2.220487906618835439e-01,-5.378121846086566293e+00,-1.502173757724215619e+01,-1.640633017351709455e+01,-4.876145068892151713e+00
6.339155067452328041e+00,7.841314875021203612e+00,5.546466142351597739e+00,8.728206470754848567e+00,2.863567449676971854e+00,6.692752281348049337e+00,7.875129182635633995e+00,-9.638982560593237991e+00,-1.306506276565012392e+00,3.040010305850228800e+00,-2.165100124465183740e+00,-2.852371175377861334e-01,-5.874004312289713425e+00,-1.475469914001732796e+01,-1.617327063318109026e+01,-5.023273645936584764e+00
6.008466930352089008e+00,7.168139822432420871e+00,5.542362902453937146e+00,8.314653729156743722e+00,2.072265175089761158e+00,7.094147173119374372e+00,7.376310108151363565e+00,-1.028739735750923323e+01,-8.659213380197314791e-01,2.986048150192123884e+00,-2.520005449485299920e+00,-7.928626838857653070e-01,-6.373124689434469303e+00,-1.444975934459449718e+01,-1.590825696830922453e+01,-5.167080289149934558e+00
5.652722720946890433e+00,6.423751726704148624e+00,5.506313297435707632e+00,7.853972616970373188e+00,1.252860731948706619e+00,7.519524774540474965e+00,6.853539325068391364e+00,-1.094137197636450765e+01,-4.688702529381503226e-01,2.911549795802863994e+00,-2.864180580569858137e+00,-1.288901622937606462e+00,-6.856939330662612520e+00,-1.411065391358582133e+01,-1.562771932842611555e+01,-5.301712980706776435e+00
5.284712136447236475e+00,5.629273927551540879e+00,5.444864461884699303e+00,7.359469505307498771e+00,4.309089267429033754e-01,7.962935707553853604e+00,6.324071320077987224e+00,-1.158281917873972056e+01,-1.199718674703618149e-01,2.821053792836382357e+00,-3.191458264896802177e+00,-1.759470694508687316e+00,-7.305917283596853551e+00,-1.374112514495132409e+01,-1.534801713042439886e+01,-5.420761176975621431e+00
4.920255153993835506e+00,4.810359361151473223e+00,5.367631107808713331e+00,6.848748497259388834e+00,-3.661966511557332993e-01,8.418752707854000761e+00,5.807932213394005672e+00,-1.219301407536726245e+01,1.797611444008619941e-01,2.721558025232162059e+00,-3.494811849078644173e+00,-2.189268012006097663e+00,-7.700440245345564705e+00,-1.334473555542304268e+01,-1.508447431056744037e+01,-5.517504922254421018e+00
4.577304581795871741e+00,3.995977466938036571e+00,5.286689892442509198e+00,6.342815971362956162e+00,-1.110451734339655161e+00,8.881925137404341086e+00,5.326914208588402033e+00,-1.275334035491350448e+01,4.327577251994139118e-01,2.622165740721352556e+00,-3.766424890784843882e+00,-2.562221858514440953e+00,-8.021658798109374544e+00,-1.292443358708943890e+01,-1.485032627089966972e+01,-5.585017405248684952e+00
4.274877572357947741e+00,3.216917789320071996e+00,5.215754889905037217e+00,5.864903554245717743e+00,-1.774679109863751769e+00,9.348041532339390614e+00,4.903330750927183956e+00,-1.324617885693137964e+01,6.444672110271287835e-01,2.533541215075957531e+00,-3.997955029357814993e+00,-2.862267100915143914e+00,-8.252446150130708702e+00,-1.248239923104304161e+01,-1.465587772210857409e+01,-5.616413741124992143e+00
4.031812162763323215e+00,2.504105362997770978e+00,5.169196256033423253e+00,5.439010319177703501e+00,-2.333961123609483046e+00,9.813373625667644262e+00,4.558789070385953934e+00,-1.365580551608758242e+01,8.227776444594674388e-01,2.467254538064708846e+00,-4.180862539387799615e+00,-3.074173058944271730e+00,-8.378360348541779246e+00,-1.202003453495166951e+01,-1.450780471881928158e+01,-5.605186388094145045e+00
3.865587374083844452e+00,1.886956627673735731e+00,5.161144226401130908e+00,5.088504694202145018e+00,-2.766919706111623967e+00,1.027496969191791720e+01,4.313021389360542912e+00,-1.396916117948902070e+01,9.773815773374634475e-01,2.435193607696429119e+00,-4.306643486274918331e+00,-3.184320904440054889e+00,-8.388365626587725998e+00,-1.153788334520626080e+01,-1.440858781518729614e+01,-5.545355601421777969e+00
3.791114592621543267e+00,1.391634185466363860e+00,5.204471354153845652e+00,4.834601667911456957e+00,-3.056973821035779082e+00,1.073060088312538340e+01,4.182605377394130741e+00,-1.417666471385830462e+01,1.118969972013404757e+00,2.448743296115273971e+00,-4.367312024768825296e+00,-3.181582653929778459e+00,-8.275548849039214616e+00,-1.103576518227188608e+01,-1.435629592932606258e+01,-5.431797646654493050e+00
3.819587678100329953e+00,1.039481997297767801e+00,5.309783442314362389e+00,4.694897758412070132e+00,-3.193400779742428419e+00,1.117851199113000860e+01,4.179951608647746397e+00,-1.427286645736009518e+01,1.258323473677706694e+00,2.518027838643884131e+00,-4.355911810140437268e+00,-3.058074259677765028e+00,-8.037705172342704429e+00,-1.051326826983757634e+01,-1.434470384877464966e+01,-5.260633451913403036e+00
3.957685697774707023e+00,8.457672206126662928e-01,5.484756065390932633e+00,4.682259271674958256e+00,-3.171947062025779474e+00,1.161735554105458235e+01,4.312546608863423003e+00,-1.425681830316826293e+01,1.405577799428425756e+00,2.651349481728961344e+00,-4.266869244676438910e+00,-2.809704976857842595e+00,-7.677552574686699494e+00,-9.970012460670933052e+00,-1.436350683987229715e+01,-5.029382936181954200e+00
4.206893983114376567e+00,8.186422984722447893e-01,5.733465459343926263e+00,4.803839075184871632e+00,-2.995218473408653992e+00,1.204594581759595329e+01,4.582309617611176833e+00,-1.413230474548252680e+01,1.569466170436892405e+00,2.854526041020197802e+00,-4.096428767196069742e+00,-2.436670390565643274e+00,-7.202810114234403649e+00,-9.406026676524021468e+00,-1.439895617975194675e+01,-4.737169724030367846e+00
4.563219858116060124e+00,9.585226919614839858e-01,6.056018836199035249e+00,5.060491731989122499e+00,-2.672690692402547974e+00,1.246298185958866256e+01,4.985252311344577691e+00,-1.390783263695925243e+01,1.756680356345659000e+00,3.130427955354970315e+00,-3.843068449535643083e+00,-1.943731516755381250e+00,-6.625985032425234955e+00,-8.822073621005044330e+00,-1.443467181740530592e+01,-4.384870111647900082e+00
5.017153963053761601e+00,1.257907341241740973e+00,6.448382438817558793e+00,5.446531742332822112e+00,-2.220338983016076906e+00,1.286685695929871187e+01,5.511515764968594411e+00,-1.359630171615659577e+01,1.971410430371023814e+00,3.478658289594043662e+00,-3.507749177262141416e+00,-1.340217277988630329e+00,-5.963924155927587734e+00,-8.220000302970950301e+00,-1.445271019794640566e+01,-3.975174561548501906e+00
5.554117147403431431e+00,1.701669148411676602e+00,6.902572727110694473e+00,5.949994861810460556e+00,-1.659815696386964134e+00,1.325552023050170192e+01,6.145697224513300583e+00,-1.321443532452679648e+01,2.215064080052440154e+00,3.895413898654039198e+00,-3.094062084883059782e+00,-6.398606172187815133e-01,-5.237037506429885525e+00,-7.602751317366795547e+00,-1.443463509934652755e+01,-3.512459453913378660e+00
