-7.957015293582809790e-01,-1.032115636566310712e+01,-7.710090435372443096e+00,-6.165335209426348051e+00,-1.941215963283052659e+01,-1.035435372007210120e+01,-3.976083452300491672e+01,-9.292851902228751015e+00,-4.490947742812959120e+01,-2.912993802162963419e+01,-4.380753586327459459e+01,-6.746002264971865614e+00,-2.925347268485546692e+01,-1.237151509211290090e+01,-2.393864037128935252e+01,-1.395980697266266723e+01
-5.472204817059846960e-01,-1.044385019130373138e+01,-7.464720657523904457e+00,-6.041648462558506516e+00,-1.937395359629980263e+01,-1.022778192261311858e+01,-3.976701698320753309e+01,-9.640357551186276908e+00,-4.465303209193145051e+01,-2.912212766732639224e+01,-4.473992805314578192e+01,-7.134781859712999719e+00,-2.955072375895794323e+01,-1.266098688823290530e+01,-2.413258614202645091e+01,-1.503413321604388564e+01
-2.016397288890869888e-01,-1.049368605386574416e+01,-7.125671608611955143e+00,-5.793159698505394140e+00,-1.919031925959248852e+01,-1.001700952115745125e+01,-3.932364713180004401e+01,-9.841055425132601897e+00,-4.399090909644418446e+01,-2.898646356838692384e+01,-4.500827611596673705e+01,-7.322500549339821418e+00,-2.955134771368992119e+01,-1.281912862520121443e+01,-2.412177994865122344e+01,-1.577070242980166803e+01
2.419780767742505390e-01,-1.046111632099071187e+01,-6.683670701740009434e+00,-5.411008619593269842e+00,-1.885912300882125692e+01,-9.712772162148777255e+00,-3.842814866824585351e+01,-9.878364206263910319e+00,-4.293773779762548770e+01,-2.872070040022106951e+01,-4.458350446830731784e+01,-7.304562820331854667e+00,-2.926105702276399967e+01,-1.285351615929156210e+01,-2.390771300401667787e+01,-1.614248369090667268e+01
7.800462382574657738e-01,-1.034078649477789646e+01,-6.132931949914841141e+00,-4.893116521207917735e+00,-1.838631490522433864e+01,-9.309769484934333761e+00,-3.709649678669003237e+01,-9.743654581947101434e+00,-4.152512602448857137e+01,-2.832808857744372233e+01,-4.346673614403660224e+01,-7.084790918843601126e+00,-2.869938172064414061e+01,-1.277821244393481948e+01,-2.350176568826464774e+01,-1.614181681952752712e+01
1.403924000940877548e+00,-1.013251217102418167e+01,-5.472555919015345438e+00,-4.245323295396682184e+00,-1.778642944000012349e+01,-8.807796770737775560e+00,-3.536442486618626901e+01,-9.437465462401547711e+00,-3.980179634092819896e+01,-2.781799505644390180e+01,-4.169153312048591431e+01,-6.675414994975778171e+00,-2.789925996934800878e+01,-1.261248311751089091e+01,-2.292475527406670821e+01,-1.578040867487243304e+01
2.099842775738534506e+00,-9.841657363835750516e+00,-4.707271094140528689e+00,-3.481562240779370931e+00,-1.708236046530131702e+01,-8.212223938434522807e+00,-3.328730131271750281e+01,-8.969684317995676892e+00,-3.783233179608311048e+01,-2.720543220780196592e+01,-3.932437219330925871e+01,-6.096056330545773783e+00,-2.690526497064912093e+01,-1.237891156351911448e+01,-2.220551533526963439e+01,-1.508766319172377202e+01
2.849159395060996136e+00,-9.479334259189005962e+00,-3.847757805225660910e+00,-2.623665105840132128e+00,-1.630440245776738095e+01,-7.534061707112728712e+00,-3.093659969264510323e+01,-8.358670163532744724e+00,-3.569281713225779384e+01,-2.651040095784537698e+01,-3.645984795111833421e+01,-5.372708700754475153e+00,-2.577052395373299731e+01,-1.210163182112050961e+01,-2.137873483018401544e+01,-1.410826055680086988e+01
3.628737849099713308e+00,-9.062196856416935731e+00,-2.911046508293907653e+00,-1.700950536350702036e+00,-1.548913727021448494e+01,-6.790043052231285792e+00,-2.839794283989828472e+01,-7.630879277593162868e+00,-3.346837471923775809e+01,-2.575755373045163310e+01,-3.321764210625975267e+01,-4.536539867557458194e+00,-2.455435672707562134e+01,-1.180467532827347377e+01,-2.048314308940726391e+01,-1.289896512649604432e+01
4.411828221563180108e+00,-8.611786900322293548e+00,-1.920098607986523653e+00,-7.489495494936653230e-01,-1.467766783741847902e+01,-6.001904555493863036e+00,-2.576680847950071751e+01,-6.819289271414968212e+00,-3.124854907244432312e+01,-2.497469417004155545e+01,-2.973614750285444330e+01,-3.622010644217563691e+00,-2.331862698642508391e+01,-1.151008507387059687e+01,-1.955892936046330277e+01,-1.152443382754192491e+01
5.169299456770552581e+00,-8.153488957682466065e+00,-9.027647952549076038e-01,1.923979504265462825e-01,-1.391325969696982057e+01,-5.195129898683924274e+00,-2.314221995069420501e+01,-5.961002833333641782e+00,-2.912099338966069340e+01,-2.419107321699679503e+01,-2.616294511843103265e+01,-2.664835764409251517e+00,-2.212351838375637314e+01,-1.123630882019061161e+01,-1.864498810484634816e+01,-1.005276868980350891e+01
5.871098719898447449e+00,-7.715174480893638886e+00,1.094947339372663864e-01,1.080659778188785225e+00,-1.323874146832475063e+01,-4.397451876603133414e+00,-2.061996312645162277e+01,-5.094831689823171139e+00,-2.716492960006335622e+01,-2.343598500222434922e+01,-2.264396596178431764e+01,-1.700316741927243580e+00,-2.102379287978232014e+01,-1.099703161396607243e+01,-1.777643541140070482e+01,-8.551364572241439532e+00
6.487559919875280023e+00,-7.325751597034742879e+00,1.082651900625833274e+00,1.872845131468287239e+00,-1.269445956039610302e+01,-3.637716427630876659e+00,-1.828908303700163884e+01,-4.259891768979118254e+00,-2.544834262458906338e+01,-2.273776801841604112e+01,-1.931727764631900968e+01,-7.617048106805046626e-01,-2.006661284348903962e+01,-1.080056118863029724e+01,-1.698324456010563566e+01,-7.083197079070051139e+00
6.991139785168197562e+00,-7.013313728826194193e+00,1.982151349595419942e+00,2.528009093927430229e+00,-1.231574653589450108e+01,-2.943957144594419706e+00,-1.622603691961652572e+01,-3.492969942729730715e+00,-2.402297797996421735e+01,-2.212186713894814005e+01,-1.630375352700465186e+01,1.216281767462219499e-01,-1.928844004942583723e+01,-1.064932530696869506e+01,-1.628828148585418845e+01,-5.703212027792476491e+00
7.357925504004851902e+00,-6.803472333396821448e+00,2.774604422222132882e+00,3.009388312755056472e+00,-1.213084189209855168e+01,-2.341817685887563005e+00,-1.449075851330241704e+01,-2.826710026412307286e+00,-2.292164151208737621e+01,-2.160985839097595829e+01,-1.370040976126803400e+01,9.253246107400701082e-01,-1.871344783930311806e+01,-1.054004726719536933e+01,-1.570652817696199399e+01,-4.455865079213634061e+00
7.568890894802098757e+00,-6.717736274795487184e+00,3.429333397060503330e+00,3.286265714936109195e+00,-1.215947634440663094e+01,-1.853273237976679422e+00,-1.312500315615482194e+01,-2.288552265697634258e+00,-2.215794881080620016e+01,-2.121884574712834848e+01,-1.157699130413679711e+01,1.630826543123897521e+00,-1.835322222119058111e+01,-1.046442566851250078e+01,-1.524505444432162093e+01,-3.373602816795959747e+00
7.610978395544373498e+00,-6.772047431341448487e+00,3.919798204444554734e+00,3.335591217730525138e+00,-1.241206517879662741e+01,-1.495622275043937854e+00,-1.215362805523829692e+01,-1.900328276127439153e+00,-2.172924657406661808e+01,-2.096108178063514416e+01,-9.977536121402406977e+00,2.225878540051535293e+00,-1.820772862381054580e+01,-1.041018579480252626e+01,-1.490393173350875244e+01,-2.476322189195762746e+00
7.478190197354812163e+00,-6.975480311280972678e+00,4.225606237307236945e+00,3.143884357267772600e+00,-1.288860189450337046e+01,-1.279920816505541570e+00,-1.158223305801907088e+01,-1.676323772261728351e+00,-2.161583051412428347e+01,-2.084259743476640736e+01,-8.917248563087996516e+00,2.705221932762230441e+00,-1.826478610493952459e+01,-1.036182335047657332e+01,-1.467612330808715093e+01,-1.771159333270918346e+00
7.172069615259458075e+00,-7.329493899767845377e+00,4.333522787929854125e+00,2.707983143766971690e+00,-1.357872083812899611e+01,-1.210560041642439799e+00,-1.139892126966108066e+01,-1.623314344955006483e+00,-2.178431116849888483e+01,-2.086353485514344541e+01,-8.384929041448035747e+00,3.070071895232060477e+00,-1.850217452156537590e+01,-1.030209097798751117e+01,-1.454885088029433504e+01,-1.253850590422195488e+00
6.701840615345204810e+00,-7.827566532488441808e+00,4.238409071564924524e+00,2.035608614838583463e+00,-1.446217774403650580e+01,-1.284877095906797884e+00,-1.157627233797899891e+01,-1.740505792784394323e+00,-2.219093555828579412e+01,-2.101797598260383992e+01,-8.346246818651186672e+00,3.327856567830144385e+00,-1.888948159451257425e+01,-1.021313259677998353e+01,-1.450479767501302675e+01,-9.102545281252618636e-01
6.084320246546457867e+00,-8.455223276183316372e+00,3.944029267838557118e+00,1.145511394145735551e+00,-1.550951357444715129e+01,-1.492935413982733994e+00,-1.207241739971088101e+01,-2.019175721386484490e+00,-2.278366433073014719e+01,-2.129384188011747625e+01,-8.745799264120277527e+00,3.491584658371884142e+00,-1.938977976519779034e+01,-1.007757976462348637e+01,-1.452317521695785629e+01,-7.185138811078264354e-01
5.343359494375371277e+00,-9.190628504165022861e+00,3.463326391484771172e+00,6.689804177916780503e-02,-1.668308864113942747e+01,-1.817730755510184260e+00,-1.283146088411008812e+01,-2.442510370477355863e+00,-2.350329459736811444e+01,-2.167323539434033819e+01,-9.508016807805162784e+00,3.578825925909086880e+00,-1.996130666640658546e+01,-9.879904877604452906e+00,-1.458078033468156498e+01,-6.515469663580768511e-01
4.508581181363866541e+00,-1.000574720030974518e+01,2.817499263721036318e+00,-1.162211123366281296e+00,-1.793926603389651575e+01,-2.236575763726244670e+00,-1.378862056400508429e+01,-2.987574780472045166e+00,-2.428882394770919007e+01,-2.213423324077660936e+01,-1.054442122665389370e+01,3.609872995247068062e+00,-2.056154394159635856e+01,-9.607900405430392254e+00,-1.465443571010347057e+01,-6.806757206391065296e-01
3.614170106900760349e+00,-1.086761429020435799e+01,2.035391524867233848e+00,-2.496346529122543512e+00,-1.923024103986354660e+01,-2.722045902626284875e+00,-1.487266284854356968e+01,-3.625924453467523900e+00,-2.507971718387477011e+01,-2.265128907253229684e+01,-1.175755086235130520e+01,3.606890437079081746e+00,-2.114887367804368523e+01,-9.253075465838854541e+00,-1.472161171613127095e+01,-7.772088388968176886e-01
2.697129058029875459e+00,-1.174018645962743790e+01,1.152012333466585270e+00,-3.884904566246440982e+00,-2.050636717583520507e+01,-3.243667785280105686e+00,-1.600934372228365277e+01,-4.325136930241891164e+00,-2.581866824251688541e+01,-2.319680768170086793e+01,-1.304581565286690648e+01,3.592128396665822621e+00,-2.168516238527361395e+01,-8.811399965398862832e+00,-1.476178757909533346e+01,-9.151163038721366050e-01
1.795278728709998273e+00,-1.258631460036279570e+01,2.064965271716036055e-01,-5.274885733318659398e+00,-2.171875345797623780e+01,-3.769934672587400559e+00,-1.712633599622076019e+01,-5.051097802173289075e+00,-2.645563280386033611e+01,-2.374298164576292436e+01,-1.431052445311404853e+01,3.586336891431261886e+00,-2.213851270212391142e+01,-8.284021381380386018e+00,-1.475799567052181160e+01,-1.073057308145525468e+00
9.450976531174077877e-01,-1.336985801966034870e+01,-7.603700710746515989e-01,-6.613914053802961490e+00,-2.282211766742858217e+01,-4.270672831526703739e+00,-1.815954862041648354e+01,-5.770769420229551194e+00,-2.695307729002809438e+01,-2.426397683519394732e+01,-1.546496209828779911e+01,3.607187973234189826e+00,-2.248598104184794622e+01,-7.677722952283657420e+00,-1.469841405968128356e+01,-1.235776123984389852e+00
1.798243084802315650e-01,-1.405773784721080943e+01,-1.708031368241703873e+00,-7.852595362180240457e+00,-2.377676019391510209e+01,-4.718586584759885127e+00,-1.905509271755039080e+01,-6.453088007271452042e+00,-2.728639542906886462e+01,-2.473650958899291297e+01,-1.643762976942055687e+01,3.668616519358710359e+00,-2.271368807472151730e+01,-7.004447451783522460e+00,-1.457627707517134574e+01,-1.394181976915573884e+00
-4.723373313535099705e-01,-1.462176382570252819e+01,-2.598454196977993735e+00,-8.947158630014614644e+00,-2.455043868060318601e+01,-5.091070658195305576e+00,-1.977210044030972824e+01,-7.070839752058543759e+00,-2.744517240339029485e+01,-2.514147910572830824e+01,-1.717608596071126570e+01,3.779744195564666676e+00,-2.281755108270067467e+01,-6.280951952007079342e+00,-1.439013138814522996e+01,-1.545287426154321908e+00
-9.898758268746696842e-01,-1.504029444194675591e+01,-3.398360165310724934e+00,-9.861807152145198430e+00,-2.512005766995246248e+01,-5.371786613330597149e+00,-2.028532035615656071e+01,-7.602249174301697110e+00,-2.743409638094390246e+01,-2.546502823789779768e+01,-1.765050175675354183e+01,3.944433642740730050e+00,-2.280329752356890083e+01,-5.528118363094302268e+00,-1.414377622740090246e+01,-1.691221447680154588e+00
-1.359160374426637841e+00,-1.529954737711426027e+01,-4.080831012700521399e+00,-1.057038435069232918e+01,-2.547251680393007689e+01,-5.551509789245481663e+00,-2.058472418639152579e+01,-8.031522711543658488e+00,-2.727089098234647935e+01,-2.569896681659785997e+01,-1.785289198057450477e+01,4.161182827934064576e+00,-2.268505895603723488e+01,-4.770176454903689134e+00,-1.384566325852153312e+01,-1.838086213932033530e+00
-1.574974339202676710e+00,-1.539432032732940492e+01,-4.626245777945102944e+00,-1.105730481461442594e+01,-2.560461478218467590e+01,-5.628140906678911648e+00,-2.067216325075638750e+01,-8.348376497510267669e+00,-2.698131689418921297e+01,-2.584035142898214232e+01,-1.779194893063291261e+01,4.423808376845584256e+00,-2.248256341193908270e+01,-4.033101037692171431e+00,-1.350706908717751809e+01,-1.993435914938407993e+00
-1.640994654647482953e+00,-1.532839257230067709e+01,-5.023681047815080625e+00,-1.131871159288456852e+01,-2.552321516122439959e+01,-5.607251367943572262e+00,-2.056124439628771228e+01,-8.549109339517270811e+00,-2.659761651124530246e+01,-2.589250031046301714e+01,-1.749173054550492878e+01,4.721346647810346298e+00,-2.222036553567536288e+01,-3.343797819034350027e+00,-1.314175608875407519e+01,-2.164898167758503522e+00
-1.569577179595679883e+00,-1.511434067356903554e+01,-5.271253678864892933e+00,-1.136232137189283087e+01,-2.524459513502093699e+01,-5.501546048096447983e+00,-2.027496936152422435e+01,-8.636335795871218579e+00,-2.615501396857962391e+01,-2.586424389778473198e+01,-1.698770284745814507e+01,5.039070423719174130e+00,-2.192538474858058350e+01,-2.728858997321862212e+00,-1.276481134151990204e+01,-2.358344674675611152e+00
-1.380977006466089563e+00,-1.477281723632674115e+01,-5.375925754949911983e+00,-1.120679022370913280e+01,-2.479318791655907361e+01,-5.329857879640570673e+00,-1.984213734766901638e+01,-8.618246880048289427e+00,-2.568732060290198405e+01,-2.576921458418634359e+01,-1.632099907619792845e+01,5.359504912077635019e+00,-2.162432585334987323e+01,-2.213199659480770354e+00,-1.239128351324727717e+01,-2.576161441961074328e+00
-1.102319795171221362e+00,-1.433141920016885074e+01,-5.353216503647736602e+00,-1.088075498950252218e+01,-2.420035469595349298e+01,-5.116130468891399552e+00,-1.929579022072250183e+01,-8.508517246790789912e+00,-2.522507385492167487e+01,-2.562541456330740886e+01,-1.553566549791691287e+01,5.663306855866110823e+00,-2.134232444535183504e+01,-1.818996211443281830e+00,-1.203555985217078117e+01,-2.816202384766323785e+00
-7.662155958893483998e-01,-1.382316371795444709e+01,-5.226501130913544735e+00,-1.042151117043448849e+01,-2.350301873349204840e+01,-4.888212286428816000e+00,-1.867299577763781926e+01,-8.326345334579464463e+00,-2.479549034892007597e+01,-2.545474617339510104e+01,-1.467805196524285627e+01,5.930200025647424766e+00,-2.110224484228636754e+01,-1.565003491359225229e+00,-1.171133385865453747e+01,-3.071493973463649052e+00
-4.088408487109131961e-01,-1.328454248739551602e+01,-5.025271945552339581e+00,-9.872514004603839766e+00,-2.274164171158724201e+01,-4.675808455933782248e+00,-1.801226108586340757e+01,-8.095016023422825668e+00,-2.442061788033022296e+01,-2.528106684133198456e+01,-1.379389136124909143e+01,6.140663568763251590e+00,-2.092261613341751669e+01,-1.465514000842174536e+00,-1.143059411274925097e+01,-3.329800204441638822e+00
-6.780207484364542125e-02,-1.275341405454517485e+01,-4.783295742208528267e+00,-9.280905554513221745e+00,-2.195808569500960772e+01,-4.508546507407152681e+00,-1.735104372109721993e+01,-7.840669864517629151e+00,-2.411587011312436601e+01,-2.512888409199711504e+01,-1.292521093619086514e+01,6.276910580672081963e+00,-2.081664920016444498e+01,-1.529506167705888320e+00,-1.120307358438607892e+01,-3.574403728712973738e+00
2.199854290507365917e-01,-1.226685032519575635e+01,-4.536679071690047138e+00,-8.694920791795595960e+00,-2.119375056383943701e+01,-4.414191062111298081e+00,-1.672516304577465363e+01,-7.591480495325608757e+00,-2.389088390878087509e+01,-2.502210228504680956e+01,-1.211025559807317720e+01,6.323873862404829183e+00,-2.079216861827475782e+01,-1.760216030333791259e+00,-1.103627416870280520e+01,-3.785390379344435896e+00
4.206063584122574639e-01,-1.185894086407268588e+01,-4.321341196247439953e+00,-8.160838867033396227e+00,-2.048738603720298812e+01,-4.416528483748100697e+00,-1.616615321285176066e+01,-7.375799632353482238e+00,-2.374854115992850012e+01,-2.498196676445027720e+01,-1.138092085988959923e+01,6.270489338790529388e+00,-2.085078046101116556e+01,-2.154581874891699833e+00,-1.093478848295428918e+01,-3.940842315298745291e+00
5.052972817898795377e-01,-1.155882011445551250e+01,-4.170498695798653621e+00,-7.720098263992090537e+00,-1.987295676421167911e+01,-4.533414747435656089e+00,-1.569850447421338657e+01,-7.220215070101694721e+00,-2.368391233193309020e+01,-2.502530023304147377e+01,-1.075987686649224173e+01,6.110517559782932651e+00,-2.098752314482206316e+01,-2.702903814738367494e+00,-1.089993985790086661e+01,-4.018770276785641471e+00
4.522529917129247679e-01,-1.138901123138187543e+01,-4.112589958851577521e+00,-7.407059644133773268e+00,-1.937801769571018795e+01,-4.775533145859871986e+00,-1.533806881570985681e+01,-7.148344601088762573e+00,-2.368438765558170545e+01,-2.516364869794445269e+01,-1.025887417741722807e+01,5.842645203494327255e+00,-2.119174036750612089e+01,-3.389210330652041581e+00,-1.092998191243816919e+01,-3.999802576544849053e+00
2.480610076382512297e-01,-1.136408573108625930e+01,-4.169491213301368404e+00,-7.246907968196444116e+00,-1.902252825803324043e+01,-5.145551069442285907e+00,-1.509207719441165096e+01,-7.179906123070944446e+00,-2.373144535272327005e+01,-2.540230390702898688e+01,-9.879671690549884033e+00,5.470800887227480480e+00,-2.144827274592775268e+01,-4.191544020987408636e+00,-1.102033377528498370e+01,-3.869211510001266507e+00
-1.111854896058561692e-01,-1.148973055119289555e+01,-4.354811705023874602e+00,-7.253954180338322288e+00,-1.881776294513958092e+01,-5.637492147552615407e+00,-1.495791876355634820e+01,-7.329249859142704437e+00,-2.380088332466939249e+01,-2.573937012551889225e+01,-9.613049591379613901e+00,5.004172922125054157e+00,-2.173813873845940492e+01,-5.082459006967235737e+00,-1.116351410835155988e+01,-3.618618703279066651e+00
-6.195335341370271642e-01,-1.176241213501063676e+01,-4.673146427231489319e+00,-7.430973137186384747e+00,-1.876604713298019078e+01,-6.237150337090051622e+00,-1.492462014837684592e+01,-7.605242904391767311e+00,-2.386560497398581049e+01,-2.616611490119495187e+01,-9.441349661353855893e+00,4.456460816207033382e+00,-2.204066848211764551e+01,-6.030195986065358227e+00,-1.134999178407789344e+01,-3.247966432655459368e+00
-1.261374458624052508e+00,-1.216953392821813651e+01,-5.119950965963484535e+00,-7.769302264226883636e+00,-1.886108397592227348e+01,-6.922975143966942468e+00,-1.497576355035715423e+01,-8.011690243221769592e+00,-2.389957070241215575e+01,-2.666769733590182412e+01,-9.343013136077948033e+00,3.844996968421055428e+00,-2.233591305585658660e+01,-7.000012050145581810e+00,-1.156927723888570370e+01,-2.766785699338958793e+00
-2.012103422931486918e+00,-1.269003640563820845e+01,-5.681675776262519406e+00,-8.249152019044288409e+00,-1.908863427795652612e+01,-7.667267617417191872e+00,-1.509219224767214484e+01,-8.547393537760148874e+00,-2.388121009528457250e+01,-2.722357361833194034e+01,-9.297101916783793385e+00,3.190119221727742982e+00,-2.260620842978653755e+01,-7.955500262996888949e+00,-1.181061208392489092e+01,-2.194338096248123371e+00
-2.839220820823805447e+00,-1.329547086299091063e+01,-6.336261486361888906e+00,-8.840614974702365458e+00,-1.942713147234094606e+01,-8.437474303276506049e+00,-1.525269344674401140e+01,-9.205842933414414730e+00,-2.379433274602815018e+01,-2.780825865865325497e+01,-9.284476106380571636e+00,2.514147467162505034e+00,-2.283693368059205397e+01,-8.859926764327509474e+00,-1.206317424338680411e+01,-1.559056153629934549e+00
-3.703999372139513024e+00,-1.395147051775390423e+01,-7.054528394138590564e+00,-9.505445509151046579e+00,-1.984903417302320605e+01,-9.198255198358680218e+00,-1.543703355577316216e+01,-9.976080012450344370e+00,-2.363096737277327719e+01,-2.839296759606455112e+01,-9.291842665385555478e+00,1.840126099720865716e+00,-2.301811843574474636e+01,-9.677914731575867791e+00,-1.231691752586731070e+01,-8.975521567401649747e-01
-4.563508021620443778e+00,-1.461963598630148020e+01,-7.801700243160018644e+00,-1.019910287748729516e+01,-2.032233249810518316e+01,-9.913414406340217866e+00,-1.562728681410914788e+01,-1.084303387766145121e+01,-2.339215454172112274e+01,-2.894677520853519326e+01,-9.313331919287286098e+00,1.190860418862472070e+00,-2.314468406866473060e+01,-1.037690734033671447e+01,-1.256282430931171312e+01,-2.524872063134400157e-01
-5.372694411660122071e+00,-1.525946408255213704e+01,-8.538948997645714911e+00,-1.087294107203893034e+01,-2.081180442602516223e+01,-1.054751960292631985e+01,-1.580724002531690431e+01,-1.178741280365407817e+01,-2.308621144764268251e+01,-2.943763945486740852e+01,-9.348929218816945053e+00,5.881975905305081298e-01,-2.321563706192079479e+01,-1.092825555154143835e+01,-1.279249050733928605e+01,3.305916074987438336e-01
-6.086677696446422203e+00,-1.583046717575741802e+01,-9.225452217109928910e+00,-1.147698197942664322e+01,-2.128048173699417589e+01,-1.106770989361831603e+01,-1.596172207837946289e+01,-1.278614464945139417e+01,-2.272652465603906791e+01,-2.983419223289008571e+01,-9.401902291969344461e+00,5.181511295797713856e-02,-2.323356528261094667e+01,-1.130847129834054243e+01,-1.299811316397167715e+01,8.061556695353859769e-01
-6.663330103196607901e+00,-1.629436573766390239e+01,-9.821000072614383569e+00,-1.196290237688098657e+01,-2.169173562036504777e+01,-1.144586822128135672e+01,-1.607858798989149918e+01,-1.381387194840092114e+01,-2.233194255653064531e+01,-3.010785405403400361e+01,-9.479980620510140454e+00,-4.018337731604586516e-01,-2.320475669557317744e+01,-1.150065457251180590e+01,-1.317317074805393062e+01,1.131713359186052648e+00
-7.065460002365389514e+00,-1.661707195316559194e+01,-1.028795983977510531e+01,-1.228649482243332614e+01,-2.201071384511466533e+01,-1.165985527833901791e+01,-1.614745601525270402e+01,-1.484327955492616979e+01,-2.192366038390579774e+01,-3.023385265096748142e+01,-9.592059311710100289e+00,-7.599650281195070578e-01,-2.313754241173367987e+01,-1.149517551125382653e+01,-1.331196906076014841e+01,1.271395568679551724e+00
-7.262890766577471346e+00,-1.677046252708241525e+01,-1.059355885671641495e+01,-1.241034205198233664e+01,-2.220598676168907559e+01,-1.169481002356839738e+01,-1.616005582363453996e+01,-1.584640069190002620e+01,-2.152361265646681332e+01,-3.019300489389116393e+01,-9.746786083675724299e+00,-1.014146077882944308e+00,-2.304157841693478304e+01,-1.129018978284295294e+01,-1.340968789185269472e+01,1.199057594076017086e+00
-7.234340164127047501e+00,-1.673386903442683149e+01,-1.071203604376926144e+01,-1.230623171791249248e+01,-2.225128738234486647e+01,-1.154419957222580351e+01,-1.611161479227043003e+01,-1.679623567557914754e+01,-2.115418218442282949e+01,-2.997325725037080346e+01,-9.953026877754375334e+00,-1.160850579983647934e+00,-2.292746862258334062e+01,-1.089217341761124125e+01,-1.346298287543107364e+01,9.004983739077712102e-01
-6.968806945502000971e+00,-1.649515873023624835e+01,-1.062641152326197513e+01,-1.195696783215213088e+01,-2.212706765716394841e+01,-1.121040859861651917e+01,-1.600299959628813795e+01,-1.766834347627080604e+01,-2.083886671066760954e+01,-2.957074168749793230e+01,-1.022192917994003913e+01,-1.201582659399768049e+00,-2.280640757850965628e+01,-1.031574911393946437e+01,-1.347052239512520444e+01,3.751566064582014803e-01
-6.466172151078140473e+00,-1.605127270734941192e+01,-1.032918934052126403e+01,-1.135713424334943511e+01,-2.182104280727384804e+01,-1.070418626106342863e+01,-1.583899627809197952e+01,-1.844100520502682983e+01,-2.059933601418094895e+01,-2.898956252247447907e+01,-1.056405346230098274e+01,-1.142425264212619807e+00,-2.268825335124020981e+01,-9.582916345843099037e+00,-1.343244970667059413e+01,-3.626551762772471932e-01
-5.737581515684534672e+00,-1.540847397808853003e+01,-9.823263879977833568e+00,-1.051383480781246682e+01,-2.132907827957711788e+01,-1.004441565226547617e+01,-1.562917389665347834e+01,-1.909669870022823801e+01,-2.045545572997610151e+01,-2.824230180199680973e+01,-1.098999769376048974e+01,-9.939985855308233198e-01,-2.258143865158177732e+01,-8.722395963002508523e+00,-1.335065598346686855e+01,-1.283885613567052886e+00
-4.805013716425917458e+00,-1.458200850942865401e+01,-9.121751346681707062e+00,-9.446308274636917801e+00,-2.065535021682441297e+01,-9.256951077122623772e+00,-1.538755531258632203e+01,-1.962255280013227576e+01,-2.042456047519234374e+01,-2.734924938759202817e+01,-1.151026179066415089e+01,-7.706664615383727046e-01,-2.249214160372699922e+01,-7.768184682412188735e+00,-1.322868923933295981e+01,-2.345671310874336779e+00
-3.700288261043331417e+00,-1.359537979859017121e+01,-8.247241813543787714e+00,-8.184876163110445191e+00,-1.981200504909224591e+01,-8.373010849961195490e+00,-1.513063605757373509e+01,-2.001023672941013132e+01,-2.051932464674010248e+01,-2.633709222024588215e+01,-1.213285472849872448e+01,-4.896444084511846206e-01,-2.242331822990075096e+01,-6.757694841299175081e+00,-1.307121563713875645e+01,-3.493190945715439977e+00
-2.463436788078583906e+00,-1.247917728425517758e+01,-7.230338419096317359e+00,-6.769277674534436073e+00,-1.881810503884956631e+01,-7.427123059204705058e+00,-1.487383607634820848e+01,-2.025534482800347291e+01,-2.074445455932066551e+01,-2.523727865384280022e+01,-1.285886247717106379e+01,-1.699959105364098333e-01,-2.237363542138701789e+01,-5.729829752000553889e+00,-1.288325458118298883e+01,-4.662323521689499373e+00
-1.141004021357137521e+00,-1.126966587322933577e+01,-6.108535866522071700e+00,-5.247009069869403852e+00,-1.769910704909996113e+01,-6.455751727312572186e+00,-1.463231198422774781e+01,-2.035831717807212371e+01,-2.109819299048569263e+01,-2.408522863335069175e+01,-1.368407190194037426e+01,1.678729095049786291e-01,-2.233881270147493581e+01,-4.723324162428371054e+00,-1.267058101930979852e+01,-5.783735748811122512e+00
2.162622920989480946e-01,-1.000706589803929347e+01,-4.924062403912811803e+00,-3.670640441839996715e+00,-1.648543481644137287e+01,-5.495183337342220753e+00,-1.441869471933755875e+01,-2.032365059081098124e+01,-2.157107330468843998e+01,-2.291799206271712563e+01,-1.459717636148346465e+01,5.035179138204830540e-01,-2.231130183833613145e+01,-3.774646336871848362e+00,-1.243905388040184334e+01,-6.786607281184556584e+00
1.555802308823355240e+00,-8.733711708525540018e+00,-3.721789796870269562e+00,-2.095319958588891751e+00,-1.521108117538138771e+01,-4.579822110997948670e+00,-1.424195184083393251e+01,-2.015968143113588695e+01,-2.214601054366580968e+01,-2.177272852378951029e+01,-1.557930059577506654e+01,8.170984020992195784e-01,-2.228120258303010814e+01,-2.916382137801993402e+00,-1.219454119277316018e+01,-7.603346654001899907e+00
2.825607888172919857e+00,-7.492194625156943566e+00,-2.547283368468753473e+00,-5.762572653490556362e-01,-1.391228280537076856e+01,-3.740829495078025424e+00,-1.410823345124576988e+01,-1.987873181912792830e+01,-2.280067331866592895e+01,-2.068533509322636377e+01,-1.660663119996858939e+01,1.090032179492633535e+00,-2.223793600520461666e+01,-2.175824595778390602e+00,-1.194324388078918808e+01,-8.174242869586164417e+00
3.976550037546208394e+00,-6.323467419317109872e+00,-1.444767751157224778e+00,8.337552706400372937e-01,-1.262620648645694388e+01,-3.005081622827946664e+00,-1.402238132205765631e+01,-1.949715059534566208e+01,-2.351075886814437155e+01,-1.968911378822210168e+01,-1.765437441427421206e+01,1.305607738474314328e+00,-2.217201457188437530e+01,-1.573848829898172763e+00,-1.169201909632956315e+01,-8.451448521691403926e+00
4.964678222990609235e+00,-5.265078825473576529e+00,-4.548689443432605284e-01,2.087030710872037176e+00,-1.138921325788777850e+01,-2.393972569018208318e+00,-1.398740905292680736e+01,-1.903425679005286142e+01,-2.425111260315060946e+01,-1.881291110238367281e+01,-1.869791888445936934e+01,1.449831113369632885e+00,-2.207559987488600228e+01,-1.123933715482189566e+00,-1.144795957535263042e+01,-8.402253383744756832e+00
5.753103911703647988e+00,-4.349647437782423687e+00,3.871508992849077568e-01,3.143010173290396558e+00,-1.023540252292806940e+01,-1.922948891760440038e+00,-1.400521315794751231e+01,-1.851192944984104827e+01,-2.499811671507403332e+01,-1.808025856288301370e+01,-1.971540911938915741e+01,1.511585888503723885e+00,-2.194394471843169114e+01,-8.319751188659956220e-01,-1.121855480088007795e+01,-8.011995913161708671e+00
6.313598452560216678e+00,-3.603543974070687383e+00,1.052930367899789443e+00,3.970106345643727774e+00,-9.195245091312678198e+00,-1.601211054634608555e+00,-1.407742195550255104e+01,-1.795388180543503864e+01,-2.573194977728853061e+01,-1.750837661508869658e+01,-2.069042739655021634e+01,1.483045902712534225e+00,-2.177624594881244846e+01,-6.961424506124997968e-01,-1.101156975660067694e+01,-7.285356137641485930e+00
6.627739995665296924e+00,-3.045994664014932241e+00,1.522353524923656831e+00,4.547038457627634145e+00,-8.294204868392499819e+00,-1.431601397030145328e+00,-1.420462692395895488e+01,-1.738434894157498434e+01,-2.643692917980008161e+01,-1.710733696256218295e+01,-2.161193888529970764e+01,1.359985117031139445e+00,-2.157561289375257729e+01,-7.073028426686578385e-01,-1.083460991909955240e+01,-6.246523108662817236e+00
6.687729026156843837e+00,-2.688432653496382496e+00,1.784731231213718239e+00,4.863879058481144213e+00,-7.551217803302034071e+00,-1.410480379211946023e+00,-1.438366546212888153e+01,-1.682607704501151957e+01,-2.709943774249772019e+01,-1.687924783807936180e+01,-2.247097180191783394e+01,1.142034121644169842e+00,-2.134802414515879221e+01,-8.495332053758493096e-01,-1.069410151122063368e+01,-4.937973353741890392e+00
6.496317360787950079e+00,-2.534345700786543976e+00,1.838598218746000823e+00,4.921674427946800101e+00,-6.978215964125896953e+00,-1.528797206863217184e+00,-1.460911871975213927e+01,-1.630037844879440101e+01,-2.770968107912475631e+01,-1.681939985857803777e+01,-2.326212361305120879e+01,8.319427864732598099e-01,-2.110330626950948840e+01,-1.101781139121105202e+00,-1.059578751393030593e+01,-3.418976979026792318e+00
6.066388764877896023e+00,-2.579407849843453171e+00,1.691625881625379524e+00,4.732223401318792710e+00,-6.579654598821077727e+00,-1.772827072706371077e+00,-1.487298345877807293e+01,-1.582596574396168165e+01,-2.826132229251906480e+01,-1.691640757382419480e+01,-2.398278828657387152e+01,4.356120988794888182e-01,-2.085415752567070768e+01,-1.439287343248537798e+00,-1.054427597208679757e+01,-1.762185156584015644e+00
5.420087805145469950e+00,-2.812016522476919800e+00,1.359969624639092434e+00,4.317037553881418965e+00,-6.352322313584402913e+00,-2.125172015997423447e+00,-1.516389930592982793e+01,-1.541805031222264510e+01,-2.875010607108471561e+01,-1.715308977475233121e+01,-2.463101346877144948e+01,-3.841671889636366632e-02,-2.061501830794765766e+01,-1.835306185745250396e+00,-1.054268217632171201e+01,-4.963648289445643513e-02
4.587256891352636146e+00,-3.214158264043727620e+00,8.667482443813652182e-01,3.705525648282744555e+00,-6.285868078823778404e+00,-2.566185937747755386e+00,-1.546893190639257654e+01,-1.508846490199433177e+01,-2.917486486360679265e+01,-1.750821073602158506e+01,-2.520657011963944072e+01,-5.797684525344576345e-01,-2.040190133345289070e+01,-2.263205113627427156e+00,-1.059298135582286093e+01,1.631623571074068302e+00
3.603520829204786668e+00,-3.762523937386357709e+00,2.401167027504731433e-01,2.932712990868055147e+00,-6.363912585196374039e+00,-3.075610977697203374e+00,-1.577673646665473584e+01,-1.484635369460460552e+01,-2.953965147144206682e+01,-1.795853290357483445e+01,-2.571404880459202502e+01,-1.177138257070144522e+00,-2.023237826974667186e+01,-2.698547076696058866e+00,-1.069674161534510759e+01,3.194107040215017790e+00
2.508419259521470046e+00,-4.429704903078607536e+00,-4.882094424084673090e-01,2.037486576310583164e+00,-6.564845468932971606e+00,-3.633394543246917685e+00,-1.607790382610106406e+01,-1.469749232913048687e+01,-2.985287934221967987e+01,-1.847952783960906942e+01,-2.616236184155251721e+01,-1.818405732734779345e+00,-2.012365256250324563e+01,-3.120415252986254551e+00,-1.085476782146934838e+01,4.555364446680227886e+00
1.343210671489335706e+00,-5.185644821447749742e+00,-1.284990065251220726e+00,1.060106148624394340e+00,-6.863098161644738404e+00,-4.220772241493598642e+00,-1.636576873671180010e+01,-1.464450532428545060e+01,-3.012675095040405893e+01,-1.904711533646143096e+01,-2.656439526505085524e+01,-2.491501562951348614e+00,-2.009152177125285021e+01,-3.512897447205013179e+00,-1.106713763162388986e+01,5.642504336943945376e+00
1.486739911125143365e-01,-5.999058623055276485e+00,-2.117529998092154475e+00,3.997528541435457772e-02,-7.230644749590872777e+00,-4.821271178097823018e+00,-1.663824481172931158e+01,-1.468741313825325712e+01,-3.037783922498147859e+01,-1.963911270476919668e+01,-2.693830876550720532e+01,-3.184944748800103920e+00,-2.014961769058858465e+01,-3.866127394546489793e+00,-1.133346163221728453e+01,6.396467298374425958e+00
-1.036750472439135873e+00,-6.838780258868357720e+00,-2.955217546360008551e+00,-9.862118057260176318e-01,-7.638246149586275457e+00,-5.420978452495241129e+00,-1.689733719881972362e+01,-1.482338572599279303e+01,-3.062523560553897894e+01,-2.023584050066712337e+01,-2.730580048503929191e+01,-3.888022519534525934e+00,-2.030769191028308285e+01,-4.176464463273696026e+00,-1.165247074605455424e+01,6.775650521690806727e+00
-2.178613538847075759e+00,-7.675098420637490371e+00,-3.770748339686061268e+00,-1.985949351335029700e+00,-8.056603229581932979e+00,-6.008491048446744642e+00,-1.714683044895739172e+01,-1.504621276361454463e+01,-3.088701670159580459e+01,-2.082034364439881458e+01,-2.768782458429841142e+01,-4.590849244092590986e+00,-2.056975269798888561e+01,-4.446325508739191079e+00,-1.202136032431058155e+01,6.758492518196630883e+00
-3.248054890240905657e+00,-8.481023530651974340e+00,-4.541696611923638827e+00,-2.932714416441079663e+00,-8.457770859073969305e+00,-6.575237839799182638e+00,-1.739214960252137487e+01,-1.534713003959544331e+01,-3.117903692031900675e+01,-2.137959471349830665e+01,-2.810291637194178804e+01,-5.285128701125127115e+00,-2.093404802222519123e+01,-4.684036389379702570e+00,-1.243612642731238793e+01,6.344217743726745518e+00
-4.222903330585106474e+00,-9.233281763573167211e+00,-5.251464756563553493e+00,-3.806839555401077213e+00,-8.816526307313459654e+00,-7.115394589790941637e+00,-1.764019340115567047e+01,-1.571543257223851242e+01,-3.151407521640928877e+01,-2.190455517989062528e+01,-2.856643066830277888e+01,-5.964108606614962227e+00,-2.139283305865602713e+01,-4.902795050984254388e+00,-1.289155627838742291e+01,5.552912484769356283e+00
-5.088172349261126826e+00,-9.912947404029790022e+00,-5.889531711796794688e+00,-4.595763623995770430e+00,-9.111094395273735103e+00,-7.625256013759432960e+00,-1.789703987809945218e+01,-1.613829034940458129e+01,-3.189912514570325897e+01,-2.238968168090520905e+01,-2.908695121193682809e+01,-6.622420938819237435e+00,-2.193173361047941228e+01,-5.119224703770671070e+00,-1.338073511537774962e+01,4.424496392562666358e+00
-5.836340183195851239e+00,-1.050599403570571866e+01,-6.451837586427346061e+00,-5.294304364648099614e+00,-9.324142891717052350e+00,-8.103041023349891958e+00,-1.816805528511692458e+01,-1.660174180887880624e+01,-3.233546513987140969e+01,-2.283310645002558203e+01,-2.966631451833429622e+01,-7.256325089630374592e+00,-2.253091890788424934e+01,-5.351952736187863380e+00,-1.389550764899521695e+01,3.015957267138771325e+00
-6.467281862317636687e+00,-1.100350812707284476e+01,-6.940855200473748710e+00,-5.904587657681881652e+00,-9.443730758098299205e+00,-8.548748951568004628e+00,-1.845915302518348255e+01,-1.709213606989392886e+01,-3.282029301593895099e+01,-2.323662543818734960e+01,-3.030177038460429984e+01,-7.863855228468892733e+00,-2.316691415139133525e+01,-5.620090769947859499e+00,-1.442720615713970034e+01,1.397682654020362403e+00
-6.987631038297061004e+00,-1.140166659787647419e+01,-7.364885091770327463e+00,-6.435005369093247829e+00,-9.463720637812915726e+00,-8.963574406250691240e+00,-1.877686059250531159e+01,-1.759656790144754979e+01,-3.334775118086050583e+01,-2.360466740397739471e+01,-3.098751461144343367e+01,-8.444260878262038972e+00,-2.381368478435641833e+01,-5.941535626552733262e+00,-1.496698804475212263e+01,-3.504975858686951717e-01
-7.409529466469720660e+00,-1.170120054296503653e+01,-7.736725717168677185e+00,-6.898793067834883885e+00,-9.383387915006821345e+00,-9.349093295397516101e+00,-1.912651962681344031e+01,-1.810275284722731115e+01,-3.390810596897627249e+01,-2.394306854448996091e+01,-3.171353666672381877e+01,-8.997613107774016683e+00,-2.444346951787783695e+01,-6.330824896229065857e+00,-1.550552488336005652e+01,-2.143781438070213596e+00
-7.749462255739744343e+00,-1.190695060461032995e+01,-8.072725621672656615e+00,-7.312764714922480813e+00,-9.207390049771188245e+00,-9.707086825244552131e+00,-1.951304458183854962e+01,-1.859997106789989729e+01,-3.448984789300851617e+01,-2.425861370301456788e+01,-3.246813414038263090e+01,-9.524736738342237885e+00,-2.502902703659286487e+01,-6.797957298428146444e+00,-1.603378955479109536e+01,-3.897506878600527358e+00
-8.026731616048406792e+00,-1.202716663099039707e+01,-8.391164940812402051e+00,-7.695525282788468147e+00,-8.945134606717928705e+00,-1.003899014507991083e+01,-1.993980213692223913e+01,-1.907897357092110013e+01,-3.508013317508550699e+01,-2.455776230916381664e+01,-3.323819973282238749e+01,-1.002662621097015716e+01,-2.554472780847593327e+01,-7.347130685977043996e+00,-1.654311419719316945e+01,-5.531663691810050132e+00
-8.261591195071176230e+00,-1.207254909406935539e+01,-8.710244807966562419e+00,-8.065408095513486586e+00,-8.609556906425266831e+00,-1.034513121294639504e+01,-2.040602795944393932e+01,-1.953119697978334202e+01,-3.566343373814932249e+01,-2.484511441754121108e+01,-3.400720092556516505e+01,-1.050375469059526701e+01,-2.596700426334274781e+01,-7.975381558426527739e+00,-1.702473694289389528e+01,-6.974874270906873619e+00
-8.473527691927470684e+00,-1.205528071083682029e+01,-9.046496834772376872e+00,-8.438915301879260866e+00,-8.215812722316824690e+00,-1.062442748881354859e+01,-2.090493018131644831e+01,-1.994843530934671350e+01,-3.622094807305970221e+01,-2.512295821507628091e+01,-3.475350797631847399e+01,-1.095601145225765194e+01,-2.627550777418828432e+01,-8.672462878884910964e+00,-1.747001463055378068e+01,-8.168273422633982150e+00
-8.679811445448592622e+00,-1.198804675607983405e+01,-9.413484620083739429e+00,-8.829287948241262285e+00,-7.780322077618319732e+00,-1.087449102430437087e+01,-2.142443598497708024e+01,-2.032317094922445833e+01,-3.673254594126718331e+01,-2.539096031011779786e+01,-3.545246479852932708e+01,-1.138239261384550005e+01,-2.645460763015431738e+01,-9.421008633402253807e+00,-1.787088707325004577e+01,-9.068260879489965731e+00
-8.893974301190898046e+00,-1.188301872704147222e+01,-9.820267229757924099e+00,-9.245009519919449303e+00,-7.319254642340984773e+00,-1.109142130193887787e+01,-2.194564585243197286e+01,-2.064789953119100119e+01,-3.717605397885166951e+01,-2.564541596014205282e+01,-3.607507206796969257e+01,-1.178059743295350614e+01,-2.649342299729018890e+01,-1.019700411914078941e+01,-1.821963058903590493e+01,-9.648092348998272172e+00
-9.124851646775081093e+00,-1.175104776963342346e+01,-1.027071017822546040e+01,-9.689187891537224928e+00,-6.847487184905606483e+00,-1.127018165734071786e+01,-2.244371517106958080e+01,-2.091536885906383603e+01,-3.752868501511009924e+01,-2.587978980158450781e+01,-3.658948605123720199e+01,-1.214725633493743473e+01,-2.638678682927718455e+01,-1.097109705676519198e+01,-1.850934017489560546e+01,-9.898776110734930356e+00
-9.376003019089354851e+00,-1.160094025375341076e+01,-1.076317912923314601e+01,-1.015936610810277863e+01,-6.377880010339847416e+00,-1.140517813738867403e+01,-2.289023075339813218e+01,-2.111909274932181901e+01,-3.776969890187135093e+01,-2.608544023230543729e+01,-3.696445775202829509e+01,-1.247814392144826101e+01,-2.613616132788245849e+01,-1.171041377836737141e+01,-1.873470652846651774e+01,-9.829005554429596003e+00
-9.645496360442839645e+00,-1.143888746425887604e+01,-1.129057118102640089e+01,-1.064753629882800823e+01,-5.920709825164246709e+00,-1.149082645692827853e+01,-2.325658753623457287e+01,-2.125382002260028003e+01,-3.788380149875125369e+01,-2.625228875089032599e+01,-3.717431563785935111e+01,-1.276824100194910194e+01,-2.575005881286591602e+01,-1.238042462362089147e+01,-1.889260117741206457e+01,-9.463766285661602495e+00
-9.925846983189487105e+00,-1.126799880745476301e+01,-1.184022086011887076e+01,-1.114027501914339879e+01,-5.482764598094957975e+00,-1.152168952485243203e+01,-2.351427732619088928e+01,-2.131491488759456132e+01,-3.786093465680214365e+01,-2.636903391897950044e+01,-3.719919096389073587e+01,-1.301174348472854803e+01,-2.524279750733314032e+01,-1.294682724129264528e+01,-1.898176751856568956e+01,-8.841914863664545265e+00
-1.020467541585081150e+01,-1.108823205856950800e+01,-1.239487716974111819e+01,-1.161977312173853960e+01,-5.067235238575644729e+00,-1.149324283856767437e+01,-2.363800958229965943e+01,-2.129905805819339548e+01,-3.769866137743901646e+01,-2.642457243689861812e+01,-3.702866651042197077e+01,-1.320267707008073188e+01,-2.463440555086403094e+01,-1.337798473994777737e+01,-1.900327178348337753e+01,-8.013299297856006476e+00
-1.046558710345412102e+01,-1.089648096048763648e+01,-1.293363066893332913e+01,-1.206480793859177325e+01,-4.673679155208901648e+00,-1.140222793496754861e+01,-2.360770586395255677e+01,-2.120426932641282392e+01,-3.740306465014907644e+01,-2.640856278713783567e+01,-3.666368457752479770e+01,-1.333503385524893403e+01,-2.394943319934722581e+01,-1.364678440850058472e+01,-1.896035389663495607e+01,-7.035087146798010949e+00
-1.068912977130785968e+01,-1.068677783213259858e+01,-1.343283354139851582e+01,-1.245182057853429392e+01,-4.297872020727985465e+00,-1.124669370082821551e+01,-2.340864958915663152e+01,-2.102947977421748504e+01,-3.698748061190757852e+01,-2.631186880559155128e+01,-3.611558504525085311e+01,-1.340298736489879161e+01,-2.321493955984760049e+01,-1.373220863848104045e+01,-1.885786925207700904e+01,-5.967885148781909344e+00
-1.085413224892633366e+01,-1.045085747164248602e+01,-1.386732355892765689e+01,-1.275636302706438308e+01,-3.931957605902755670e+00,-1.102597629463008388e+01,-2.303049689266247668e+01,-2.077403815903993944e+01,-3.646973409493181606e+01,-2.612712898006871143e+01,-3.540278150830751969e+01,-1.340127844239928834e+01,-2.245837072856379280e+01,-1.362076902231033060e+01,-1.870152620603026605e+01,-4.871816210080242904e+00
-1.093933200610465128e+01,-1.017884364193316671e+01,-1.421234979658575526e+01,-1.295498274027361063e+01,-3.565350974181948907e+00,-1.074128452875253359e+01,-2.246976969661654522e+01,-2.043865332052265060e+01,-3.587296367885472392e+01,-2.585010903726973552e+01,-3.455206866578340907e+01,-1.332596791612547982e+01,-2.170706762369704990e+01,-1.330778124358152148e+01,-1.849820846271125774e+01,-3.803293596779968588e+00
-1.092481041020383792e+01,-9.859997263496371289e+00,-1.444490631520965707e+01,-1.302643683447829659e+01,-3.185361982669463909e+00,-1.039553723281193953e+01,-2.172909670491915080e+01,-2.002505271091708750e+01,-3.522309848321160075e+01,-2.547959047608054206e+01,-3.359572470529436572e+01,-1.317444519925276047e+01,-2.098608049055323477e+01,-1.279771909946804165e+01,-1.825506720956056128e+01,-2.811553737477944459e+00
-1.079359643605535979e+01,-9.483676351298534257e+00,-1.454536516238749044e+01,-1.295336669328956525e+01,-2.778190283484979872e+00,-9.993483262650592280e+00,-2.081712137871426904e+01,-1.953634215216980863e+01,-3.454712063714124781e+01,-2.501806868608861478e+01,-3.256923738200290330e+01,-1.294614143052901056e+01,-2.031714445210544540e+01,-1.210447457698055729e+01,-1.797933815549235703e+01,-1.936598790470747566e+00
-1.053303406560457312e+01,-9.040225756638598398e+00,-1.449904863691675416e+01,-1.272368027923895006e+01,-2.330203637492205271e+00,-9.541866762430634807e+00,-1.974939287912341612e+01,-1.897767606403443708e+01,-3.387259914469572664e+01,-2.447216577191361964e+01,-3.151076761764766943e+01,-1.264290062822073324e+01,-1.971822967207484112e+01,-1.125090648202021981e+01,-1.767834697191230475e+01,-1.207635241458198117e+00
-1.013615870358309223e+01,-8.521941578902790582e+00,-1.429778540935929598e+01,-1.233191599226913304e+01,-1.829524138611647199e+00,-9.049703866945190356e+00,-1.855047739071530444e+01,-1.835734308718175356e+01,-3.322888525185723552e+01,-2.385315042508309347e+01,-3.046284317618181348e+01,-1.226942975700944594e+01,-1.920389420191303032e+01,-1.026825472701578690e+01,-1.736000666004675352e+01,-6.425418850804573978e-01
-9.602339044688093850e+00,-7.923807452819056074e+00,-1.394030693556827671e+01,-1.177948367925862883e+01,-1.266775050088361887e+00,-8.527738235603758099e+00,-1.725160622362814422e+01,-1.768600799911261134e+01,-3.264413716673615795e+01,-2.317579723887215692e+01,-2.946849363299216051e+01,-1.183292388768428083e+01,-1.878375746423128589e+01,-9.194372293406495089e+00,-1.703197218642662136e+01,-2.473680117335916862e-01
-8.937823905863881535e+00,-7.244219215919811994e+00,-1.343288278962358895e+01,-1.107517884823345966e+01,-6.361960405950224384e-01,-7.988457813447189082e+00,-1.589013694532627596e+01,-1.697709016374315283e+01,-3.214463032010991839e+01,-2.245837264750997875e+01,-2.856986669902925513e+01,-1.134337426680176009e+01,-1.846289314700401718e+01,-8.072202396424781767e+00,-1.670185545109990244e+01,-1.759176193630551666e-02
-8.155783820491468106e+00,-6.485461982950476489e+00,-1.278932695209070047e+01,-1.023498103293970551e+01,6.350084723751203697e-02,-7.445769950056725150e+00,-1.450851166772646295e+01,-1.624667234206599176e+01,-3.175403946836614466e+01,-2.172175965711150525e+01,-2.780693612482999200e+01,-1.081322930778806324e+01,-1.824199585457211370e+01,-6.947648071840337280e+00,-1.637712907479543034e+01,6.053036005819700804e-02
-7.275827465692441542e+00,-5.653954918666365792e+00,-1.203032036810456695e+01,-9.281307599545034037e+00,8.288699896550970614e-01,-6.914453365408723684e+00,-1.315107667644062772e+01,-1.551252735079112632e+01,-3.149094049698117814e+01,-2.098819422000044455e+01,-2.721356183189056210e+01,-1.025684517316370581e+01,-1.811703027128194421e+01,-5.867193180004507624e+00,-1.606462838723756192e+01,8.258050297200281165e-03
-6.323012186609264340e+00,-4.760257441088755925e+00,-1.118208900993972321e+01,-8.241812447353773052e+00,1.651999251002752800e+00,-6.409195143537627537e+00,-1.185904573902312364e+01,-1.479250640315083842e+01,-3.136470792536866270e+01,-2.027965663671718488e+01,-2.681112555968530486e+01,-9.689719082884925783e+00,-1.807857292193495624e+01,-4.875506568139697627e+00,-1.576981568264668176e+01,-1.476046147682104070e-01
-5.326879939490417826e+00,-3.818928501159813749e+00,-1.027562460842166026e+01,-7.148614524006421611e+00,2.520321448270513187e+00,-5.944607482744773463e+00,-1.066967519663212016e+01,-1.410474022736776334e+01,-3.137609244741837600e+01,-1.961780725055124464e+01,-2.660803994805548811e+01,-9.128397122502112992e+00,-1.811360031673921256e+01,-4.013549338735460381e+00,-1.549742098127009271e+01,-3.777690628355425684e-01
-4.319894975149682459e+00,-2.848020851230842698e+00,-9.344913710089178593e+00,-6.036496973621197526e+00,3.417189714906685438e+00,-5.534544112738573496e+00,-9.613404501965776561e+00,-1.346636234038686375e+01,-3.151595148096629728e+01,-1.902244040608152176e+01,-2.659742541150482964e+01,-8.589475007245452431e+00,-1.820575547483241508e+01,-3.316521896396645630e+00,-1.525116808067681973e+01,-6.526019350189864454e-01
-3.335841618401728326e+00,-1.868484388505639249e+00,-8.425248460954167129e+00,-4.941417671838790326e+00,4.322530896101620002e+00,-5.191675126035651289e+00,-8.711452196754478905e+00,-1.289257352221978259e+01,-3.176461673078567571e+01,-1.851075964732966028e+01,-2.675536687410511050e+01,-8.089022296234881892e+00,-1.833611124045382823e+01,-2.812399664830043999e+00,-1.503376169656451644e+01,-9.443786773859910166e-01
-2.408155873461198304e+00,-9.032741811056186343e-01,-7.551643617328733349e+00,-3.899014591176853450e+00,5.213565526828245034e+00,-4.927244052772154603e+00,-7.975822013014900236e+00,-1.239632917623703889e+01,-3.209381726874469365e+01,-1.809704791724246320e+01,-2.704297158650867772e+01,-7.642007295094444430e+00,-1.848482065465901414e+01,-2.520824331397022888e+00,-1.484744422831021105e+01,-1.229476107862496725e+00
-1.568338025500125132e+00,2.365606441842893481e-02,-6.757484771854310068e+00,-2.943373025831383494e+00,6.065459883066683489e+00,-4.751103744731064893e+00,-7.411706574254713686e+00,-1.198864056264428868e+01,-3.247110533088139306e+01,-1.779289153130355672e+01,-2.741213633591246079e+01,-7.261962657827121248e+00,-1.863337725970578518e+01,-2.452898469036207896e+00,-1.469498406128626300e+01,-1.490103542813885351e+00
-8.441608121149144495e-01,8.885899699134425234e-01,-6.072469721573138024e+00,-2.105063003815195621e+00,6.852664756853309669e+00,-4.671021928792518096e+00,-7.017082494721821107e+00,-1.167728547723600485e+01,-3.286140832725840255e+01,-1.760601066760625599e+01,-2.780816408690623831e+01,-6.959759471446844259e+00,-1.876467564279795042e+01,-2.610426918874910740e+00,-1.457927016004128973e+01,-1.714471221604843443e+00
-2.583267096198318402e-01,1.669062700729279758e+00,-5.521334951581119199e+00,-1.410053344865000113e+00,7.550054040565957969e+00,-4.692529753142910209e+00,-6.783914828328665436e+00,-1.146659866512544390e+01,-3.322978452664175109e+01,-1.754046418370717575e+01,-2.817384539314654646e+01,-6.743435578745893721e+00,-1.886421343128472472e+01,-2.986330785697905110e+00,-1.450363620680367838e+01,-1.897484756947875439e+00
1.726228536684514814e-01,2.345028044297148728e+00,-5.122822789857018222e+00,-8.786884394569796086e-01,8.133947201898303447e+00,-4.818828318152077017e+00,-6.700841917375802481e+00,-1.135760622237490125e+01,-3.354558362583441067e+01,-1.759688299837412018e+01,-2.845583857396563232e+01,-6.617824411807919915e+00,-1.892125674042600991e+01,-3.565439121480129536e+00,-1.447218699164129951e+01,-2.040476731123378240e+00
4.392344854054821557e-01,2.899889228885281334e+00,-4.888562819754744382e+00,-5.246863879274867859e-01,8.583489590738309971e+00,-5.050351004486824280e+00,-6.753947099561975698e+00,-1.134729562100342548e+01,-3.378420587145082266e+01,-1.777213838212029273e+01,-2.860814845666475037e+01,-6.583997034299386542e+00,-1.892867766235168858e+01,-4.325187454462413150e+00,-1.448926288387364991e+01,-2.149962552024403895e+00
5.397735431575721998e-01,3.321439999911902863e+00,-4.822188195906852215e+00,-3.543220445067838398e-01,8.882188560965571966e+00,-5.384130333884844077e+00,-6.926085512338639560e+00,-1.142774966788051927e+01,-3.392686179361928822e+01,-1.805894551447013541e+01,-2.859285948649148423e+01,-6.638810176044648514e+00,-1.888203361699993721e+01,-5.236585666855787302e+00,-1.455848974500851689e+01,-2.236056665569747803e+00
4.801196498679138891e-01,3.602418821776919522e+00,-4.919608814277625974e+00,-3.667667369804155086e-01,9.018576402964068706e+00,-5.814102435816191239e+00,-7.199243308747939274e+00,-1.158699441178344003e+01,-3.396293372177868264e+01,-1.844713937495660616e+01,-2.838398674596050597e+01,-6.775574777364700374e+00,-1.878040466628184291e+01,-6.266112240818046075e+00,-1.468300916302317560e+01,-2.311480413252779087e+00
2.734079385178370680e-01,3.741025414520864789e+00,-5.169217230536440333e+00,-5.540411071477482352e-01,8.986978523036063038e+00,-6.330945422351272889e+00,-7.556164710832621090e+00,-1.180924452071819708e+01,-3.389115933998260743e+01,-1.892371034579893063e+01,-2.797035692201129820e+01,-6.983960204930187210e+00,-1.862593865194931908e+01,-7.377059382623691874e+00,-1.486491312853634739e+01,-2.389566253168758703e+00
-6.079873069848007461e-02,3.740928294490245776e+00,-5.552654070572193845e+00,-9.016430728914810455e-01,8.787944936429795462e+00,-6.922270167763310056e+00,-7.980683873620499469e+00,-1.207535828709687564e+01,-3.371900762051345168e+01,-1.947329408821023122e+01,-2.735569810960449644e+01,-7.250532473838941172e+00,-1.842315526380643220e+01,-8.531238493701422954e+00,-1.510459497979526589e+01,-2.482626251139034679e+00
-4.977151695576309542e-01,3.611113433315230825e+00,-6.046104023103935354e+00,-1.389582565731753316e+00,8.428208421891932645e+00,-7.573058866590449689e+00,-8.459847273124950107e+00,-1.236419185478821348e+01,-3.346359289545279125e+01,-2.007919055410571119e+01,-2.656060066132030073e+01,-7.559581876893758157e+00,-1.817900711918115420e+01,-9.690680997845207756e+00,-1.540068619615518131e+01,-2.600660749533208360e+00
-1.008987327910791709e+00,3.365405481005146360e+00,-6.622124503733878953e+00,-1.993904979974373326e+00,7.920017177769070216e+00,-8.266550920355836496e+00,-8.986906237780372564e+00,-1.265444359069736890e+01,-3.315317337564322031e+01,-2.072462418744407842e+01,-2.562519894869670267e+01,-7.894241448088597402e+00,-1.790342277495056322e+01,-1.081971675947764844e+01,-1.575057575363980078e+01,-2.750750286524505928e+00
-1.564348565438431038e+00,3.021739330014804992e+00,-7.251189627590068021e+00,-2.687799626080783266e+00,7.280483854344648620e+00,-8.984717422280381172e+00,-9.562354821940378002e+00,-1.292562741302966955e+01,-3.282656932803017469e+01,-2.139291351256761686e+01,-2.460918243231838431e+01,-8.237017998440663291e+00,-1.760848193455554878e+01,-1.188597880349201397e+01,-1.615005961077788044e+01,-2.936064795046869236e+00
-2.133326929545007022e+00,2.601235511987503468e+00,-7.903331191211569795e+00,-3.443005700987368911e+00,6.530853535874959093e+00,-9.708838851820981830e+00,-1.019318822058688312e+01,-1.315898611290899822e+01,-3.253055163897782620e+01,-2.206796634638034504e+01,-2.358848066310407177e+01,-8.570788324213333809e+00,-1.730753917218854809e+01,-1.286149725799215382e+01,-1.659310160602003492e+01,-3.155552290822990713e+00
-2.687037357250030567e+00,2.127088380137822643e+00,-8.549995643498721876e+00,-4.231309578008796812e+00,5.695314854822041362e+00,-1.042040944818111115e+01,-1.089302839632106057e+01,-1.333889576175855396e+01,-3.231815412025480327e+01,-2.273492021927805595e+01,-2.265267081063613119e+01,-8.879740012913321934e+00,-1.701493457673399945e+01,-1.372360249389990372e+01,-1.707195884270354824e+01,-3.404058741961443868e+00
-3.199759950459886149e+00,1.623368092125233808e+00,-9.165502840674289331e+00,-5.025789357443889216e+00,4.799825239111426001e+00,-1.110181650488174121e+01,-1.168060926525927457e+01,-1.345344007694015254e+01,-3.224541962053818622e+01,-2.338024270506397073e+01,-2.190004277491760831e+01,-9.150052842141700893e+00,-1.674508198163020722e+01,-1.445541135479475514e+01,-1.757724580399080949e+01,-3.672892623633788212e+00
-3.650175143667277133e+00,1.113810035405254251e+00,-9.727988469367748081e+00,-5.801659847489797350e+00,3.871242208345326397e+00,-1.173661104215992879e+01,-1.257559155289396635e+01,-1.349423952501938473e+01,-3.236548011061120178e+01,-2.399124501723456859e+01,-2.142868017569672645e+01,-9.370251971370230137e+00,-1.651070190453155107e+01,-1.504568464842443021e+01,-1.809743487872619738e+01,-3.950432627594899770e+00
-4.022400954492744596e+00,6.205549137925929770e-01,-1.022048716569278426e+01,-6.537491841407348403e+00,2.936137729084290271e+00,-1.231021984333506403e+01,-1.359512697227697231e+01,-1.345680410580502340e+01,-3.272356546805987421e+01,-2.455665201103512629e+01,-2.132791485435597068e+01,-9.532121770418783058e+00,-1.632227069939543540e+01,-1.548889158416276857e+01,-1.861918891329767334e+01,-4.223678595951986914e+00
-4.306770174774857907e+00,1.630602078952811951e-01,-1.063177863807921852e+01,-7.216007703455770361e+00,2.019441334858908199e+00,-1.281072060754865305e+01,-1.475224576312563407e+01,-1.334100564676811018e+01,-3.335424564508688405e+01,-2.506677013651200170e+01,-2.167281671903486284e+01,-9.631043132497483228e+00,-1.618790588593576985e+01,-1.578503276583551340e+01,-1.912811400618684132e+01,-4.479674262411133867e+00
-4.500001332982106028e+00,-2.427850848231301040e-01,-1.095641332101729581e+01,-7.824315074118845637e+00,1.143661838442099565e+00,-1.322902058990607266e+01,-1.605165147376219892e+01,-1.315040571923860924e+01,-3.427632172248620179e+01,-2.551302729809207648e+01,-2.251554170758769402e+01,-9.665919078866870962e+00,-1.611215882104824004e+01,-1.593887169979588414e+01,-1.960870621849689144e+01,-4.706569368015229848e+00
-4.605126754567182346e+00,-5.853656583013004955e-01,-1.119484164916046076e+01,-8.354375906836079224e+00,3.278462535174933024e-01,-1.355938908699941692e+01,-1.748819818566787987e+01,-1.289229463754071858e+01,-3.549083359280001559e+01,-2.588852346337838384e+01,-2.388060323476108238e+01,-9.639442402787135933e+00,-1.609630287273805749e+01,-1.595944142732509263e+01,-2.004534506474978883e+01,-4.895191860865608646e+00
-4.631095313914840972e+00,-8.577749758516732825e-01,-1.135320105411347313e+01,-8.803160972897417835e+00,-4.133501224997102597e-01,-1.379986265762381237e+01,-1.904683662644186626e+01,-1.257777589651113637e+01,-3.698099144572847763e+01,-2.618839588599526635e+01,-2.576307228580348152e+01,-9.558039966108507812e+00,-1.613898240640078541e+01,-1.585945782698223461e+01,-2.042349553242942761e+01,-5.040318152736315227e+00
-4.591946393098805146e+00,-1.057923468267044420e+00,-1.144270802806468978e+01,-9.172392763184253894e+00,-1.070388339925040455e+00,-1.395240192678162927e+01,-2.070372295201401869e+01,-1.222151699038578876e+01,-3.871382090891582095e+01,-2.640989749751788551e+01,-2.812968800097694100e+01,-9.431312205397315296e+00,-1.623682554528214084e+01,-1.565450090259190752e+01,-2.073078393561948474e+01,-5.141358135372120053e+00
-4.505459658464504358e+00,-1.188287417933401535e+00,-1.147828593805197528e+01,-9.467723181401430210e+00,-1.638728841675876069e+00,-1.402233808051660446e+01,-2.242490568787705740e+01,-1.184026237397813830e+01,-4.063959230668936584e+01,-2.655185261827341492e+01,-3.091723543458373058e+01,-9.271163944087152942e+00,-1.638381022930145292e+01,-1.536190394829640127e+01,-2.095714419958751407e+01,-5.202339336940583259e+00
-4.391803754258104320e+00,-1.255449637983779176e+00,-1.147747853733750745e+01,-9.698132364423987184e+00,-2.118873552098720303e+00,-1.401819842101772551e+01,-2.416843871947087763e+01,-1.145235229340464400e+01,-4.269511061116492101e+01,-2.661504664201245163e+01,-3.403637719879810675e+01,-9.091299030220435284e+00,-1.657226283616942553e+01,-1.500007029544668313e+01,-2.109573334012481638e+01,-5.231972362369482710e+00
-4.271962623131929426e+00,-1.269369830661704501e+00,-1.145898678537807669e+01,-9.874886514360674994e+00,-2.515977264938134894e+00,-1.395100414241676212e+01,-2.588607256669182988e+01,-1.107661645186393606e+01,-4.480680077062047673e+01,-2.660182075464830831e+01,-3.737586573993353056e+01,-8.906093409941432171e+00,-1.679308524448220297e+01,-1.458755361727751065e+01,-2.114318303017443412e+01,-5.242719975583675307e+00
-4.165958726523858680e+00,-1.242390121487171761e+00,-1.144083154825311865e+01,-1.001024035683254354e+01,-2.838869321795113976e+00,-1.383316226398822835e+01,-2.752389634394631202e+01,-1.073066294478960536e+01,-4.689286800073607964e+01,-2.651542423293050632e+01,-4.080593978836070335e+01,-8.729354813229949883e+00,-1.703532282239189755e+01,-1.414195928796186408e+01,-2.109921044579767013e+01,-5.249333309289740512e+00
-4.091282614479378132e+00,-1.188303211337430110e+00,-1.143882534897080561e+01,-1.011640079403781556e+01,-3.098883402612497839e+00,-1.367736324195016984e+01,-2.902284964910264620e+01,-1.042936519181122534e+01,-4.886517124162774195e+01,-2.635972255939837083e+01,-4.418146089375854046e+01,-8.573517966509356825e+00,-1.728610171021833963e+01,-1.367915556064478722e+01,-2.096622628545608080e+01,-5.267569476807513418e+00
-4.061632042913684515e+00,-1.121212401949116533e+00,-1.146563635792409919e+01,-1.020475155350639973e+01,-3.309089281589399079e+00,-1.349597415903515873e+01,-3.032337302768437581e+01,-1.018479659467134724e+01,-5.063544751555282630e+01,-2.613955872090602384e+01,-4.735137220360849142e+01,-8.448983325701805214e+00,-1.753200631443599988e+01,-1.321294158024936038e+01,-2.074961951923264181e+01,-5.312661794741067922e+00
-4.085723912642387212e+00,-1.054396103017673614e+00,-1.152948315825941350e+01,-1.028463781571151614e+01,-3.482916695886526526e+00,-1.329985105863825012e+01,-3.136711819889843866e+01,-1.000488937430269765e+01,-5.211840921036314001e+01,-2.585994847648757755e+01,-5.016456463860038184e+01,-8.363066154843288302e+00,-1.775867466839931552e+01,-1.275444059528799912e+01,-2.045678207294579209e+01,-5.397132361899812381e+00
-4.166597748836816884e+00,-9.993487579928870268e-01,-1.163365835775304902e+01,-1.036288844613057414e+01,-3.633133467469955136e+00,-1.309770310783426694e+01,-3.210032949048365936e+01,-9.893333535364980946e+00,-5.323636448745759253e+01,-2.552634600505903251e+01,-5.247773475906247143e+01,-8.319790403390220135e+00,-1.795173379360723587e+01,-1.231213795964789703e+01,-2.009682344679686494e+01,-5.529439857187720797e+00
-4.301413004836973641e+00,-9.649935287384585614e-01,-1.177646951648669393e+01,-1.044352627188698790e+01,-3.771061104894258165e+00,-1.289561098374648829e+01,-3.247814332978755658e+01,-9.850004242751978722e+00,-5.392459758086242516e+01,-2.514475202279503918e+01,-5.416475697195985362e+01,-8.319694171804432159e+00,-1.809788260165083784e+01,-1.189170631573590775e+01,-1.968025084795403501e+01,-5.712710666941427817e+00
-4.481750252949209923e+00,-9.571351187005610051e-01,-1.195174090944518142e+01,-1.052789322713898912e+01,-3.906213677257939665e+00,-1.269707796993823834e+01,-3.247016860382652226e+01,-9.872026972912891551e+00,-5.413786890530119678e+01,-2.472209925397834240e+01,-5.512770700452124828e+01,-8.360031092632020489e+00,-1.818653159184631463e+01,-1.149645620332216467e+01,-1.921914927699474873e+01,-5.944049111526966911e+00
-4.694050191938548444e+00,-9.781084914538475950e-01,-1.214900486748602937e+01,-1.061435909049901483e+01,-4.045493106204354206e+00,-1.250253474436640388e+01,-3.206141396352790451e+01,-9.953519347338708911e+00,-5.385194200211988402e+01,-2.426548027582700229e+01,-5.530129605310138174e+01,-8.434712023849748164e+00,-1.820934803126850454e+01,-1.112736980915614282e+01,-1.872611613477205594e+01,-6.213751038333602317e+00
-4.920626412853199128e+00,-1.026723875529134578e+00,-1.235456321145009007e+01,-1.069884879100024833e+01,-4.192930127575190014e+00,-1.230958666204415053e+01,-3.125461755967044297e+01,-1.008660298244114628e+01,-5.306618586206835886e+01,-2.378238956751418343e+01,-5.465819369563861585e+01,-8.534935315160074865e+00,-1.816120167889056702e+01,-1.078354166561192962e+01,-1.821382784986598580e+01,-6.505379701495574984e+00
-5.140904767037484113e+00,-1.098498050721659069e+00,-1.255259173416559193e+01,-1.077526138375064946e+01,-4.349671519545491805e+00,-1.211339463263956517e+01,-3.007141293456759712e+01,-1.026232681883384146e+01,-5.180479491141136350e+01,-2.328051481983201754e+01,-5.321228281968449636e+01,-8.649763988333917908e+00,-1.804061269556720148e+01,-1.046274320807851055e+01,-1.769477317599437427e+01,-6.796560381470450274e+00
-5.332768313287179041e+00,-1.186061177982266290e+00,-1.272611189844590740e+01,-1.083590154208967427e+01,-4.513906142878140848e+00,-1.190695148876741882e+01,-2.855052230653575407e+01,-1.047088553889539142e+01,-5.011459664023362848e+01,-2.276710066706891311e+01,-5.101689836186164939e+01,-8.766651016186319367e+00,-1.784914030199663415e+01,-1.016156060849785447e+01,-1.718036149818942349e+01,-7.059834650382391885e+00
-5.474036728403601337e+00,-1.279902905937681634e+00,-1.285803339061784456e+01,-1.087208508309110755e+01,-4.680821223033169609e+00,-1.168141228584421398e+01,-2.674327691548203489e+01,-1.070156524328453251e+01,-4.805982435615228354e+01,-2.224827198214932622e+01,-4.815811985821573415e+01,-8.872174565955454284e+00,-1.759033188423492788e+01,-9.875761835132131239e+00,-1.667998630527464243e+01,-7.264259914163032406e+00
-5.544270496566181095e+00,-1.369357697709427946e+00,-1.293299650539116641e+01,-1.087545224026659696e+01,-4.843489291334863722e+00,-1.142744067427618582e+01,-2.471256153736067418e+01,-1.094448474501571411e+01,-4.572017049221021523e+01,-2.172985498761060086e+01,-4.475161528829022473e+01,-8.953499411352289883e+00,-1.727077500848725577e+01,-9.601336257783017913e+00,-1.620159684529881261e+01,-7.378059000585727389e+00
-5.526211158855926620e+00,-1.443480609785055435e+00,-1.293834161346024025e+01,-1.083848409227964460e+01,-4.993470283063207837e+00,-1.113590873684147553e+01,-2.252845363670941836e+01,-1.119076393692630766e+01,-4.318536064691151211e+01,-2.121671735212229493e+01,-4.093472977782413125e+01,-8.998939535802071177e+00,-1.689912581054152696e+01,-9.334887871083886068e+00,-1.575132585388764284e+01,-7.370724981333414583e+00
-5.407048423885266075e+00,-1.492057000987238702e+00,-1.286515480497078379e+01,-1.075534155675697789e+01,-5.121486829774353211e+00,-1.079879726890716540e+01,-2.026352022739616032e+01,-1.143290668833259360e+01,-4.054908928909731003e+01,-2.071269352186941859e+01,-3.685704279480960111e+01,-8.998872755606946328e+00,-1.648558398170683148e+01,-9.073946926260926915e+00,-1.533353100738599828e+01,-7.215716148683437581e+00
-5.179626755794610737e+00,-1.506553802907115713e+00,-1.270933407141276916e+01,-1.062278123394436236e+01,-5.218594422570032698e+00,-1.041038573653942834e+01,-1.799000652361968733e+01,-1.166579628422105586e+01,-3.790508222073724198e+01,-2.022111458455740518e+01,-3.267334296935123916e+01,-8.946652973123184083e+00,-1.604214394777050501e+01,-8.817712827065953718e+00,-1.495150026948085298e+01,-6.893006150320175607e+00
-4.843320759249855278e+00,-1.480965832438367880e+00,-1.247253570952912760e+01,-1.044107801978058703e+01,-5.277461958120881924e+00,-9.968484535694969395e+00,-1.577863381405299492e+01,-1.188791411053005831e+01,-3.534474744063548712e+01,-1.974549690896176912e+01,-2.853866118158086351e+01,-8.839445292422023925e+00,-1.558319375914823901e+01,-8.567521140087960063e+00,-1.460863257696191297e+01,-6.391608956597671032e+00
-4.404156580116450392e+00,-1.412334931427909890e+00,-1.216188862215336819e+01,-1.021386565062737972e+01,-5.292959737690345001e+00,-9.474625088077150536e+00,-1.369424952306550480e+01,-1.210076246554819512e+01,-3.295180896767975298e+01,-1.928880788628550391e+01,-2.459952385427301635e+01,-8.677997816507382112e+00,-1.512417677146584083e+01,-8.326799861682237847e+00,-1.430848230538248345e+01,-5.711057534086319443e+00
-3.874705509742555787e+00,-1.301091599714533587e+00,-1.178986543404147014e+01,-9.948384608242237803e+00,-5.262869294237631834e+00,-8.934530949841832381e+00,-1.179312014669892505e+01,-1.230884763123286518e+01,-3.079871502359228685e+01,-1.885389055576223782e+01,-2.098698885085301313e+01,-8.466896510237699403e+00,-1.468121319395194213e+01,-8.101067196541102078e+00,-1.405512381269261013e+01,-4.862517069519993740e+00
-3.273444216725884814e+00,-1.151063313393910104e+00,-1.137367354845962453e+01,-9.655166680714733829e+00,-5.188354111176399996e+00,-8.358225081186651195e+00,-1.012164330010664415e+01,-1.251941631650895381e+01,-2.894475307148709575e+01,-1.844355707714973036e+01,-1.781231767096646479e+01,-8.214215580952471285e+00,-1.427074358378734331e+01,-7.897839807408107760e+00,-1.385359121205986810e+01,-3.868887393352439030e+00
-2.623672728506046159e+00,-9.692490062716174748e-01,-1.093403637998227573e+01,-9.347382437305759240e+00,-5.073978597121527656e+00,-7.759473175235134690e+00,-8.713905307231000208e+00,-1.274140865116010346e+01,-2.743309406546622142e+01,-1.806025302526812482e+01,-1.516145773017058218e+01,-7.930834058117433472e+00,-1.390832801232903826e+01,-7.725970774665716689e+00,-1.370971184441265223e+01,-2.764263832579574309e+00
-1.951945146188870162e+00,-7.652563902019426934e-01,-1.049339102124464418e+01,-9.039663624408055043e+00,-4.927012724564374224e+00,-7.154658378844641398e+00,-7.588136498137590280e+00,-1.298356175581291616e+01,-2.628684313527615757e+01,-1.770523681972001384e+01,-1.308837791242135751e+01,-7.629214058799151488e+00,-1.360666273526180703e+01,-7.594714976494216785e+00,-1.362913726017436744e+01,-1.592056190327863607e+00
-1.286466447065734542e+00,-5.505468438204093040e-01,-1.007468620923982172e+01,-8.747539438042979398e+00,-4.757100826578224861e+00,-6.562108285332158175e+00,-6.747311661384646442e+00,-1.325403377608367350e+01,-2.550954027346361386e+01,-1.737939563842412838e+01,-1.161426532801989353e+01,-7.323030917202072665e+00,-1.337579482206250248e+01,-7.513354338862948012e+00,-1.361749937024208457e+01,-4.033673711741352363e-01
-6.553047009833430359e-01,-3.375026007813319850e-01,-9.699660171821054888e+00,-8.486150242108879027e+00,-4.575613163533074790e+00,-6.000927380865412886e+00,-6.180034301763129179e+00,-1.355936637773505637e+01,-2.508614305449852111e+01,-1.708279260926583021e+01,-1.072832243328982571e+01,-7.025792371333865916e+00,-1.322234046502283000e+01,-7.490255475855105871e+00,-1.367978943109239509e+01,7.461362278350676114e-01
-8.440004768597608731e-02,-1.382801084361142685e-01,-9.387022121644022832e+00,-8.268895250773471872e+00,-4.394399780622012308e+00,-5.489447040344569650e+00,-5.860687730719735811e+00,-1.390312589447133895e+01,-2.498342240448298668e+01,-1.681432170567000384e+01,-1.038820710635177136e+01,-6.749688656762294237e+00,-1.314845987977294683e+01,-7.531723195549224315e+00,-1.381925087672917485e+01,1.799648292074997435e+00
4.039910535974606809e-01,3.619977463366552684e-02,-9.151353317133505527e+00,-8.106631351772524141e+00,-4.225057623158788189e+00,-5.044217250882060632e+00,-5.753026153948884058e+00,-1.428575131505318652e+01,-2.515407580226492357e+01,-1.657222254687388840e+01,-1.052576630965613091e+01,-6.504926451966968060e+00,-1.315243453795894091e+01,-7.641596468319110436e+00,-1.403721984544231915e+01,2.702273986643126236e+00
7.926330893227606644e-01,1.772394821042611035e-01,-9.002311717329680718e+00,-8.007086361946988973e+00,-4.078250939510206230e+00,-4.679181818537077930e+00,-5.815338829790505315e+00,-1.470487717344638057e+01,-2.554267804669850150e+01,-1.635469698858703680e+01,-1.105584977268237523e+01,-6.299185191804222761e+00,-1.322966020745702487e+01,-7.820825716440637621e+00,-1.433311520644500092e+01,3.404385849905681383e+00
1.070537941472576637e+00,2.793082863499045665e-01,-8.943608783174092025e+00,-7.973755724491598862e+00,-3.962722823686287477e+00,-4.404385476977028091e+00,-6.003964273123289175e+00,-1.515477162101987929e+01,-2.609003736303866106e+01,-1.615924907341459260e+01,-1.188390334737739451e+01,-6.136410419357772206e+00,-1.337236427918019110e+01,-8.066620177125823687e+00,-1.470352397214574935e+01,3.865438755592182751e+00
1.233737651862045315e+00,3.407088994100417878e-01,-8.972549865178001127e+00,-8.005418031279431190e+00,-3.884379205740590812e+00,-4.225116350356826089e+00,-6.276123460525013797e+00,-1.562623682786671608e+01,-2.673697080015711691e+01,-1.598281575952569611e+01,-1.291250842586278935e+01,-6.016587441894288624e+00,-1.356980818117581222e+01,-8.372127548027261668e+00,-1.514146772024538912e+01,4.056942600875658833e+00
1.285510631513090196e+00,3.639548828236804923e-01,-9.080203889889101987e+00,-8.096034298104910931e+00,-3.845763098833669957e+00,-4.141526570732286139e+00,-6.594246904068427284e+00,-1.610730931389646869e+01,-2.742962216954794030e+01,-1.582201459489221662e+01,-1.405025025673464256e+01,-5.935667660782416810e+00,-1.380939454807801070e+01,-8.726391969658504166e+00,-1.563633466024774599e+01,3.964580975525050732e+00
1.236333210690723661e+00,3.559167011669703840e-01,-9.251588982266916616e+00,-8.234547470059400354e+00,-3.845499404742885652e+00,-4.148192917037297534e+00,-6.927772051107989881e+00,-1.658329083266797710e+01,-2.812213955611719030e+01,-1.567269215094676937e+01,-1.521715231839298710e+01,-5.885367347572981522e+00,-1.407666601067628775e+01,-9.114270451905120751e+00,-1.617338417397174055e+01,3.589994517467985702e+00
1.103334687480460152e+00,3.275196853801287666e-01,-9.466165460721276403e+00,-8.405082484293259881e+00,-3.877808854580115039e+00,-4.233898140609171357e+00,-7.252726916193550366e+00,-1.703658076273582367e+01,-2.877698645946067302e+01,-1.552940445877818654e+01,-1.634669141870279319e+01,-5.853379074252481828e+00,-1.435505165124292404e+01,-9.516614456716901316e+00,-1.673321449328960142e+01,2.951521579844767817e+00
9.092180914423553251e-01,2.931238874013830653e-01,-9.699083883575326581e+00,-8.587894816340678972e+00,-3.932576803814068711e+00,-4.382195952138355111e+00,-7.551774141960706288e+00,-1.744765994033931022e+01,-2.936549990459005954e+01,-1.538598681205919760e+01,-1.738734782669690659e+01,-5.824410450386547033e+00,-1.462679289125759396e+01,-9.911202792567644693e+00,-1.729223000854980796e+01,2.083320823073821604e+00
6.807262366929798247e-01,2.695875761649597635e-01,-9.922813036052037461e+00,-8.760417001137193793e+00,-3.995996354688776009e+00,-4.572400202028732430e+00,-7.814977983411704798e+00,-1.779637516665655284e+01,-2.986920062036016077e+01,-1.523572847520279439e+01,-1.830513176491357186e+01,-5.781019770050667361e+00,-1.487398392833657113e+01,-1.027364076278105642e+01,-1.782345148607110730e+01,1.034052300207207065e+00
4.470424568915876140e-01,2.751362503925673941e-01,-1.010860289057273320e+01,-8.898342218944163662e+00,-4.051121216761874422e+00,-4.780581353769580488e+00,-8.037456579550362079e+00,-1.806241435471100942e+01,-3.027754706092068560e+01,-1.507113955465376698e+01,-1.908108319432458089e+01,-5.704559280221165096e+00,-1.507862941397896783e+01,-1.057843141310556945e+01,-1.829708867750228052e+01,-1.354237283682113713e-01
2.377611691918393166e-01,3.279582461486709732e-01,-1.022857335383241306e+01,-8.977401188468917326e+00,-4.079170621892044934e+00,-4.981212075191288058e+00,-8.218756931550247558e+00,-1.822696588608414459e+01,-3.058737619433008703e+01,-1.488484829631649831e+01,-1.971039158689806214e+01,-5.576785110628046382e+00,-1.522404869983779108e+01,-1.080058634033830955e+01,-1.868226149665176905e+01,-1.355760319424831994e+00
8.085091581980163866e-02,4.448216597995409138e-01,-1.025775854044009705e+01,-8.975135416384098619e+00,-4.060991306231059639e+00,-5.149005226690141157e+00,-8.362693495275363986e+00,-1.827448706690437774e+01,-3.080272415964383015e+01,-1.467036696321724598e+01,-2.020175183793190854e+01,-5.381324223498562986e+00,-1.529636801435939120e+01,-1.091726099673001471e+01,-1.894911389643738531e+01,-2.553374692208546293e+00
7.527843631823238901e-04,6.396954677565722669e-01,-1.017587211797833646e+01,-8.872432780773412020e+00,-3.978721317360638388e+00,-5.260649583220406100e+00,-8.476940822657509145e+00,-1.819409524048961657e+01,-3.093430660918107478e+01,-1.442239286360372574e+01,-2.057634356463431402e+01,-5.104630650924384838e+00,-1.528549127941720265e+01,-1.090928238779370751e+01,-1.907079061114199448e+01,-3.654494843934370962e+00
1.682460772439475782e-02,9.225746683012694405e-01,-9.968497755007344807e+00,-8.654771936405053268e+00,-3.816973189206236405e+00,-5.296099775989219438e+00,-8.569824726386951141e+00,-1.797983427089282316e+01,-3.099594113402098117e+01,-1.413684073766321347e+01,-2.086220472641706536e+01,-4.736976111126098843e+00,-1.518492093477526517e+01,-1.076230510964827936e+01,-1.902472851324117897e+01,-4.589357738751285609e+00
1.419182984094591871e-01,1.298393036236893838e+00,-9.628440040587067372e+00,-8.313635949796594815e+00,-3.564480036295451626e+00,-5.240247282917996685e+00,-8.649801044608823375e+00,-1.763186246089663456e+01,-3.100368146809404735e+01,-1.381164046536679102e+01,-2.109184242051785318e+01,-4.273561452217840895e+00,-1.499284242764073305e+01,-1.046832227873399290e+01,-1.879488212183850493e+01,-5.296933252121175606e+00
3.815395503748724160e-01,1.766342021626395642e+00,-9.156235671369621798e+00,-7.847203203911936598e+00,-3.215158601692690077e+00,-5.083829240663574112e+00,-8.723540072138820989e+00,-1.715653329234090307e+01,-3.097339031098416484e+01,-1.344657963071758999e+01,-2.129792048676566552e+01,-3.714801896808080706e+00,-1.471194950114503008e+01,-1.002629817478734964e+01,-1.837290974127554577e+01,-5.728495434056765312e+00
7.336215247228665692e-01,2.319626731452124613e+00,-8.559914999028597649e+00,-7.260512162002351388e+00,-2.768575524774488095e+00,-4.823728007918242966e+00,-8.792848772794940260e+00,-1.656556004518503045e+01,-3.091702049791597062e+01,-1.304290831704176945e+01,-2.150702722699233860e+01,-3.066205168691416905e+00,-1.434843774009701889e+01,-9.442424826202774568e+00,-1.775866873395538192e+01,-5.850268677643597925e+00
1.188668891537289607e+00,2.945469175701708409e+00,-7.854587504703273382e+00,-6.565614824283187545e+00,-2.230294778218744334e+00,-4.463093117288132738e+00,-8.852112590970993011e+00,-1.587524609924408026e+01,-3.083930152870807717e+01,-1.260347137259757666e+01,-2.173360850033844827e+01,-2.338439428702449696e+00,-1.391137096278771423e+01,-8.730186859321873882e+00,-1.696063983280573240e+01,-5.645719247839183552e+00
1.730251651667901402e+00,3.625580077586214589e+00,-7.061876447469540352e+00,-5.781324048942377836e+00,-1.612095101327811086e+00,-4.011413548054537870e+00,-8.889314769477724809e+00,-1.510633471909251746e+01,-3.073819325996546681e+01,-1.213298165550129148e+01,-2.197931757705436340e+01,-1.546934425734566965e+00,-1.341287131465402105e+01,-7.910320310924712217e+00,-1.599654159465699976e+01,-5.116797460564333377e+00
2.336233709432123717e+00,4.337099488242174949e+00,-6.208396750141797149e+00,-4.932082518145865180e+00,-9.313818764026207120e-01,-3.483622190250242667e+00,-8.884825552868168330e+00,-1.428240133856856531e+01,-3.060294954219222063e+01,-1.163734229528390429e+01,-2.222965534192241321e+01,-7.108768185794400729e-01,-1.286668089578983576e+01,-7.009739553417501767e+00,-1.489238789628675086e+01,-4.283680960671174098e+00
2.980175046510465275e+00,5.053793083633316030e+00,-5.324372335440765269e+00,-4.046991434678682609e+00,-2.104416749862041414e-01,-2.899260958957039058e+00,-8.812801589929687651e+00,-1.342901189660552319e+01,-3.041496450820826425e+01,-1.112378657103061030e+01,-2.245440617691303231e+01,1.475633288529865084e-01,-1.228786968470910068e+01,-6.060560305870319020e+00,-1.368181874936636078e+01,-3.183837474909028131e+00
3.632909769287660406e+00,5.747472748449128588e+00,-4.442146546985840772e+00,-3.158549427491555761e+00,5.244381216330316065e-01,-2.281436866037528155e+00,-8.644323993095319736e+00,-1.257294311775238427e+01,-3.015057002015584686e+01,-1.060096833804267291e+01,-2.261122237433321658e+01,1.004261505186637482e+00,-1.169270518674356651e+01,-5.098737514554984251e+00,-1.240515136368545690e+01,-1.869961218129885694e+00
4.264305780712581928e+00,6.389693298205465055e+00,-3.594641714477271321e+00,-2.301138104710831023e+00,1.243944193508167650e+00,-1.655676486878013165e+00,-8.352482399483955433e+00,-1.174170472649451469e+01,-2.978598122095916523e+01,-1.007900979856501067e+01,-2.265291222011139638e+01,1.834298301497110373e+00,-1.109896483828733160e+01,-4.162557076161365721e+00,-1.110838708707815137e+01,-4.071910257861595106e-01
4.845301283185716734e+00,6.953478159342754594e+00,-2.813146244568282661e+00,-1.508880367990674820e+00,1.917659115070406095e+00,-1.047950984146979181e+00,-7.913659093971293856e+00,-1.096140336048733133e+01,-2.929851281185804979e+01,-9.568389636081427341e+00,-2.253019694248330040e+01,2.613601481912825708e+00,-1.052425416725326457e+01,-3.290365091392772889e+00,-9.840477320055169841e+00,1.130995296996128552e+00
5.349655790420245083e+00,7.414996758526524623e+00,-2.125864272780536801e+00,-8.139704484169447696e-01,2.515624324017323055e+00,-4.833635009808201488e-01,-7.311530208130335495e+00,-1.025609167240532571e+01,-2.867072202712289553e+01,-9.080048173142536427e+00,-2.219831657463598873e+01,3.319942248926819772e+00,-9.986022889457714768e+00,-2.518881172560409887e+00,-8.651316528322816168e+00,2.666971506020093585e+00
5.755544000041469488e+00,7.755069001621052394e+00,-1.556363981353634074e+00,-2.448396701017458987e-01,3.010008079367951339e+00,1.540422360946713809e-02,-6.540165932823974515e+00,-9.646670268972041384e+00,-2.789380929538935305e+01,-8.624704048433180503e+00,-2.162318497739008905e+01,3.934194456039912247e+00,-9.500981630963494240e+00,-1.881161382396219217e+00,-7.589350072261732194e+00,4.123436336731113094e+00
6.046931996906552698e+00,7.960367474736217197e+00,-1.122190409275207301e+00,1.756018700513886088e-01,3.376958566701140363e+00,4.296004296837647729e-01,-5.604972214651997575e+00,-9.149435121477750954e+00,-2.696892146902217036e+01,-8.212111139692913397e+00,-2.078474970525429200e+01,4.441409092462571984e+00,-9.084029220192178400e+00,-1.404676089855372290e+00,-6.698794850948280200e+00,5.427986914461078172e+00
6.214646670007067719e+00,8.024337322241830606e+00,-8.336656440141023694e-01,4.314932188840674421e-01,3.598488093489826234e+00,7.458716227440431723e-01,-4.521288782500761272e+00,-8.774509372092072823e+00,-2.590598254701267678e+01,-7.850081372352896381e+00,-1.967691770998423806e+01,4.831678660701606454e+00,-8.746775972861650317e+00,-1.109450041808831777e+00,-6.016672647481176028e+00,6.517456826171963868e+00
6.256656160371583120e+00,7.947526639821132832e+00,-6.939664377714453991e-01,5.144650522759590672e-01,3.663223316438421584e+00,9.564739987007007116e-01,-3.316504602893949993e+00,-8.526398455163594292e+00,-2.472621942865500699e+01,-7.545046903659539339e+00,-1.831206036973887308e+01,5.099958539630970122e+00,-8.498461047487534614e+00,-1.007343180474024713e+00,-5.571575461598994750e+00,7.340741848877463838e+00
6.178136801575424997e+00,7.737653420114035008e+00,-6.989045716992574597e-01,4.244738969406425255e-01,3.567425954759194440e+00,1.059797973101698432e+00,-2.028558521126853975e+00,-8.403331232283429486e+00,-2.346109426945582044e+01,-7.301258314893122048e+00,-1.672087774733036980e+01,5.246505671828400885e+00,-8.345063864534809639e+00,-1.101268015859314886e+00,-5.381688293832272763e+00,7.861883553701019878e+00
5.990971218441686119e+00,7.409101705154210293e+00,-8.374550788516987865e-01,1.696922263768851913e-01,3.315335174195986667e+00,1.060188162111082022e+00,-7.039716378768936522e-01,-8.397499557124977088e+00,-2.215077877572035803e+01,-7.120883641097076833e+00,-1.495113886113233548e+01,5.276358444704731809e+00,-8.289233799470098418e+00,-1.385082454529699802e+00,-5.453837219386105772e+00,8.061551800161767645e+00
5.712707435446742643e+00,6.982011335575711186e+00,-1.092919000724167589e+00,-2.341799136629703071e-01,2.918716666369705948e+00,9.671490495476566807e-01,6.030575429175364377e-01,-8.496162562679511865e+00,-2.084364115730753042e+01,-7.004376971837231736e+00,-1.306760523539227137e+01,5.198591354122457986e+00,-8.331109761205530262e+00,-1.844031861093142766e+00,-5.783584001389368012e+00,7.937248425127637397e+00
5.365093103667607721e+00,6.480977129127067471e+00,-1.444536368077458555e+00,-7.652148174817590132e-01,2.395735651330279659e+00,7.939937905849596689e-01,1.830585803197973149e+00,-8.683407396683870516e+00,-1.959677207707778024e+01,-6.951321750060539983e+00,-1.115307336047157349e+01,5.025147118431707582e+00,-8.469680260528251736e+00,-2.455998675090021344e+00,-6.356291056328593925e+00,7.502617881890750517e+00
4.972623980893952300e+00,5.933572526054295082e+00,-1.868587625495579552e+00,-1.396140863318942937e+00,1.770144049591155344e+00,5.570777299112403824e-01,2.913300452594688394e+00,-8.940505349106999233e+00,-1.847200070810658090e+01,-6.959804630297547590e+00,-9.303363842942665940e+00,4.770360427602676090e+00,-8.702150900948824486e+00,-3.192434604441978685e+00,-7.147504024064812000e+00,6.786374140034437730e+00
4.560800838755406872e+00,5.368623613918014570e+00,-2.340140374724803962e+00,-2.096130752460653390e+00,1.069743551099021417e+00,2.742341805546164579e-01,3.785629176453326750e+00,-9.247463544900096366e+00,-1.753307639378605032e+01,-7.027126263407772910e+00,-7.622934743878904129e+00,4.449562690185844716e+00,-9.024666345100298415e+00,-4.020150431978991357e+00,-8.124546241823487946e+00,5.829752734946422876e+00
4.154354692483521738e+00,4.814446589752905403e+00,-2.834699544966772677e+00,-2.832537033460993392e+00,3.245634084103024009e-01,-3.679699699471683516e-02,4.384516947925234831e+00,-9.584420126669568774e+00,-1.684318043213866289e+01,-7.150170034615836556e+00,-6.220730391317943031e+00,4.078013776501675736e+00,-9.432920809015721275e+00,-4.903400680327006711e+00,-9.248668814890287138e+00,4.683479778403611071e+00
3.775735083933891456e+00,4.297184443767148032e+00,-3.329407398722739053e+00,-3.572533988588665554e+00,-4.347383038736403194e-01,-3.594178147267612644e-01,4.654290589340762452e+00,-9.932341484395619702e+00,-1.646007361544907965e+01,-7.325239747301719007e+00,-5.202590629884987550e+00,3.670151065260033096e+00,-9.921759878911393216e+00,-5.805694836725918684e+00,-1.047679984998302061e+01,3.404450921618161097e+00
3.443947609321984071e+00,3.839366666432939557e+00,-3.803772691392586225e+00,-4.284448029180683903e+00,-1.178141501440259198e+00,-6.788143578594514338e-01,4.553032832326564971e+00,-1.027304990164567933e+01,-1.642955811452015880e+01,-7.547530694542029295e+00,-4.660940687137188121e+00,3.239089853442067124e+00,-1.048416954466851436e+01,-6.691400044158209326e+00,-1.176302979900890833e+01,2.052498235148051187e+00
3.173421831065443399e+00,3.458659121541100223e+00,-4.240937138254045280e+00,-4.939788180988939459e+00,-1.878072159267631491e+00,-9.832057555050468522e-01,4.054841381270698264e+00,-1.059069796574845057e+01,-1.678285888682001570e+01,-7.812165133313566656e+00,-4.669189357259856621e+00,2.795475144361325270e+00,-1.111220691821543305e+01,-7.527922316487158483e+00,-1.306140097311511639e+01,6.862814194229653886e-01
2.973288988119940246e+00,3.166964311569254509e+00,-4.628207735980707227e+00,-5.514349601292823699e+00,-2.510805644570252682e+00,-1.264371856979408903e+00,3.152524655204999249e+00,-1.087215630569883196e+01,-1.753366807225572543e+01,-8.113909411675365391e+00,-5.275967253657057654e+00,2.347376048782125135e+00,-1.179664982339039270e+01,-8.287188977963779735e+00,-1.432788915899874205e+01,-6.397671114274294801e-01
2.847232130725693366e+00,2.970025150035659589e+00,-4.957157055109211008e+00,-5.989163158269422915e+00,-3.057339114181879758e+00,-1.517791408898890637e+00,1.860084829088895830e+00,-1.110711538008508725e+01,-1.867513067084590261e+01,-8.447130039310842164e+00,-6.499242174107198622e+00,1.900107613604329337e+00,-1.252667371077818892e+01,-8.947054186761304706e+00,-1.552226722915674983e+01,-1.878382995570342828e+00
2.793521534952658314e+00,2.867352402661518695e+00,-5.223801709998762810e+00,-6.351423520841089854e+00,-3.504357919389796905e+00,-1.742797266633131059e+00,2.118356206286016175e-01,-1.128886987097002859e+01,-2.018028384721302615e+01,-8.806258743882175111e+00,-8.325131586051256249e+00,1.456142726390012410e+00,-1.329043814127174272e+01,-9.492440878494047496e+00,-1.661012210059785943e+01,-2.991856829762059355e+00
2.805414976134579241e+00,2.852662510433907173e+00,-5.428614114379715971e+00,-6.595056980334184082e+00,-3.844958603844267131e+00,-1.942585415517974923e+00,-1.741031865992123784e+00,-1.141523414927833358e+01,-2.200506302156409077e+01,-9.186431573572455989e+00,-1.071070965081816695e+01,1.015136337896754171e+00,-1.407622590023362008e+01,-9.915997720387661474e+00,-1.756475673776683877e+01,-3.953772285715225987e+00
2.872018561697038841e+00,2.914655521772286040e+00,-5.575688395387007112e+00,-6.720400837070272360e+00,-4.078606812806382820e+00,-2.123349157025291589e+00,-3.932803016160253406e+00,-1.148792321378186543e+01,-2.409030027137177754e+01,-9.582798603935799520e+00,-1.358619967470170664e+01,5.748780097525422184e-01,-1.487201256997020238e+01,-1.021801919398690650e+01,-1.836783996844483369e+01,-4.749373304568872634e+00
2.979570053531599871e+00,3.038237403831683281e+00,-5.671812486865087877e+00,-6.733669771100694312e+00,-4.210508033984634579e+00,-2.293264006107941455e+00,-6.286129298850799074e+00,-1.151194533977559864e+01,-2.636425752982848536e+01,-9.990512348680574917e+00,-1.685786202778999865e+01,1.318625403697082366e-01,-1.566544715574984892e+01,-1.040591300790400808e+01,-1.900958493864291299e+01,-5.375368362117814769e+00
3.112632708431039674e+00,3.205846097329580591e+00,-5.725741061578126789e+00,-6.646267264652641948e+00,-4.251033547911166721e+00,-2.461685695344588254e+00,-8.717499529444086903e+00,-1.149546184832384199e+01,-2.874789765404933917e+01,-1.040488300808104327e+01,-2.041501429536387846e+01,-3.180178562649771390e-01,-1.644458478027597081e+01,-1.049355749907276447e+01,-1.948887038406037320e+01,-5.839005238896927352e+00
3.255541133232464635e+00,3.398918063120615951e+00,-5.746937221285458364e+00,-6.473510285524940677e+00,-4.214530888766606864e+00,-2.637817283397525969e+00,-1.114102448182628535e+01,-1.144865102528496870e+01,-3.115841232270349792e+01,-1.082079580694382059e+01,-2.413530993384795664e+01,-7.784534578841975083e-01,-1.719752826155807668e+01,-1.049983506369990138e+01,-1.981228871176199391e+01,-6.156328218269974784e+00
3.393972048392329910e+00,3.599513276347742874e+00,-5.744141602483882281e+00,-6.232960424781754938e+00,-4.117519231038082594e+00,-2.829074791926995402e+00,-1.347071144096334905e+01,-1.138183789789481892e+01,-3.351127917437084847e+01,-1.123184087435176437e+01,-2.788823526330057945e+01,-1.251503587182702937e+00,-1.791148580232903953e+01,-1.044673902741108762e+01,-1.999225645028896636e+01,-6.349506448328918751e+00
3.516075254473394640e+00,3.791544983530675594e+00,-5.724717158076964907e+00,-5.943473211763114605e+00,-3.977373838990317267e+00,-3.040363774644820438e+00,-1.562471554893759418e+01,-1.130493213456808732e+01,-3.572432842363787131e+01,-1.163093168821310996e+01,-3.154113708510904246e+01,-1.737486567926743053e+00,-1.857353572008656784e+01,-1.035800967100749581e+01,-2.004592803420504055e+01,-6.444879152661739496e+00
3.613406240242546197e+00,3.962033072101288855e+00,-5.693991220479333037e+00,-5.623765588116981462e+00,-3.810988536407572624e+00,-3.273330094759845821e+00,-1.753000513902160762e+01,-1.122669570474290524e+01,-3.772240885854246528e+01,-1.201017786252826980e+01,-3.496671424563849939e+01,-2.234299813074108076e+00,-1.917107575824370613e+01,-1.025736151173319755e+01,-1.999369904910161111e+01,-6.470271919743002975e+00
3.681716573985331920e+00,4.102035089235434029e+00,-5.654590499064584108e+00,-5.290963875739882916e+00,-3.633219837334294766e+00,-3.525652447158330816e+00,-1.912441783644061388e+01,-1.115353835611368893e+01,-3.943940219193446239e+01,-1.236057847732069703e+01,-3.804715495919521828e+01,-2.736997943325139016e+00,-1.969157015948473699e+01,-1.016661552071579422e+01,-1.985706860669098717e+01,-6.452304518076795503e+00
3.721168018730830696e+00,4.207170810378244141e+00,-5.606508427287801410e+00,-4.959850128979608641e+00,-3.456019760262137197e+00,-3.791129157647834091e+00,-2.036029389527749700e+01,-1.108944733185743203e+01,-4.082199032454350629e+01,-1.267278237750257830e+01,-4.068052195229205381e+01,-3.238024318958254710e+00,-2.012355235971814338e+01,-1.010434058485159170e+01,-1.965739733075976403e+01,-6.414402248900250569e+00
3.736096459882601639e+00,4.277739071852771247e+00,-5.547559750896017050e+00,-4.642400644497731932e+00,-3.287999829984364908e+00,-4.060187521410517419e+00,-2.120823060316591580e+01,-1.103637200690149101e+01,-4.183367494707516698e+01,-1.293789462690365610e+01,-4.278772951217625575e+01,-3.727685001656252162e+00,-2.045802991853054564e+01,-1.008492569332208788e+01,-1.941515688157521780e+01,-6.375413912813519879e+00
3.734471042905812332e+00,4.318487102601086924e+00,-5.473830737574925109e+00,-4.347265060662557801e+00,-3.134288199302112332e+00,-4.320518371647082745e+00,-2.165959572366474362e+01,-1.099437184997831984e+01,-4.245768386657334048e+01,-1.314773187093094364e+01,-4.431838528272236033e+01,-4.194365209373067671e+00,-2.068916268840028039e+01,-1.011763507143557028e+01,-1.914896041031443019e+01,-6.348181219839101885e+00
3.727209085593347737e+00,4.338060531750818960e+00,-5.380075763953156454e+00,-4.079468370045245429e+00,-2.996244237015062595e+00,-4.557687167631684133e+00,-2.172538572909587984e+01,-1.096128525824380340e+01,-4.269627604614540672e+01,-1.329498712377098002e+01,-4.525131397929960997e+01,-4.625093788152464747e+00,-2.081414747836454637e+01,-1.020594408037995926e+01,-1.887439845319799758e+01,-6.338856325016196003e+00
3.727079882562124524e+00,4.348112423373522439e+00,-5.260662739960128675e+00,-3.840650037936863548e+00,-2.871967332059139011e+00,-4.756426437513596284e+00,-2.143650650368588018e+01,-1.093355709382956498e+01,-4.257147649995477678e+01,-1.337407217428822648e+01,-4.559679298119581148e+01,-5.006457598238903017e+00,-2.083415860236713968e+01,-1.034760753893128893e+01,-1.860384453064631316e+01,-6.347076051007235264e+00
3.747499896801913977e+00,4.362177122215459057e+00,-5.110257915870089818e+00,-3.629290363467601921e+00,-2.756884075406039969e+00,-4.901636952350118648e+00,-2.084138720660185840e+01,-1.090639896167830258e+01,-4.212318583279238027e+01,-1.338112593923619897e+01,-4.539509350659244546e+01,-5.325165458025808540e+00,-2.075417479998937154e+01,-1.053466373073461071e+01,-1.834602490384994056e+01,-6.366256252287958439e+00
3.801407039056635462e+00,4.394376852057508387e+00,-4.924313197178257440e+00,-3.441050563703148324e+00,-2.644308069507982140e+00,-4.979256079067846841e+00,-2.000115800459944637e+01,-1.087362760544781359e+01,-4.140465886264771456e+01,-1.331382341164603389e+01,-4.471107154865255495e+01,-5.568618058726986675e+00,-2.058211106065050444e+01,-1.075374059246566638e+01,-1.810558681708169360e+01,-6.384391153452473766e+00
3.900138320963611349e+00,4.458181399607383355e+00,-4.699544235121786429e+00,-3.269451160053932437e+00,-2.526061000066238904e+00,-4.977138108453791787e+00,-1.898393458028014535e+01,-1.082780564601314666e+01,-4.047706216505279997e+01,-1.317158564254379627e+01,-4.362668885196468693e+01,-5.725783281301794148e+00,-2.032809610785226795e+01,-1.098688921552490960e+01,-1.788310832644944171e+01,-6.385595439929959483e+00
4.052173692683150641e+00,4.565048533098674532e+00,-4.434844168185556157e+00,-3.106923122745145260e+00,-2.393867208146264858e+00,-4.886379294243154092e+00,-1.786197868352194007e+01,-1.076146057875543249e+01,-3.940690042585474373e+01,-1.295619183927486517e+01,-4.223716645447265705e+01,-5.788065141336806718e+00,-2.000485433416297809e+01,-1.121302625473666126e+01,-1.767611094300910679e+01,-6.351962514755284062e+00
4.262421029922458082e+00,4.723445160633321649e+00,-4.131296288725330612e+00,-2.945300271828455330e+00,-2.240028484268238529e+00,-4.701714305038475317e+00,-1.670551680607419698e+01,-1.066690893842924837e+01,-3.825993864133928213e+01,-1.267108676764072328e+01,-4.064235262498194601e+01,-5.749460384170352434e+00,-1.962624271094993134e+01,-1.140887766622662625e+01,-1.747916352454958755e+01,-6.265038493328165536e+00
4.531582789033330450e+00,4.937935098232332010e+00,-3.792507651667962776e+00,-2.776836523052606864e+00,-2.058460113538021830e+00,-4.422168758005552647e+00,-1.557876456497898232e+01,-1.053718850218202618e+01,-3.709728177638081803e+01,-1.232175521260142403e+01,-3.894042853098262214e+01,-5.607255215106822455e+00,-1.920698013190333597e+01,-1.155051633528245958e+01,-1.728497724497771770e+01,-6.107950183563779945e+00
4.855776177075332711e+00,5.208644534338516152e+00,-3.424801944753038896e+00,-2.595156647781737380e+00,-1.845669231483979544e+00,-4.051474990477940352e+00,-1.453748018074446335e+01,-1.036706181189897436e+01,-3.597303318015121931e+01,-1.191588682569893720e+01,-3.722361988428990287e+01,-5.362335363369490793e+00,-1.876251034526948303e+01,-1.161507223150840318e+01,-1.708569593134440368e+01,-5.867184878099767076e+00
5.226472749277999874e+00,5.531034046590598052e+00,-3.037217470263053443e+00,-2.396016114033372446e+00,-1.601677208809526576e+00,-3.598297132038110746e+00,-1.362840228775683116e+01,-1.015409855532120176e+01,-3.493389386356594173e+01,-1.146340750519423679e+01,-3.557666611524382461e+01,-5.019256453283216679e+00,-1.830912418882139647e+01,-1.158230321575028299e+01,-1.687432225319020063e+01,-5.534004164648226975e+00
5.631094249289108511e+00,5.896144891325506343e+00,-2.640656717432690925e+00,-2.177386880171981787e+00,-1.329969118885635737e+00,-3.075452352894455288e+00,-1.288567706856995443e+01,-9.898147657921628095e+00,-3.401553906605402489e+01,-1.097541290097682420e+01,-3.407098537243927439e+01,-4.585701909895501416e+00,-1.786220359543494851e+01,-1.143557287770744502e+01,-1.664479531487598507e+01,-5.104910173153380804e+00
6.053665319945104706e+00,6.291079984347143217e+00,-2.247507240600102207e+00,-1.939859292282448688e+00,-1.037666311196820956e+00,-2.499459313140452110e+00,-1.233082666254156479e+01,-9.601899038023340438e+00,-3.324264915567316336e+01,-1.046418372359361015e+01,-3.276331741442675138e+01,-4.072360199168550743e+00,-1.743616298129422404e+01,-1.116307012269263232e+01,-1.639301671084012924e+01,-4.582412506151763765e+00
6.475793223887740702e+00,6.699815120878129804e+00,-1.870871516299056125e+00,-1.686572376376175519e+00,-7.352822309113378196e-01,-1.889649205053469672e+00,-1.197294159879122333e+01,-9.270842719109792185e+00,-3.262895125568468302e+01,-9.942461471345321655e+00,-3.169484854920433037e+01,-3.492284567316201738e+00,-1.704384978772472081e+01,-1.075847376561098123e+01,-1.611722245881431803e+01,-3.975011778059431400e+00
6.878002889182957880e+00,7.104305176258828070e+00,-1.523480016207274801e+00,-1.422768255054775111e+00,-4.357997835793394614e-01,-1.266829773743312515e+00,-1.180799630367902964e+01,-8.912363926671538650e+00,-3.217642535872160181e+01,-9.422498701991784742e+00,-3.088902569721699010e+01,-2.860015709170033560e+00,-1.669529513195800163e+01,-1.022131226588030373e+01,-1.581771687334212828e+01,-3.296256566808230204e+00
7.241173468921973999e+00,7.485652048469439990e+00,-1.216573580939849464e+00,-1.155250971129623938e+00,-1.534936796909747159e-01,-6.517939894213746754e-01,-1.181753673640443481e+01,-8.534532936570759176e+00,-3.187365006996435568e+01,-8.915172811479351367e+00,-3.034811528077374732e+01,-2.190819919182211528e+00,-1.639639352845803444e+01,-9.557125844535681480e+00,-1.549629242928262229e+01,-2.563807545578046465e+00
7.547665007855293595e+00,7.825332134332608547e+00,-9.596001865263321662e-01,-8.922310600989700191e-01,9.678603506922733857e-02,-6.464850756141871102e-02,-1.197247322814255455e+01,-8.146511846589424621e+00,-3.169935013934213686e+01,-8.430393601946192916e+00,-3.005678793050029896e+01,-1.500439287606131877e+00,-1.614993251157719811e+01,-8.777707472957953172e+00,-1.515673608171891118e+01,-1.798701638017514703e+00
7.782655613447480469e+00,8.106473965071993248e+00,-7.593568643311918720e-01,-6.424466555808834300e-01,3.008433748643692951e-01,4.764813509412526571e-01,-1.223435942831676115e+01,-7.757431294176349468e+00,-3.162332424053100510e+01,-7.976108813520440322e+00,-2.998283101874640977e+01,-8.040663735627888720e-01,-1.595482972565350721e+01,-7.900447188868625403e+00,-1.480398157288134797e+01,-1.023589571692318234e+00
7.935053672435554262e+00,8.314878672099768053e+00,-6.197599414383496708e-01,-4.147403074175963766e-01,4.462045109753969285e-01,9.561595360114143460e-01,-1.255806727245162335e+01,-7.375978405559814988e+00,-3.160868754741566988e+01,-7.558514857187113023e+00,-3.007960619057986662e+01,-1.161829752736893706e-01,-1.580660480385819611e+01,-6.947934626400900981e+00,-1.444395519671074268e+01,-2.616880023021561641e-01
7.998077429976015118e+00,8.439818963206622726e+00,-5.420094368588159739e-01,-2.177563313254493593e-01,5.226881751247969277e-01,1.361924847670611172e+00,-1.289626304995096007e+01,-7.010535312069746894e+00,-3.161608627676741889e+01,-7.182426125263678074e+00,-3.029149569334583703e+01,5.496885083840754582e-01,-1.569849742596832698e+01,-5.947422680457870925e+00,-1.408354007284794562e+01,4.645518698848625228e-01
7.969548265046778823e+00,8.474695212716017778e+00,-5.250389874320315897e-01,-5.976129726268286646e-02,5.227626126174182986e-01,1.684228937636071066e+00,-1.320544133945444543e+01,-6.669714371046358892e+00,-3.160958075290884040e+01,-6.852034601756443521e+00,-3.056206717668798944e+01,1.181043384645003025e+00,-1.562323795145781702e+01,-4.930103597073371091e+00,-1.373096609036224791e+01,1.134429990254978815e+00
7.852027807893152911e+00,8.417356700913096290e+00,-5.655292037317014575e-01,5.211792377258550601e-02,4.422204877857254246e-01,1.916815489113584903e+00,-1.344790452186940399e+01,-6.361424938634108628e+00,-3.155835955889286026e+01,-6.570323087083355773e+00,-3.083733485696251364e+01,1.766939313777520226e+00,-1.557293936841730897e+01,-3.929693552147140778e+00,-1.339498737429483555e+01,1.730324478597481175e+00
7.652424411113678993e+00,8.270022051794351015e+00,-6.586206440758193281e-01,1.119386814071310354e-01,2.802147275204447396e-01,2.056272755616943115e+00,-1.359513182577792634e+01,-6.093106120673688508e+00,-3.143994874898456260e+01,-6.339956682424620737e+00,-3.107070106670711596e+01,2.297673948326535154e+00,-1.554049004123893596e+01,-2.981463950699197341e+00,-1.308499435129822075e+01,2.237915863583710863e+00
7.381392502830610880e+00,8.038984636481238510e+00,-7.986055418216206903e-01,1.151379469696616198e-01,3.909150818170736841e-02,2.101524339343741943e+00,-1.363068836874252554e+01,-5.871887066968769275e+00,-3.124306086387241521e+01,-6.163537171042449359e+00,-3.122783522605680417e+01,2.764825579222656149e+00,-1.552053319838599066e+01,-2.121005191411562407e+00,-1.281085533200298343e+01,2.646706319024468623e+00
7.052565241610738056e+00,7.734052415482026710e+00,-9.793302207664567050e-01,5.886426688064183566e-02,-2.756874263502417932e-01,2.053598441620342996e+00,-1.355033359091618905e+01,-5.703999784231262637e+00,-3.096755554154020018e+01,-6.043478385754116999e+00,-3.128781024203708228e+01,3.161445802287553786e+00,-1.550947961204280290e+01,-1.382570894435392717e+00,-1.258228230073342857e+01,2.950370438471728196e+00
6.681741424165258181e+00,7.367760805861133910e+00,-1.194399324770852644e+00,-5.768919537124261865e-02,-6.555576323783345316e-01,1.915487296458307398e+00,-1.335935875283544760e+01,-5.593721346895666358e+00,-3.062153999169569829e+01,-5.981532082012467555e+00,-3.124031491476974765e+01,3.482284626344290146e+00,-1.550471839843170585e+01,-7.973929311705418854e-01,-1.240778879340695440e+01,3.146960996532390809e+00
6.285525524282056686e+00,6.954305602245399953e+00,-1.438178790575578958e+00,-2.338171009657949995e-01,-1.089769158781333402e+00,1.691115154945837418e+00,-1.307315538281392264e+01,-5.544336892546333218e+00,-3.022177519597901352e+01,-5.979931518853454975e+00,-3.108685943857034317e+01,3.723073819833488507e+00,-1.550609124804429584e+01,-3.928829788132386369e-01,-1.229530843007434981e+01,3.237667503426815419e+00
5.880314961311686517e+00,6.508598750613071360e+00,-1.705998935731278365e+00,-4.670668893515363962e-01,-1.565994363500085029e+00,1.385022259395993771e+00,-1.271510639683435784e+01,-5.557879174182676962e+00,-2.979148017600721232e+01,-6.040806457788310269e+00,-3.083902746863044797e+01,3.880961888402340243e+00,-1.551529604042420374e+01,-1.911251109126563819e-01,-1.225155296550369144e+01,3.226655765737842962e+00
5.481225996564196734e+00,6.045247457491138121e+00,-1.994347025127758855e+00,-7.533453914915533289e-01,-2.070947773099270250e+00,1.001990697620490423e+00,-1.231336516436923034e+01,-5.634817424959745580e+00,-2.935700790440664321e+01,-6.166066283060047226e+00,-3.051476806157452160e+01,3.954441116647259946e+00,-1.553536489274246080e+01,-2.078303279840039153e-01,-1.228163641487928714e+01,3.120329830194432219e+00
5.101062377320704222e+00,5.577590618342020079e+00,-2.301218532136168449e+00,-1.087292298410805991e+00,-2.591323664819856987e+00,5.465622296634933264e-01,-1.189950778182982560e+01,-5.774668140954089424e+00,-2.894650186763391275e+01,-6.357633451413036596e+00,-3.013740304180706886e+01,3.943167343477716358e+00,-1.557099049038616556e+01,-4.516216190274668918e-01,-1.238929395450217186e+01,2.926184393436456865e+00
4.749489912427958593e+00,5.117006083910206726e+00,-2.626337131105012546e+00,-1.462689862359432880e+00,-3.114825710183183105e+00,2.255329418954232779e-02,-1.150824791821901272e+01,-5.977079754388368471e+00,-2.858975693749389535e+01,-6.617744189341863148e+00,-2.973617696712977221e+01,3.847826951519730532e+00,-1.562904646196282954e+01,-9.235626779860961477e-01,-1.257733787474595744e+01,2.651977962295102742e+00
4.432624013556452525e+00,4.672422574493342751e+00,-2.970605706904443366e+00,-1.872271649144902739e+00,-3.630636147793300239e+00,-5.666112615585880974e-01,-1.117452696944220136e+01,-6.241330701935172698e+00,-2.831551890345890854e+01,-6.947793553908006459e+00,-2.934366273807272307e+01,3.670827619679754683e+00,-1.571720547217974229e+01,-1.616574527555760810e+00,-1.284707309323980340e+01,2.305690215587635983e+00
4.152913497356594874e+00,4.250070646595948354e+00,-3.335635030293179426e+00,-2.307849325910223293e+00,-4.129711692780139387e+00,-1.217656189014359569e+00,-1.093077582413707205e+01,-6.566238959156050825e+00,-2.814908840013845293e+01,-7.348045809624426994e+00,-2.899281683252176123e+01,3.416266256239287813e+00,-1.584318153229120441e+01,-2.515296859663743945e+00,-1.319801108214460683e+01,1.895013713038913972e+00
3.909224007646668664e+00,3.853514192902858237e+00,-3.723262039394873213e+00,-2.760414939166921044e+00,-4.605099551724055829e+00,-1.927166877999388461e+00,-1.080589271103516325e+01,-6.950481817320302014e+00,-2.811161216416538622e+01,-7.817281854834465804e+00,-2.871629665276928733e+01,3.090049757279450304e+00,-1.601443531693373501e+01,-3.596460097063934214e+00,-1.362807052133191377e+01,1.426855726665393842e+00
3.697418441944711365e+00,3.483967437522452748e+00,-4.134589853167863538e+00,-3.219936479542708341e+00,-5.051670523691543124e+00,-2.690858587679135994e+00,-1.082243797471815583e+01,-7.391867936335328793e+00,-2.821769331278784421e+01,-8.351774945529133021e+00,-2.854328713010258411e+01,2.700369215881681217e+00,-1.623668105911941595e+01,-4.829122910206985253e+00,-1.413276125582224196e+01,9.079915076876838853e-01
3.511208907579930205e+00,3.140791641625270803e+00,-4.568851211231555354e+00,-3.674994012390276232e+00,-5.465460610048628709e+00,-3.502507057896645293e+00,-1.099269760888275371e+01,-7.886035526377716209e+00,-2.847170748619682712e+01,-8.944140790068260571e+00,-2.849418780144846153e+01,2.258108922414451936e+00,-1.651204433943556893e+01,-6.175216100752029647e+00,-1.470429408435560958e+01,3.455805934432261139e-01
3.343024591877072016e+00,2.822148000005779256e+00,-5.022874406284785209e+00,-4.113101588817754894e+00,-5.843191620145145038e+00,-4.353557818109681676e+00,-1.131749858092822336e+01,-8.426500852544339892e+00,-2.886689464951904682e+01,-9.583640434978750733e+00,-2.857828982051918842e+01,1.776417975538272742e+00,-1.683888707066514456e+01,-7.590871744183035119e+00,-1.533154765231909877e+01,-2.527932851164660377e-01
3.185002711575970036e+00,2.525773877920888477e+00,-5.490599665611540559e+00,-4.520690096294906368e+00,-6.181808231095082817e+00,-5.232682221078174933e+00,-1.178627595711425258e+01,-9.004434338836295737e+00,-2.938577551971565782e+01,-1.025587254965616779e+01,-2.879346866453767007e+01,1.270707239469894390e+00,-1.721154014099383289e+01,-9.027867524300697610e+00,-1.600005364050772982e+01,-8.784853591115222571e-01
3.030102658341489619e+00,2.249746731167883596e+00,-5.962517396005781123e+00,-4.883097662255920568e+00,-6.477733458125362276e+00,-6.125323969430500171e+00,-1.237590646591718269e+01,-9.607935359538313236e+00,-2.999915095159036582e+01,-1.094257561142934776e+01,-2.912372198313010330e+01,7.583836941280526212e-01,-1.761955741441281376e+01,-1.043524964289970747e+01,-1.669177189616777568e+01,-1.521249969579656636e+00
2.872913133225167392e+00,1.993131857908077453e+00,-6.425886713474383782e+00,-5.185150503934383259e+00,-6.726543027430640365e+00,-7.013924047199051159e+00,-1.305271578498181384e+01,-1.022246705410072209e+01,-3.066836332447753932e+01,-1.162262382826309448e+01,-2.954081380662719880e+01,2.579333195458102246e-01,-1.804866650202563605e+01,-1.176157431504830875e+01,-1.738580554255510435e+01,-2.169290610994994317e+00
2.710329308716461938e+00,1.756543220138512496e+00,-6.865318045200748287e+00,-5.411880135754721266e+00,-6.922970739196138368e+00,-7.878554073906215649e+00,-1.377614274383475035e+01,-1.083170182002922743e+01,-3.134925216474575649e+01,-1.227323515155230993e+01,-3.000836105442375157e+01,-2.120184399511160223e-01,-1.848220220187585028e+01,-1.295727833555496211e+01,-1.805957807803278570e+01,-2.809288824248325156e+00
2.542112738588603982e+00,1.542608162491919011e+00,-7.263228871603971015e+00,-5.548917695727284993e+00,-7.060860583387523093e+00,-8.697434890950145103e+00,-1.450218494474799158e+01,-1.141789406116982342e+01,-3.199589092402369062e+01,-1.287062847274129851e+01,-3.048610071948664313e+01,-6.332234663721116874e-01,-1.890201369151532163e+01,-1.397670789386811308e+01,-1.868972703988687556e+01,-3.426250451476078762e+00
2.371277477932514532e+00,1.356156834504264275e+00,-7.600519884397638037e+00,-5.582992771519498909e+00,-7.133017093160411548e+00,-9.447634821474569122e+00,-1.518520654529154967e+01,-1.196199653110360295e+01,-3.256244466990153796e+01,-1.339103166732960659e+01,-3.093143132310714094e+01,-9.889043195754179116e-01,-1.928913160000373495e+01,-1.478016220848622453e+01,-1.925284721243202313e+01,-4.004024134195145912e+00
2.204026181930449191e+00,1.204122277458293588e+00,-7.857796841777723529e+00,-5.502825740967733026e+00,-7.131692910302373178e+00,-1.010640449281537556e+01,-1.578226734254636554e+01,-1.244487540094985256e+01,-3.300771169858796839e+01,-1.381236195466969008e+01,-3.130453657948272195e+01,-1.264810781926953620e+00,-1.962565387367722280e+01,-1.533608514363569775e+01,-1.972691776727314306e+01,-4.525776809190714012e+00
2.049495116786123283e+00,1.095195491583253578e+00,-8.016433073056886016e+00,-5.299653971646284489e+00,-7.049066708136535908e+00,-1.065226352267150034e+01,-1.625551385058636811e+01,-1.284778143446162879e+01,-3.329756999720329702e+01,-1.411521171493684079e+01,-3.157103025979827748e+01,-1.449969279967913138e+00,-1.989559948521020516e+01,-1.562266258321578150e+01,-2.009230564321179457e+01,-4.974679717489278730e+00
1.919287406820442410e+00,1.039235318658598750e+00,-8.059491506857547449e+00,-4.967728901106019279e+00,-6.877659706815297369e+00,-1.106600725507211003e+01,-1.657295735243851453e+01,-1.315252565659278261e+01,-3.340555550307621502e+01,-1.428365423503405651e+01,-3.170223603928879186e+01,-1.537298058873066253e+00,-2.008539821143460102e+01,-1.562882463104178221e+01,-2.033256679929463218e+01,-5.334804986187629439e+00
1.826771775888270888e+00,1.046504668669908433e+00,-7.972834972153590272e+00,-4.504949609427871593e+00,-6.610875080674658122e+00,-1.133185477630673255e+01,-1.670884682951438904e+01,-1.334218428265955936e+01,-3.331286458824819618e+01,-1.430652491835700602e+01,-3.167453006906905699e+01,-1.524379356357890458e+00,-2.018459007580401021e+01,-1.535504379654511098e+01,-2.043515078098409177e+01,-5.592112579702737563e+00
1.786045948973924880e+00,1.126790280454161852e+00,-7.746481087293272338e+00,-3.913454714927260270e+00,-6.244075579418961297e+00,-1.143886745552113027e+01,-1.664641130486373655e+01,-1.340262953146720015e+01,-3.301083217335396824e+01,-1.417869897784438038e+01,-3.147238814317045552e+01,-1.413940700394145988e+00,-2.018737446518661827e+01,-1.481372371963537304e+01,-2.039278453895036236e+01,-5.735793002226866832e+00
1.810982896042488299e+00,1.288458304783215880e+00,-7.375206269337777343e+00,-3.199669054357595854e+00,-5.775230030618365262e+00,-1.138159750916578972e+01,-1.637708693894409251e+01,-1.332280828494005043e+01,-3.249964749276219322e+01,-1.390119470143313407e+01,-3.108681728328412675e+01,-1.213637590438659597e+00,-2.009231152126525899e+01,-1.402861713332125682e+01,-2.020361089700955759e+01,-5.758957029018265672e+00
1.914028492854154884e+00,1.537456137215065688e+00,-6.859481710982059610e+00,-2.374692521142680590e+00,-5.205862099568228984e+00,-1.116106102138850531e+01,-1.590123058424407532e+01,-1.309601335650480713e+01,-3.178857937242647580e+01,-1.348209793651883359e+01,-3.051586225408514963e+01,-9.362508910578712928e-01,-1.990315937569599214e+01,-1.303424444137167271e+01,-1.987190981713176541e+01,-5.659907317396520199e+00
2.105028739558658657e+00,1.876485730708082222e+00,-6.206094740305562851e+00,-1.454411219573714220e+00,-4.541907049467656776e+00,-1.078531520172054847e+01,-1.522926895177831597e+01,-1.272120863391381107e+01,-3.089676043183162335e+01,-1.293687685020957190e+01,-2.976624156344030325e+01,-5.992865786217640434e-01,-1.962942664558206474e+01,-1.187455491810172958e+01,-1.940865695557352311e+01,-5.442871790283687616e+00
2.390177626970716229e+00,2.304325363200137922e+00,-5.428418479140461272e+00,-4.592697003119292631e-01,-3.794536198694407503e+00,-1.026966093198431018e+01,-1.438319506606683262e+01,-1.220419541609737024e+01,-2.985432176274608906e+01,-1.228811833040915857e+01,-2.885610426192692302e+01,-2.240711877551118114e-01,-1.928663286520480113e+01,-1.060094510285313696e+01,-1.883173692749983985e+01,-5.118285576170745088e+00
2.771367246571282195e+00,2.815406050647878189e+00,-4.545784354073401090e+00,5.865693169611310154e-01,-2.980108467144242823e+00,-9.635916722372879661e+00,-1.339393688269309735e+01,-1.155715830652127174e+01,-2.869936720181979695e+01,-1.156413557869143460e+01,-2.781232245686284443e+01,1.655858998160988360e-01,-1.889468856303083300e+01,-9.269648261273701451e+00,-1.816473935588955158e+01,-4.702312787049148568e+00
3.245631330606093545e+00,3.399711543774452061e+00,-3.583040324408459654e+00,1.655878705307385346e+00,-2.120131533033671190e+00,-8.911783830075123092e+00,-1.230094715722162135e+01,-1.079911798483405327e+01,-2.747737169265444379e+01,-1.079814717233642796e+01,-2.667087284418380477e+01,5.445298982781232588e-01,-1.847742700733357424e+01,-7.939252605159374809e+00,-1.743634919283890738e+01,-4.216612430658416066e+00
3.804921237333075634e+00,4.042890275562255553e+00,-2.569452940608353941e+00,2.719542105259050047e+00,-1.240808655937067684e+00,-8.129562104568066161e+00,-1.115034325764341361e+01,-9.955376399524960007e+00,-2.623909873434165263e+01,-1.002637773362905804e+01,-2.547555074886857085e+01,8.879789573280214565e-01,-1.806110403638243511e+01,-6.667600162340990622e+00,-1.667887243925365226e+01,-3.687179821824422277e+00
4.436341691431683998e+00,4.726775292903884207e+00,-1.537148656464697893e+00,3.747936194183009828e+00,-3.718695172292001416e-01,-7.324330256797678018e+00,-9.991236733974709239e+00,-9.056104943117988526e+00,-2.503671364811998501e+01,-9.285804815324794959e+00,-2.427408791800946375e+01,1.173277209394909537e+00,-1.767211699242776035e+01,-5.508732154037009110e+00,-1.592616651484602031e+01,-3.142658760793762163e+00
5.122720543894324408e+00,5.430125054932476658e+00,-5.193049351710872230e-01,4.712418017078769950e+00,4.550421788146188362e-01,-6.531810315432014846e+00,-8.870649111190232361e+00,-8.134369386625799336e+00,-2.391850379346301025e+01,-8.611755157313165654e+00,-2.311197340871569850e+01,1.381563416505082742e+00,-1.733447427247519101e+01,-4.509906677996449176e+00,-1.521119106389380349e+01,-2.612443718901362288e+00
5.843159260689791523e+00,6.129561361622529958e+00,4.510728401651711295e-01,5.586279010528006239e+00,1.207544282858249218e+00,-5.786822878619551247e+00,-7.832540155563769702e+00,-7.225438127572505920e+00,-2.292778083056207095e+01,-8.036540770620050012e+00,-2.203167876169892736e+01,1.498777815731842766e+00,-1.706917810306828542e+01,-3.709321230615557852e+00,-1.456474082404940873e+01,-2.125207906620549814e+00
6.574061437055274126e+00,6.800753582905883832e+00,1.342982702999893974e+00,6.346285638411195862e+00,1.854364533215978383e+00,-5.121193746296556881e+00,-6.914223535338997806e+00,-6.364549436790488457e+00,-2.209928687576865514e+01,-7.586994932756198295e+00,-2.106860570069315486e+01,1.517102467678802302e+00,-1.689202070516489584e+01,-3.133963223057296688e+00,-1.401314434741981785e+01,-1.706649296843120389e+00
7.290246733015841585e+00,7.419651821325405905e+00,2.128871191503657556e+00,6.973652652198678581e+00,2.367111375165331211e+00,-4.562086516481860698e+00,-6.144025187049585668e+00,-5.585110365178376668e+00,-2.145681193455653357e+01,-7.283114066556720445e+00,-2.024818541326226295e+01,1.435461540146143022e+00,-1.681248697945980553e+01,-2.798332078832459047e+00,-1.357670300885220271e+01,-1.377904198197208885e+00
7.966001984262319979e+00,7.963713106506681960e+00,2.785598774067118200e+00,7.454649269697236846e+00,2.721659000136749995e+00,-4.130765190938358700e+00,-5.541035047647209666e+00,-4.917422626355644866e+00,-2.101316176008157299e+01,-7.137128650817167852e+00,-1.958592928439630754e+01,1.259685068637706795e+00,-1.683360854262920725e+01,-2.703943641350116778e+00,-1.326886078877351949e+01,-1.154126971077018560e+00
8.576157738288982202e+00,8.413060135091111391e+00,3.295052178015847488e+00,7.780836334975659518e+00,2.899189958046735072e+00,-3.841916260427851171e+00,-5.117032159055401763e+00,-4.387896675934591428e+00,-2.077240264814020065e+01,-7.153291418954694336e+00,-1.909053756161301862e+01,1.002144110142290323e+00,-1.695270791342449002e+01,-2.839622456464010014e+00,-1.309606349303665596e+01,-1.043539283109323534e+00
9.097369508483385658e+00,8.751586456891860877e+00,3.645152540179648071e+00,7.949721811056648768e+00,2.887642988417351120e+00,-3.702599723866496717e+00,-4.874975936992761660e+00,-4.016703878731933131e+00,-2.072866104398234910e+01,-7.326826672691730380e+00,-1.876239579021044790e+01,6.815221789561241028e-01,-1.716050303791996612e+01,-3.182118494004015474e+00,-1.305691651461759051e+01,-1.046422396462270754e+00
9.509135354662165085e+00,8.967752764895717377e+00,3.829940102580746242e+00,7.964490230047669428e+00,2.682404366993569766e+00,-3.712279506212933455e+00,-4.810205875861143454e+00,-3.816940037878028491e+00,-2.086770459576791836e+01,-7.644620738953925354e+00,-1.859504882207768617e+01,3.214857103657138282e-01,-1.744213261224356515e+01,-3.697810947920302738e+00,-1.314253076949167820e+01,-1.155157467334419152e+00
9.794606062303220284e+00,9.055107493542339014e+00,3.849418547583596251e+00,7.833635848879344721e+00,2.286592914504645080e+00,-3.863182468582145646e+00,-4.912058276411571001e+00,-3.793895778382404771e+00,-2.116896627529308006e+01,-8.085910393195856471e+00,-1.857739048413704808e+01,-5.060967849565534138e-02,-1.777825788283104202e+01,-4.344846504023717415e+00,-1.333728729752781206e+01,-1.354559931988267962e+00
9.941432486192463003e+00,9.012625884571002999e+00,3.709486262328708150e+00,7.570575075906928575e+00,1.711379480175368784e+00,-4.140662619703288527e+00,-5.163803648262572210e+00,-3.943922848674029424e+00,-2.160588505065673814e+01,-8.623045576309110061e+00,-1.869326779275245087e+01,-4.051814678313885310e-01,-1.814558341580288214e+01,-5.075494697030599411e+00,-1.361936120287757745e+01,-1.622480889096352463e+00
9.942361089725892498e+00,8.844625619812395811e+00,3.421628273380104446e+00,7.193019705283662191e+00,9.758483837839904140e-01,-4.523926703468571731e+00,-5.541430101648913364e+00,-4.253400734005134964e+00,-2.214483053811610347e+01,-9.222594800225806466e+00,-1.891893181610412000e+01,-7.121611275757229187e-01,-1.851736535398994477e+01,-5.838902221554903349e+00,-1.396169422720931053e+01,-1.931255951828296347e+00
9.795266873766182769e+00,8.560275687998609939e+00,3.001567718629081227e+00,6.721450581853918749e+00,1.058262562836862486e-01,-4.987849879767036754e+00,-6.016460079905879610e+00,-4.700039671776069738e+00,-2.274819522787122139e+01,-9.848190275560959606e+00,-1.922560118733467505e+01,-9.433942358487894531e-01,-1.886606617782119599e+01,-6.584632794938961808e+00,-1.433423948051074603e+01,-2.249970485353903982e+00
9.503149396686387362e+00,8.172959277979266801e+00,2.468381123473427863e+00,6.178204559045929578e+00,-8.672870766050060354e-01,-5.504463688975814506e+00,-6.556906420684612158e+00,-5.253408096364150737e+00,-2.337554942174379136e+01,-1.046220542998725733e+01,-1.957990180191129781e+01,-1.074223231618625540e+00,-1.916455802159633492e+01,-7.265541725443268817e+00,-1.470567909626041825e+01,-2.546484920989001033e+00
9.073955658081775510e+00,7.699445923268704917e+00,1.843427387915147264e+00,5.586342722778272929e+00,-1.907941916128821802e+00,-6.044588032463124705e+00,-7.128048975633191731e+00,-5.875977204128369991e+00,-2.398443675220249816e+01,-1.102789822677573994e+01,-1.994376428590583572e+01,-1.085199709904823173e+00,-1.938747985962594811e+01,-7.840482638466195198e+00,-1.504514045065968020e+01,-2.789734294985439789e+00
8.519976829356465942e+00,7.158783232923631168e+00,1.148920938368451772e+00,4.968215736292819429e+00,-2.978517932525880596e+00,-6.579886204730948762e+00,-7.695222183098060498e+00,-6.525476054352498778e+00,-2.453334441785557374e+01,-1.151206457078274425e+01,-2.027733038267280108e+01,-9.637295853799980883e-01,-1.951346699778681426e+01,-8.276890220997318082e+00,-1.532452851287414219e+01,-2.952219297590787939e+00
7.856962582215860635e+00,6.571096010377701191e+00,4.063316199640407689e-01,4.343947021861890079e+00,-4.041750432690189854e+00,-7.084977448228279684e+00,-8.228249845081236913e+00,-7.158070194008169906e+00,-2.498633709407273784e+01,-1.188777912909760914e+01,-2.054449264111217133e+01,-7.054815431515000235e-01,-1.952771227425222378e+01,-8.553065122569405432e+00,-1.552121665165094200e+01,-3.012694876904426167e+00
7.103471066312470938e+00,5.956516639908529420e+00,-3.642431315080294496e-01,3.730955791119117571e+00,-5.062566793453427749e+00,-7.538591520975529647e+00,-8.702451159781400492e+00,-7.730109649559221197e+00,-2.531425107658735385e+01,-1.213526673791132282e+01,-2.071448416730893172e+01,-3.143533154104729554e-01,-1.942215454207013892e+01,-8.659112486968869149e+00,-1.561911518517719344e+01,-2.957522667097711278e+00
6.279981829366774626e+00,5.334073945608630574e+00,-1.144989437533395105e+00,3.143115437424642167e+00,-6.009926395256815823e+00,-7.924799891507738892e+00,-9.100021163298897875e+00,-8.200678865679416063e+00,-2.549622397267481944e+01,-1.224342526137991172e+01,-2.076364217172678650e+01,1.972630392098415619e-01,-1.919619114634448209e+01,-8.597346029824450397e+00,-1.560975646614976498e+01,-2.782147331834575077e+00
5.408006212846760974e+00,4.720821365365214461e+00,-1.921006892019732959e+00,2.590376663451203321e+00,-6.858572049887730060e+00,-8.233889657000101892e+00,-9.412078721120252567e+00,-8.534199836357924340e+00,-2.552193252026866332e+01,-1.221058064236305540e+01,-2.067868573117822706e+01,8.090450044356192194e-01,-1.885722182918649992e+01,-8.381879861765320072e+00,-1.549298248430688574e+01,-2.491712734525110662e+00
4.509347389860395516e+00,4.131081817271970991e+00,-2.680365901812109541e+00,2.078826362577914644e+00,-7.590151744859353400e+00,-8.462483599539517343e+00,-9.638257426794240246e+00,-8.702030081053219845e+00,-2.539125959393514620e+01,-1.204411728023117689e+01,-2.045674581453674534e+01,1.494030579506649081e+00,-1.841972566529401334e+01,-8.037312353626955286e+00,-1.527676297189564636e+01,-2.101033392060490002e+00
3.605515784512191679e+00,3.575989205827287520e+00,-3.413662925946436388e+00,1.611246802941026068e+00,-8.193532015728752782e+00,-8.612940813777200333e+00,-9.784061227858494192e+00,-8.683266873982475431e+00,-2.511167211779206809e+01,-1.175928345535009356e+01,-2.010232348913345390e+01,2.220500900233985497e+00,-1.790322893373568292e+01,-7.596514168818655932e+00,-1.497569303865058288e+01,-1.633333089498707480e+00
2.717043267440229837e+00,3.063236754782380000e+00,-4.114023117003760888e+00,1.187192397733699778e+00,-8.665153454417044543e+00,-8.692989881983070433e+00,-9.860399249030564306e+00,-8.466395575038927035e+00,-2.469769061705338231e+01,-1.137885980863588031e+01,-1.962681983760859339e+01,2.953388288610652612e+00,-1.733171442637252824e+01,-7.098525710684409518e+00,-1.461028955388157868e+01,-1.119289366691190502e+00
1.862971936260727324e+00,2.597117339452145401e+00,-4.776620185900426918e+00,8.038061547576189625e-01,-9.008854238841124129e+00,-8.714799302440056294e+00,-9.882728244350438729e+00,-8.049993033578402901e+00,-2.416999114581150820e+01,-1.093127590768668256e+01,-1.904811058602057017e+01,3.656670429506255537e+00,-1.673196192407284855e+01,-6.585552765083473759e+00,-1.420540672900747126e+01,-5.948571921624994374e-01
1.060515032562820092e+00,2.178783237692818453e+00,-5.397979607812629865e+00,4.567170196811858318e-01,-9.235025021946857038e+00,-8.693642957874729404e+00,-9.868334762171109276e+00,-7.442472573462961094e+00,-2.355253775471629751e+01,-1.044852432138850418e+01,-1.838739219515716172e+01,4.295660102216244169e+00,-1.613120302845302234e+01,-6.099817399869216672e+00,-1.378793569177631895e+01,-9.866537762544957957e-02
3.246780558945623341e-01,1.806710493356173508e+00,-5.975594463903714626e+00,1.406714335205530020e-01,-9.359685100389572909e+00,-8.646680038430503146e+00,-9.835832081959694051e+00,-6.662143284552971778e+00,-2.287188855064572124e+01,-9.964456153478217004e+00,-1.766892937502338157e+01,4.838937586572546579e+00,-1.555596338531123024e+01,-5.680641929599406836e+00,-1.338518433148307452e+01,3.303575638226465827e-01
-3.321255081200866766e-01,1.477245758809676346e+00,-6.507737395886508125e+00,-1.500719006550994550e-01,-9.403504424824287611e+00,-8.591985066875189148e+00,-9.805742564163843156e+00,-5.737081892828712171e+00,-2.215776410197395307e+01,-9.513271223757499229e+00,-1.692151093098108561e+01,5.259904352058981658e+00,-1.503139194962064806e+01,-5.362113406751349842e+00,-1.302361091233083101e+01,6.553964664641371840e-01
-9.001523067337708905e-01,1.185409180193946810e+00,-6.992906129342728150e+00,-4.207464061596102312e-01,-9.390262805356027087e+00,-8.547064090345635634e+00,-9.799936951658693829e+00,-4.703632825481284030e+00,-2.144238627608544334e+01,-9.126926289193612263e+00,-1.617872170213655636e+01,5.538803521649109385e+00,-1.457960871356970500e+01,-5.170467584239453629e+00,-1.272691721017032762e+01,8.447301394078081671e-01
-1.372258459225248250e+00,9.256960932975806244e-01,-7.429229565721179540e+00,-6.753732378655810109e-01,-9.344968125229438982e+00,-8.527390788412141376e+00,-9.839529690979524901e+00,-3.604228024435185418e+00,-2.075811687352067736e+01,-8.833014150644999063e+00,-1.547639828887388802e+01,5.663963128778882528e+00,-1.421789469945084150e+01,-5.122108878495913231e+00,-1.251400558344361968e+01,8.743129330480723382e-01
-1.744005371888911693e+00,6.927987688998431537e-01,-7.814523151675526691e+00,-9.164931177371844484e-01,-9.292292740062393364e+00,-8.545591813196480757e+00,-9.945078790033036853e+00,-2.485667993548618782e+00,-2.013746714827431106e+01,-8.653451463599310500e+00,-1.485312375312261679e+01,5.632296336181170204e+00,-1.395842535771982540e+01,-5.222637313623984312e+00,-1.239812917027276029e+01,7.294143736828786473e-01
-2.013514006816783386e+00,4.822579629550496350e-01,-8.146004981622652963e+00,-1.144681856682700172e+00,-9.254895729967515194e+00,-8.610511863114279407e+00,-1.013515574854255874e+01,-1.396280354733230311e+00,-1.961143091387915405e+01,-8.602826977376636819e+00,-1.434832704074879928e+01,5.449686501930825600e+00,-1.380720028521619724e+01,-5.466411447736772899e+00,-1.238584223604216561e+01,4.061277342493454512e-01
-2.181200620624172970e+00,2.910337753876879319e-01,-8.420004443965824592e+00,-1.358192714249939925e+00,-9.251595414405993978e+00,-8.726266991759121794e+00,-1.042334474577725700e+01,-3.825056302620382098e-01,-1.920598584106794959e+01,-8.686930008228820554e+00,-1.399771234587872470e+01,5.130889015372611439e+00,-1.376290471566575491e+01,-5.836420924824185619e+00,-1.247587145452052582e+01,-8.779633098639116895e-02
-2.249566795950966647e+00,1.178057357986954656e-01,-8.632158533332429329e+00,-1.553214410715858307e+00,-9.296038547286997300e+00,-8.892072891220905717e+00,-1.081630951575503019e+01,5.137340324445922590e-01,-1.893963702045756037e+01,-8.902813047738113994e+00,-1.382925829968046116e+01,4.698265166858559105e+00,-1.381706641476973374e+01,-6.305796797611220583e+00,-1.265930695027198993e+01,-7.333770834190671550e-01
-2.223133589732873006e+00,-3.685497041630725334e-02,-8.777929287316514007e+00,-1.724250206972260280e+00,-9.396081916964128311e+00,-9.102593650351519017e+00,-1.131427752232897532e+01,1.256926745063303485e+00,-1.882342313188761551e+01,-9.239202348651936347e+00,-1.386266325759689622e+01,4.180449234906737921e+00,-1.395502016789185262e+01,-6.839532520367750834e+00,-1.292038653376177137e+01,-1.501119113360631196e+00
-2.108150825848271737e+00,-1.705357959807596302e-01,-8.852806387530185006e+00,-1.864353195033525701e+00,-9.553112874519049669e+00,-9.348168909061129739e+00,-1.190917500400213669e+01,1.820544930390990856e+00,-1.885849774563594394e+01,-9.676863975880294788e+00,-1.410544175171281722e+01,3.610702594149410416e+00,-1.415611827697039260e+01,-7.396790476060759900e+00,-1.323711146873402100e+01,-2.352441329912328349e+00
-1.912483664428198171e+00,-2.792335608217806353e-01,-8.852993066926114096e+00,-1.965949568982349405e+00,-9.762206459168226047e+00,-9.615818958384121373e+00,-1.258534950109272188e+01,2.188086854445961293e+00,-1.903633697080431375e+01,-1.019044649992029861e+01,-1.455223287738027693e+01,3.024480439346429073e+00,-1.439559654511267439e+01,-7.933999470183184854e+00,-1.358315294064223622e+01,-3.242429012182788561e+00
-1.645565828047598433e+00,-3.578918667196662184e-01,-8.776251717702907129e+00,-2.021815988446583390e+00,-1.001292587534799772e+01,-9.890533763408267731e+00,-1.332165415686153409e+01,2.353277624370788246e+00,-1.934048720902877250e+01,-1.075062987244203327e+01,-1.518628637888783928e+01,2.456941118419642134e+00,-1.464682558175279325e+01,-8.408099885488486080e+00,-1.393020238488923468e+01,-4.122888238627327340e+00
-1.318224007570499845e+00,-4.008494596552480971e-01,-8.622513161599989928e+00,-2.025797878731620649e+00,-1.029044584786230665e+01,-1.015657187491093438e+01,-1.409442713530771840e+01,2.319845186210191201e+00,-1.974941130002608958e+01,-1.132624386762405067e+01,-1.598284491005457397e+01,1.940809967167113514e+00,-1.488358561363915555e+01,-8.779725857312939752e+00,-1.425038972715963581e+01,-4.945367217679132565e+00
-9.424093130761921344e-01,-4.024994809439172982e-01,-8.394031719972188554e+00,-1.973250007104597969e+00,-1.057656956807274895e+01,-1.039841488729243579e+01,-1.487749788987597555e+01,2.101630239020570556e+00,-2.023632228849083248e+01,-1.188594120155360656e+01,-1.690847102306064542e+01,1.504436850330156172e+00,-1.508100852381669910e+01,-9.015824500585564394e+00,-1.451774585251548189e+01,-5.664047873607129802e+00
-5.310193583846820609e-01,-3.579923616746283344e-01,-8.095895289158235641e+00,-1.861837367224079109e+00,-1.085142015282178996e+01,-1.060224120598009989e+01,-1.564501052632950007e+01,1.721072759999401569e+00,-2.077213820447509818e+01,-1.240086973808521975e+01,-1.792445483531450634e+01,1.169628628537062509e+00,-1.521786188696533770e+01,-9.092429182944389510e+00,-1.471064613793069142e+01,-6.239130438651431909e+00
-9.757407168404563791e-02,-2.638510690206521403e-01,-7.735996322379325107e+00,-1.691746531236030471e+00,-1.109495043893286237e+01,-1.075685255276597019e+01,-1.637314428690925894e+01,1.207844648163352019e+00,-2.132741434544391268e+01,-1.284628219052191866e+01,-1.898921702798492817e+01,9.505942862037972674e-01,-1.527776317290677355e+01,-8.996344398146032262e+00,-1.481316048015658993e+01,-6.639097011554735417e+00
3.442317602652620323e-01,-1.185053645777243148e-01,-7.324648617554931462e+00,-1.465708854082270918e+00,-1.128836957709382105e+01,-1.085419411968660341e+01,-1.704013412288689722e+01,5.974447572530579009e-01,-2.187269543543689565e+01,-1.320275787989879746e+01,-2.005872796912646550e+01,8.532393873670844897e-01,-1.524957084119918704e+01,-8.726085429902020962e+00,-1.481584022795136946e+01,-6.842730183781111641e+00
7.809304265765186770e-01,7.714122713983062596e-02,-6.874132872826997698e+00,-1.189045641610393389e+00,-1.141537175999317810e+01,-1.088979958588795682e+01,-1.762550639742928382e+01,-7.043761745196519541e-02,-2.237805663903088771e+01,-1.345739062265969466e+01,-2.108555000789001355e+01,8.746802847994676888e-01,-1.512747779281889393e+01,-8.292297879387248827e+00,-1.471609254888079477e+01,-6.840622984001560880e+00
1.199471642999499377e+00,3.193566802421941020e-01,-6.398637714699834333e+00,-8.698285010290138786e-01,-1.146378260819655637e+01,-1.086345341488516780e+01,-1.811295448663025809e+01,-7.552107737197992776e-01,-2.281656301063912906e+01,-1.360528015350981690e+01,-2.202342422868214555e+01,1.003203159346662598e+00,-1.491242571143573414e+01,-7.717561766069898965e+00,-1.451893622239426662e+01,-6.636122505657416681e+00
1.587732958713971687e+00,6.015073268763062586e-01,-5.913372371580766895e+00,-5.182475477087518101e-01,-1.142636914032479112e+01,-1.077891251698719088e+01,-1.848978158707782882e+01,-1.417145108260726261e+00,-2.316426844179375166e+01,-1.364911648727157001e+01,-2.282775939719611813e+01,1.219407335909223011e+00,-1.461115193603322382e+01,-7.034792646571059294e+00,-1.423609899260330280e+01,-6.244736381480079146e+00
1.934738915533950276e+00,9.139933617446995839e-01,-5.434129848635880222e+00,-1.464371858791384540e-01,-1.130173349647603587e+01,-1.064390792151704090e+01,-1.874779159786486105e+01,-2.020041520874588770e+00,-2.340172250356340555e+01,-1.359946088619172855e+01,-2.345793662234869714e+01,1.497115078426517698e+00,-1.423613358890747804e+01,-6.285593819308438412e+00,-1.388544176836596478e+01,-5.693577739471681554e+00
2.230868895721163536e+00,1.244467273948997033e+00,-4.976850372598917716e+00,2.318414642642370183e-01,-1.109487635489119128e+01,-1.046985972782925955e+01,-1.888505379677428664e+01,-2.533821911289706463e+00,-2.351649621250322753e+01,-1.347437980422367332e+01,-2.388136969374107821e+01,1.804822403975829381e+00,-1.380553127269580216e+01,-5.517784802203422601e+00,-1.349014248972713403e+01,-5.020033981994806105e+00
2.467916059978782606e+00,1.578214282969678806e+00,-4.557353624977309892e+00,6.014697551074696946e-01,-1.081770756355136953e+01,-1.027157764704579179e+01,-1.890900404300283810e+01,-2.937245528410219464e+00,-2.350708990804244536e+01,-1.329877588762154517e+01,-2.407984008619079930e+01,2.107539165255282398e+00,-1.334322646848536920e+01,-4.782657234507269095e+00,-1.307785034145867087e+01,-4.269626157068329597e+00
2.639285376653452531e+00,1.898690307077396611e+00,-4.190447137132959909e+00,9.468623960923334693e-01,-1.048845030908884013e+01,-1.006611227113192797e+01,-1.883523048632661556e+01,-3.218408792877795577e+00,-2.338236807735135869e+01,-1.310213342189611296e+01,-2.405000343577539468e+01,2.369261278159819906e+00,-1.287661548000237843e+01,-4.131482419418613716e+00,-1.267835890790736642e+01,-3.492871543019765213e+00
2.740069440320250127e+00,2.188220629383606841e+00,-3.889576373499799899e+00,1.252399372951878753e+00,-1.013097419819069245e+01,-9.871982957696843641e+00,-1.868797598092197632e+01,-3.375747569653306357e+00,-2.316262760072672222e+01,-1.291705522676376461e+01,-2.380580588032013623e+01,2.554979884060593065e+00,-1.243566106090376167e+01,-3.612345895695355580e+00,-1.232186534335246364e+01,-2.742324852689758785e+00
2.767018843028375752e+00,2.428774470173711286e+00,-3.666467412499887502e+00,1.503036796488335547e+00,-9.773828220569942715e+00,-9.708200929598071127e+00,-1.850008664683494430e+01,-3.418216760962202727e+00,-2.288002467005644291e+01,-1.277707194862583862e+01,-2.338016730406496890e+01,2.632960496229575398e+00,-1.205142988909984325e+01,-3.266967495776739838e+00,-1.203708245476872918e+01,-2.069268625956552476e+00
2.718561827644129458e+00,2.602773366298191782e+00,-3.530570837911700011e+00,1.684984774680753361e+00,-9.448656082942488155e+00,-9.593015502895173796e+00,-1.831066429189593237e+01,-3.364118425025125703e+00,-2.257638574814346555e+01,-1.271410570344426105e+01,-2.282296812931743091e+01,2.576866947291436727e+00,-1.175390287843281811e+01,-3.127752237544687119e+00,-1.184902121593587765e+01,-1.520450640089305416e+00
2.594924690326736894e+00,2.693948552147828579e+00,-3.488393885476838818e+00,1.786511961897542022e+00,-9.188036196690749335e+00,-9.542428499435491318e+00,-1.816041031751603896e+01,-3.238743701403731023e+00,-2.229839309911872647e+01,-1.275574341980264137e+01,-2.219512031103911909e+01,2.367733332665561186e+00,-1.156916358732014771e+01,-3.215278896232078409e+00,-1.177663112077367202e+01,-1.134942823350817420e+00
2.397835796334359948e+00,2.688109674348982736e+00,-3.543792293623265977e+00,1.797920205225784329e+00,-9.023986037001495930e+00,-9.569687330976314854e+00,-1.809094893028937889e+01,-3.073373206595647389e+00,-2.209654775043280495e+01,-1.292418195268266601e+01,-2.156718782091738262e+01,1.994755907497843817e+00,-1.151902280145972668e+01,-3.537015864252037289e+00,-1.183212524833138701e+01,-9.422295716506798868e-01
2.130488832677740252e+00,2.573847644728530781e+00,-3.697713140392938413e+00,1.712161786255110840e+00,-8.986022120411110592e+00,-9.684283461389604497e+00,-1.814149676036948122e+01,-2.902552514887259960e+00,-2.202127626135180094e+01,-1.323407605817898514e+01,-2.101437945310336630e+01,1.456416479220157711e+00,-1.161912176912371564e+01,-4.086345286528949572e+00,-1.201972993212638130e+01,-9.602271265500714748e-01
1.797351813844764834e+00,2.343153463016559357e+00,-3.948264180530355105e+00,1.525014443044309775e+00,-9.099264518154289050e+00,-9.891398999389320323e+00,-1.834567946494091473e+01,-2.761461799923450755e+00,-2.211887595976012477e+01,-1.369146363956449619e+01,-2.061080055916136899e+01,7.606681465246130092e-01,-1.187780716421457328e+01,-4.842684561135188304e+00,-1.233515749842804965e+01,-1.194274743870229916e+00
1.403916940925103995e+00,1.991845791266136700e+00,-4.291043907182841011e+00,1.235048051240667633e+00,-9.383087059715087719e+00,-1.019170359793542247e+01,-1.873014233466712497e+01,-2.683720372943943389e+00,-2.242932432594967906e+01,-1.429343003194631478e+01,-2.042598235635326276e+01,-7.546111510147657242e-02,-1.229597605470270594e+01,-5.772542052899828136e+00,-1.276609581080766631e+01,-1.636922093140842804e+00
9.563993052397776751e-01,1.519882070343386182e+00,-4.719719816755969077e+00,8.433130063221039308e-01,-9.850184041369123733e+00,-1.058166877056801525e+01,-1.931487401593633990e+01,-2.699776611186346820e+00,-2.298568560240879322e+01,-1.502872514704621665e+01,-2.052345120425001568e+01,-1.027001049774759478e+00,-1.286797852062587921e+01,-6.831624585641172587e+00,-1.329363732229899142e+01,-2.268906824329028904e+00
4.617010444000548830e-01,9.315508504506784249e-01,-5.225975022295145322e+00,3.536855662477433881e-01,-1.050547642635508083e+01,-1.105336994710417287e+01,-2.011129602996296484e+01,-2.834166914764827183e+00,-2.381129300706855645e+01,-1.587747077036075893e+01,-2.095661993610617913e+01,-2.061756026215501691e+00,-1.358103025554246912e+01,-7.966955834179477947e+00,-1.389306250895731054e+01,-3.059963432209537260e+00
-7.265701430180215858e-02,2.354826182100282495e-01,-5.799738887891280115e+00,-2.272329240968806729e-01,-1.134546705696310909e+01,-1.159481255075897366e+01,-2.112089041384200172e+01,-3.103667878658860957e+00,-2.491751671966068216e+01,-1.681229797279717531e+01,-2.176478597107286461e+01,-3.142132096915718265e+00,-1.441577192093258475e+01,-9.119918203348017727e+00,-1.453536362075675470e+01,-3.971002257616797593e+00
-6.386721839070383933e-01,-5.555444239129467832e-01,-6.429505362896023257e+00,-8.902572054615918162e-01,-1.235825586537942655e+01,-1.219061004279338434e+01,-2.233561272482994298e+01,-3.516137795857876114e+00,-2.630346754060020231e+01,-1.779988534023011937e+01,-2.297169229182721750e+01,-4.227003841401164586e+00,-1.534742520470081217e+01,-1.022976080338351323e+01,-1.518921978742387324e+01,-4.956501992775945276e+00
-1.227790513288401275e+00,-1.424981305206811655e+00,-7.102305005113635161e+00,-1.623561985628336757e+00,-1.352358729897098755e+01,-1.282238166947643876e+01,-2.373671288957559966e+01,-4.069197321222469910e+00,-2.795418831873264054e+01,-1.880226234243018979e+01,-2.458209421097952685e+01,-5.273579886508301229e+00,-1.634623532656923217e+01,-1.123690039137993679e+01,-1.582253277233001043e+01,-5.966965420249574770e+00
-1.830661423494702955e+00,-2.352951810181661330e+00,-7.803363183724552954e+00,-2.412463704162679079e+00,-1.481301344913194740e+01,-1.346899792389097428e+01,-2.529225420837623517e+01,-4.748925973251948207e+00,-2.983772682332259052e+01,-1.977814033902497215e+01,-2.657652459535561462e+01,-6.239117167873379444e+00,-1.737749571432067341e+01,-1.208618026618812635e+01,-1.640355799493685396e+01,-6.951358211203439552e+00
-2.437184877778031389e+00,-3.316927518234457750e+00,-8.516543987807562388e+00,-3.239988096509874183e+00,-1.619103635491120485e+01,-1.410770503973081702e+01,-2.695840383040113863e+01,-5.530857077769120167e+00,-3.190608010166955921e+01,-2.068582916588020737e+01,-2.891101187789740123e+01,-7.083501939199815745e+00,-1.840374932871326052e+01,-1.273022060837063307e+01,-1.690311810751487798e+01,-7.860577192231233745e+00
-3.036561927141162354e+00,-4.292559775741668915e+00,-9.224527360520021091e+00,-4.087061128059835013e+00,-1.761649063079396171e+01,-1.471505797166034313e+01,-2.868093000664372028e+01,-6.381048571366299882e+00,-3.409679348917288166e+01,-2.148521527767938011e+01,-3.151809348598958138e+01,-7.770961383190037708e+00,-1.938621322665616731e+01,-1.313221796941779473e+01,-1.729623443465146693e+01,-8.649973082362674148e+00
-3.617224545873939601e+00,-5.254513983280482137e+00,-9.908877642884654335e+00,-4.932768633461394714e+00,-1.904407741756146066e+01,-1.526772153560369816e+01,-3.039580975219331549e+01,-7.257434379757604859e+00,-3.633381351106037016e+01,-2.213971554017588517e+01,-3.430693103942613220e+01,-8.271754645270872786e+00,-2.028584584634852916e+01,-1.326812837994944161e+01,-1.756310670937322271e+01,-9.281645871042819351e+00
-4.167042917896843335e+00,-6.177408247707656841e+00,-1.055060072056573262e+01,-5.755074806794098663e+00,-2.042640105808865059e+01,-1.574367801410243217e+01,-3.203292406473150322e+01,-8.112500818175611528e+00,-3.853170745731698332e+01,-2.261874575691849287e+01,-3.716814770619845376e+01,-8.563743039176689109e+00,-2.106566264197051197e+01,-1.312828322611362708e+01,-1.769054039872416695e+01,-9.726584274983359535e+00
-4.673664156078154441e+00,-7.036833932800215408e+00,-1.113102097287506709e+01,-6.531857147819948750e+00,-2.171646371406090026e+01,-1.612362048315950247e+01,-3.352142870208830061e+01,-8.896854677527556987e+00,-4.060196086551245287e+01,-2.290009646942374388e+01,-3.998182836195960022e+01,-8.633723521383238619e+00,-2.169338601240796294e+01,-1.271840594630301879e+01,-1.767329821907748055e+01,-9.966327764597942007e+00
-5.124832215766971899e+00,-7.810283776482179974e+00,-1.163223545684196836e+01,-7.241379694010817047e+00,-2.286980029323441954e+01,-1.639176940527664073e+01,-3.479379821492885583e+01,-9.562003066602684953e+00,-4.245815989398238344e+01,-2.297075740987322234e+01,-4.262483066130906195e+01,-8.477631082726382772e+00,-2.214260633666120270e+01,-1.205924694329654301e+01,-1.751419596031097115e+01,-9.993340714923137469e+00
-5.508681288182296854e+00,-8.478048650380152651e+00,-1.203766915886066613e+01,-7.863124277883731139e+00,-2.384648524638656397e+01,-1.653656945194899208e+01,-3.578890521716145656e+01,-1.006308365749644906e+01,-4.402018077643796801e+01,-2.282777125597279877e+01,-4.497672548007130899e+01,-8.100789908451583088e+00,-2.239389235799040279e+01,-1.118558076647103405e+01,-1.722383098243822985e+01,-9.811198988298091450e+00
-5.814330079635061210e+00,-9.024037105262905811e+00,-1.233308500095683513e+01,-8.378806054246851431e+00,-2.461323366607256347e+01,-1.655163887215003626e+01,-3.645692348013554351e+01,-1.036209733938496669e+01,-4.522037491173773560e+01,-2.247886696921101191e+01,-4.692874582365169545e+01,-7.517780957576807310e+00,-2.243630324735770643e+01,-1.014456023767159465e+01,-1.682025320619490572e+01,-9.434102221086950735e+00
-6.032278560041079984e+00,-9.436470538709638589e+00,-1.250704613393390474e+01,-8.772996800205810075e+00,-2.514493634335245176e+01,-1.643604201459144676e+01,-3.676185165162935675e+01,-1.043003096527932883e+01,-4.600725103750019684e+01,-2.194172082694796444e+01,-4.838976624170842911e+01,-6.751344219156271365e+00,-2.226746286329866820e+01,-8.992896905359661019e+00,-1.632758859594168399e+01,-8.885369787581097967e+00
-6.154845860568803673e+00,-9.708417403405061208e+00,-1.255135782973604819e+01,-9.033703967003976487e+00,-2.542554887654236140e+01,-1.619411596618574478e+01,-3.668190931430200408e+01,-1.024796761781483667e+01,-4.634687153283127259e+01,-2.124261296134066157e+01,-4.928931959207687896e+01,-5.831018323712771512e+00,-2.189283441801257624e+01,-7.793575537786161078e+00,-1.577413329448347667e+01,-8.195507595454760263e+00
-6.176637403614211763e+00,-9.838165949823757472e+00,-1.246172553617985557e+01,-9.153282000903390170e+00,-2.544883523446623030e+01,-1.583550312475937716e+01,-3.621021009097549381e+01,-9.808330715758945217e+00,-4.622411793081531073e+01,-2.041546634400570781e+01,-4.958014491649333877e+01,-4.792015336676939796e+00,-2.132561544833146883e+01,-6.612412721912779290e+00,-1.519069539735244945e+01,-7.400434130364508256e+00
-6.095074467685321018e+00,-9.829339708793568775e+00,-1.223847185110438573e+01,-9.129025357878697733e+00,-2.521885235541953563e+01,-1.537502278887895812e+01,-3.535646294695317238e+01,-9.115787839823571659e+00,-4.564492638585798545e+01,-1.950021358408386618e+01,-4.924245878912601881e+01,-3.673466886193761383e+00,-2.058648729988198056e+01,-5.514465220591407757e+00,-1.460904186242962055e+01,-6.539159304462980771e+00
-5.910638854263339681e+00,-9.690792550677215900e+00,-1.188658301027642850e+01,-8.963331723120967709e+00,-2.474951037450006197e+01,-1.483189640831964340e+01,-3.414512506178291318e+01,-8.186455916129368404e+00,-4.463455893663001461e+01,-1.854032914589935643e+01,-4.828295051421351047e+01,-2.516413351247054564e+00,-1.970191114699709800e+01,-4.560373360569752066e+00,-1.405967411401583433e+01,-5.651201096391648804e+00
-5.627227801462487022e+00,-9.436320792164089255e+00,-1.141611652249556030e+01,-8.664122752260142946e+00,-2.406407374074074568e+01,-1.422924710477553845e+01,-3.261497890346352335e+01,-7.047599263284245019e+00,-4.323696906575912635e+01,-1.758110627078684729e+01,-4.673507359694198726e+01,-1.362264363848795234e+00,-1.870345225942514134e+01,-3.803088314004849479e+00,-1.357044623162074970e+01,-4.774640168726701717e+00
-5.252293405940823945e+00,-9.084058365874767560e+00,-1.084230938035032565e+01,-8.244961044274226936e+00,-2.319425898266265307e+01,-1.359334282240743264e+01,-3.081877857631552686e+01,-5.736667550151238970e+00,-4.151406076257684674e+01,-1.666770732144711786e+01,-4.465931580458014594e+01,-2.510751587782129590e-01,-1.762696349453135269e+01,-3.285007526178720383e+00,-1.316550697490750110e+01,-3.944108506041088091e+00
-4.796828462519734160e+00,-8.655660692848936577e+00,-1.018532115899553503e+01,-7.724653396925887705e+00,-2.217895992961836882e+01,-1.295259769365725333e+01,-2.882243774840927131e+01,-4.299641364518199893e+00,-3.954425866552350044e+01,-1.584291927834270552e+01,-4.214268971553217114e+01,7.802591415064101810e-01,-1.651140713372106461e+01,-3.035666760551769983e+00,-1.286437174063842193e+01,-3.189073004437762648e+00
-4.274863427111054826e+00,-8.175215444717114366e+00,-9.469237513032471298e+00,-7.126289710583351145e+00,-2.106209998475159750e+01,-1.233600002127820972e+01,-2.670048785093081278e+01,-2.787849043664735404e+00,-3.741704554670130278e+01,-1.514459426604610570e+01,-3.929253232503526760e+01,1.699708781432256011e+00,-1.539629405500837578e+01,-3.069908480390054706e+00,-1.268050391334270621e+01,-2.532192621926092180e+00
-3.703078894142818100e+00,-7.668123718458112137e+00,-8.721325335275022184e+00,-6.476463333858983873e+00,-1.989070721967906508e+01,-1.177202424375332157e+01,-2.453374704840493337e+01,-1.255684153570747696e+00,-3.522964170467389522e+01,-1.460427187798369175e+01,-3.623265198870359427e+01,2.481133322083433512e+00,-1.432060579855824578e+01,-3.387264002851642530e+00,-1.262118152356741874e+01,-1.988770625698617067e+00
-3.100008901799090388e+00,-7.159762218930874056e+00,-7.970623937309703422e+00,-5.803756573637236293e+00,-1.871252479163813476e+01,-1.128704403342232609e+01,-2.240511805040193849e+01,2.425953358497281442e-01,-3.308161909202038942e+01,-1.424523920671890309e+01,-3.309673287681579268e+01,3.105537893194219023e+00,-1.332067894226634053e+01,-3.971720698663310678e+00,-1.268701978389658969e+01,-1.566028188916950725e+00
-2.484967763475436797e+00,-6.674098232975167022e+00,-7.246102602957876115e+00,-5.136997668041611398e+00,-1.757333729185603488e+01,-1.090362293271734373e+01,-2.039378483561648636e+01,1.656514964937699119e+00,-3.106790465057784445e+01,-1.408096912317467186e+01,-3.001902085591183322e+01,3.561896519337053313e+00,-1.242776334551743389e+01,-4.792252614103193586e+00,-1.287156261345759134e+01,-1.263026245326678065e+00
-1.876940970735372360e+00,-6.232434855646994620e+00,-6.574830678349270485e+00,-4.503586655924197046e+00,-1.651436679032813970e+01,-1.063898575689259118e+01,-1.856889665579248572e+01,2.942745337340674894e+00,-2.927116205833317508e+01,-1.411436052928045903e+01,-2.712349225963458821e+01,3.847391394254505492e+00,-1.166603817636823237e+01,-5.804319763309453428e+00,-1.316134257387772521e+01,-1.071252102154766739e+00
-1.293579177645472811e+00,-5.852197866006048521e+00,-5.980599211263310622e+00,-3.928027404612219442e+00,-1.557042509658041496e+01,-1.050424486530550716e+01,-1.698732996699783371e+01,4.066708395963843259e+00,-2.775858212658226876e+01,-1.433820873672529039e+01,-2.451863960798988273e+01,3.967093476046631650e+00,-1.105232135024451168e+01,-6.952523462513404695e+00,-1.353722609706851898e+01,-9.757934771938714391e-01
-7.500752095386680196e-01,-5.545927297986784410e+00,-5.482143139122188202e+00,-3.430128058580825368e+00,-1.476798722627164295e+01,-1.050339969535777662e+01,-1.568915788191173988e+01,5.004913249343999837e+00,-2.657652470156870095e+01,-1.473517727332911065e+01,-2.228931809770227801e+01,3.933687530015354206e+00,-1.059463325756117058e+01,-8.173408445198983685e+00,-1.397507298839663292e+01,-9.566016525341805021e-01
-2.581921287625750239e-01,-5.320531350876255061e+00,-5.091899665117473717e+00,-3.023816271476217565e+00,-1.412386057862175548e+01,-1.063299321694413280e+01,-1.469543892406062469e+01,5.745837164901487881e+00,-2.574774272747112036e+01,-1.527918448411791097e+01,-2.049162847936219123e+01,3.766364516258929207e+00,-1.029222126624901534e+01,-9.398844309214446469e+00,-1.444713211266514463e+01,-9.903396813187779202e-01
1.743578273722476979e-01,-5.176875965959471415e+00,-4.815253681898578719e+00,-2.716325264763026937e+00,-1.364469239306533765e+01,-1.088232470102713023e+01,-1.400853254686870741e+01,6.289637206763742938e+00,-2.527153998066921758e+01,-1.593727277269768194e+01,-1.915170916660304101e+01,3.489478616875417494e+00,-1.013645040246410645e+01,-1.055982698238358175e+01,-1.492403827146063122e+01,-1.052329074494277705e+00
5.443166050224395036e-01,-5.109715140683546153e+00,-4.650303385338336426e+00,-2.507817616388340554e+00,-1.332725777625508101e+01,-1.123422080086971420e+01,-1.361484502227926896e+01,6.646805940903199428e+00,-2.512688812403496286e+01,-1.667202775990782371e+01,-1.826868674530942371e+01,3.130967649219176696e+00,-1.011255141858258355e+01,-1.159052983086970201e+01,-1.537715944492609310e+01,-1.118746382653981186e+00
8.532767291119220943e-01,-5.107869438361907655e+00,-4.587317673930360939e+00,-2.390842856054042898e+00,-1.315859886482614627e+01,-1.166546483409599944e+01,-1.348482155760896717e+01,6.837724755332864390e+00,-2.527293512831778344e+01,-1.744303720318458062e+01,-1.781430249162144719e+01,2.721066914292334715e+00,-1.019979132868898830e+01,-1.243150724862392664e+01,-1.577962475394694764e+01,-1.168033327522415732e+00
1.107471520616564398e+00,-5.154973187190854844e+00,-4.609457380132891302e+00,-2.350941530253983558e+00,-1.311729383904901880e+01,-1.214828230869692050e+01,-1.357642975907270966e+01,6.890299189632344223e+00,-2.565343271151226645e+01,-1.820975857798253728e+01,-1.773747292667417241e+01,2.290380634086403688e+00,-1.037362772338576633e+01,-1.303316159423280496e+01,-1.610823016260238205e+01,-1.182798164192816692e+00
1.317384503244877436e+00,-5.230439729255863313e+00,-4.693643523179893862e+00,-2.367337840330771215e+00,-1.317503707307307081e+01,-1.265189521112714743e+01,-1.383895975302689862e+01,6.837497529874333679e+00,-2.620179714356987688e+01,-1.893367603978528280e+01,-1.797006763256865725e+01,1.868348434737864938e+00,-1.060743044926607581e+01,-1.335839603503996642e+01,-1.634475136321207600e+01,-1.150964404295012677e+00
1.497080919571945223e+00,-5.310773065487980560e+00,-4.811711907828353674e+00,-2.414060820731874557e+00,-1.329843142925263777e+01,-1.314406107798615508e+01,-1.421577847845361475e+01,6.715193506337072904e+00,-2.684509982786903493e+01,-1.958019297564985806e+01,-1.843132670850457089e+01,1.481806096585879029e+00,-1.087382739012719668e+01,-1.338460135314914012e+01,-1.647674097648246772e+01,-1.066602102258917384e+00
1.663355584535417098e+00,-5.371119153203162355e+00,-4.931819969093318434e+00,-2.461363027909280632e+00,-1.345083491605112869e+01,-1.359260230521948642e+01,-1.464569373969058574e+01,6.560347288750769223e+00,-2.750666050067923152e+01,-2.012005625521509700e+01,-1.903048424433569608e+01,1.153775516632777443e+00,-1.114550398974696321e+01,-1.310467270173206700e+01,-1.649763090255957820e+01,-9.304280788369299060e-01
1.834336789701916492e+00,-5.387037424745614089e+00,-5.020951358032991863e+00,-2.478112703460572774e+00,-1.359510279776136343e+01,-1.396773167152939621e+01,-1.506868584558006319e+01,6.407366865486839203e+00,-2.811300978719913246e+01,-2.053180565849535810e+01,-1.967520879056223748e+01,9.018731938654629410e-01,-1.139807696579854479e+01,-1.252772868374790249e+01,-1.640763979376119153e+01,-7.501746401836824063e-01
2.028187566046154799e+00,-5.336217864122055232e+00,-5.046959285656896554e+00,-2.433642593444234947e+00,-1.369591218270883815e+01,-1.424374513918851903e+01,-1.542896239421513371e+01,6.285933173405620522e+00,-2.859813152224865007e+01,-2.080239893141059326e+01,-2.027707789514863634e+01,7.378316132950430983e-01,-1.161101224600570703e+01,-1.167872528725635917e+01,-1.621349653920934486e+01,-5.399454112681407736e-01
2.261673311898880545e+00,-5.200200702847121548e+00,-4.980841782842453824e+00,-2.300024591054338430e+00,-1.372199899150770364e+01,-1.440068581108853607e+01,-1.567783073517824732e+01,6.219106755788472718e+00,-2.890715508267861367e+01,-2.092801388125615603e+01,-2.075639029622355736e+01,6.668396595081662603e-01,-1.176879047441190806e+01,-1.059721674212622489e+01,-1.592791463580361011e+01,-3.194132347794682580e-01
2.548591619366412875e+00,-4.965945013644507355e+00,-4.799273680254104946e+00,-2.054465635334485007e+00,-1.364849254757904973e+01,-1.442603004485944496e+01,-1.577788005956428563e+01,6.221172633146990982e+00,-2.900119384424483826e+01,-2.091458835295534158e+01,-2.104893245435164317e+01,6.871890529810507076e-01,-1.186250406143104641e+01,-9.335514341146037509e+00,-1.556937911568207511e+01,-1.130918624757022428e-01
2.898345496197224591e+00,-4.627120910304340029e+00,-4.486921625826180815e+00,-1.681547531834508113e+00,-1.345908897635936619e+01,-1.431607250405668275e+01,-1.570791948310457364e+01,6.295654563782845159e+00,-2.886267713105456778e+01,-2.077809591207877560e+01,-2.111386806115078230e+01,7.902095686274819286e-01,-1.189152034914378220e+01,-7.956445197759375532e+00,-1.516195322443054039e+01,5.077311923947847028e-02
3.315015631234233595e+00,-4.184877111415866935e+00,-4.037607726210751480e+00,-1.174317895398092837e+00,-1.314698383167999474e+01,-1.407603338353946754e+01,-1.546314119661448494e+01,6.435806934734705109e+00,-2.849561255708742280e+01,-2.054267930374349760e+01,-2.093541946423088973e+01,9.615035795646109662e-01,-1.186241015506354302e+01,-6.529841046730368248e+00,-1.473342834955453284e+01,1.426658896475827554e-01
3.796628640989903936e+00,-3.648294304269457555e+00,-3.455394614640979967e+00,-5.354688683003252514e-01,-1.271553129889749911e+01,-1.372018935127315409e+01,-1.505563837478616662e+01,6.624964598435540530e+00,-2.792575216047078968e+01,-2.023960205472320695e+01,-2.052409968409564911e+01,1.181645159889727736e+00,-1.178875073950097985e+01,-5.129159952474228845e+00,-1.431395982370428754e+01,1.334963374808202374e-01
4.334719426283117905e+00,-3.034355624060887102e+00,-2.755088427416746200e+00,2.222182039580045121e-01,-1.217836355667675541e+01,-1.327144027594684772e+01,-1.451442846709231915e+01,6.837500270081836362e+00,-2.720000191945398171e+01,-1.990550116305424666e+01,-1.991727942729134782e+01,1.427390608757395984e+00,-1.169046547043407358e+01,-3.827989723046687942e+00,-1.393480752189771366e+01,-3.703818311095563587e-03
4.914638201524094363e+00,-2.367232241716619612e+00,-1.961479839627454425e+00,1.076416056309900338e+00,-1.155837418597980815e+01,-1.275976808362882409e+01,-1.388204977268748763e+01,7.041325264274895801e+00,-2.638197588999058496e+01,-1.957957972762895338e+01,-1.917468138770014008e+01,1.673582954845040716e+00,-1.159157113193945676e+01,-2.695931450239729799e+00,-1.362601312641061213e+01,-2.914325815757834448e-01
5.516335827034058781e+00,-1.677175272795261129e+00,-1.107786161010988479e+00,1.996551755347167223e+00,-1.088587008241815113e+01,-1.222008095439920439e+01,-1.320851630918603092e+01,7.201523677460587969e+00,-2.554457756410080549e+01,-1.930051202790903631e+01,-1.836962819958848314e+01,1.895154369965024621e+00,-1.151714413668462100e+01,-1.794784081645435236e+00,-1.341392907660567602e+01,-7.455745294824929204e-01
6.115232791165560400e+00,-9.990303149862000964e-01,-2.342583725827456220e-01,2.944926523838566901e+00,-1.019680162248498867e+01,-1.169045950428594693e+01,-1.254789209306109576e+01,7.282534956761666400e+00,-2.476506505437221861e+01,-1.910483532559189968e+01,-1.758309174371385097e+01,2.068304419027747088e+00,-1.149206086716967690e+01,-1.175735244779204436e+00,-1.332012661980218837e+01,-1.374417449124541335e+00
6.683599177214694542e+00,-3.703616621831260503e-01,6.142300932048332385e-01,3.878979289183484447e+00,-9.530425989585264546e+00,-1.120975265869206972e+01,-1.195351925061964593e+01,7.251312853185419627e+00,-2.411868570722418070e+01,-1.902426953962916656e+01,-1.689618597567460512e+01,2.172399395584363013e+00,-1.153854982640319804e+01,-8.766632820710356100e-01,-1.335991199497487969e+01,-2.177435068726826906e+00
7.192370576287734352e+00,1.707605041125379586e-01,1.391136592124562199e+00,4.753917718891263355e+00,-8.926416481396568514e+00,-1.081483349119638682e+01,-1.147199797271131594e+01,7.080737502628392299e+00,-2.367106098679619919e+01,-1.908336362573371048e+01,-1.638060868986346108e+01,2.191539844140654392e+00,-1.167365836851353578e+01,-9.200140014536266619e-01,-1.354078204692928722e+01,-3.144392895531014531e+00
7.612920147036087215e+00,5.880604695231288481e-01,2.050994110939566184e+00,5.525235640192733833e+00,-8.422270661190184526e+00,-1.053834791793136816e+01,-1.113981224570512296e+01,6.751787287468273391e+00,-2.347340225996561713e+01,-1.929831766597295939e+01,-1.609266341972222847e+01,2.115574496801812199e+00,-1.190803730438390318e+01,-1.311938387692418218e+00,-1.386216619802643635e+01,-4.255495304129913059e+00
7.918832174313479300e+00,8.492876005334530909e-01,2.552036311789443346e+00,6.151144395356714867e+00,-8.051095834941445872e+00,-1.040682694049392154e+01,-1.098198925260535219e+01,6.254739438799367335e+00,-2.356004152343081159e+01,-1.967636370447663552e+01,-1.607040081526398012e+01,1.940658568562774189e+00,-1.224567191006585176e+01,-2.042056585350348286e+00,-1.431586015921296706e+01,-5.482119006670465922e+00
8.087762002611246004e+00,9.283641534923590122e-01,2.859244834675592983e+00,6.595500782207653678e+00,-7.839245781647111500e+00,-1.043856907071352680e+01,-1.100956331233869889e+01,5.590975174543402204e+00,-2.394515290114375716e+01,-2.021457107564679490e+01,-1.632983472044047346e+01,1.670206139690672220e+00,-1.268248835529530538e+01,-3.083728141013260426e+00,-1.488592169342801697e+01,-6.787152841046088625e+00
8.103087101648124957e+00,8.071760353672812194e-01,2.946827835179675503e+00,6.830122711210289133e+00,-7.804342786369250717e+00,-1.064224450419115797e+01,-1.121765598577673728e+01,4.773773322794060192e+00,-2.462037304038405239e+01,-2.089993757810517394e+01,-1.686170262832206390e+01,1.314721206655436347e+00,-1.320595717699740135e+01,-4.395443797555238064e+00,-1.554932099723471595e+01,-8.126592240425685176e+00
7.955223921999615477e+00,4.769976253218173312e-01,2.800062621133903917e+00,6.836666418134274892e+00,-7.954048868916181902e+00,-1.101611413318692456e+01,-1.158646820316084103e+01,3.827764093563231995e+00,-2.555584590405848644e+01,-2.171019831127139810e+01,-1.763276997455409401e+01,8.914213313610068745e-01,-1.379592465775756693e+01,-5.922894489292747977e+00,-1.627720728562977115e+01,-9.451373147224837012e+00
7.642626313882082911e+00,-6.061425746809145920e-02,2.416874501731943070e+00,6.608176384487775223e+00,-8.285226170875620966e+00,-1.154760627407806695e+01,-1.208145311458171278e+01,2.788371669337138314e+00,-2.670071968192107192e+01,-2.261442006083213130e+01,-1.858636975876879660e+01,4.236686893874965776e-01,-1.442493943216268804e+01,-7.601292735315155369e+00,-1.703598714829286109e+01,-1.070934086497393167e+01
7.172405174092142843e+00,-7.935177157934041325e-01,1.808726831734649210e+00,6.150070157007380800e+00,-8.783516447640359104e+00,-1.221329284052396957e+01,-1.265317989596131554e+01,1.701066311784138918e+00,-2.798371429631677643e+01,-2.357404809134909840e+01,-1.964258119977733941e+01,-5.990054139225220453e-02,-1.505861994979411378e+01,-9.358269603437729955e+00,-1.778836259642841355e+01,-1.184735685658001003e+01
6.560224332318082219e+00,-1.699370484047596719e+00,1.000283085929662974e+00,5.479821751350353765e+00,-9.423944191646267399e+00,-1.298005865639867551e+01,-1.323986726284029203e+01,6.187534119439490610e-01,-2.931651791049574740e+01,-2.454541858053190140e+01,-2.070171985929482616e+01,-5.272313636374805768e-01,-1.565778253027625766e+01,-1.111736310735196298e+01,-1.849526042271635617e+01,-1.281406520352072675e+01
5.829667145822949870e+00,-2.746604159895899677e+00,2.824483218262230366e-02,4.626195753563544955e+00,-1.017238023161039351e+01,-1.380684502976210126e+01,-1.377199636608344235e+01,-4.014397143077417240e-01,-3.059972359678697273e+01,-2.548204464769597166e+01,-2.165150966305918701e+01,-9.444391704308170432e-01,-1.618089754301683314e+01,-1.280155412474042009e+01,-1.911788312037861459e+01,-1.356221465379901403e+01
5.011161175473627161e+00,-3.896004559391643252e+00,-1.060346591499740754e+00,3.627889063520067570e+00,-1.098732232149903965e+01,-1.464667463930065594e+01,-1.417544174981364336e+01,-1.300979562917685683e+00,-3.172731119950363166e+01,-2.633675463207367073e+01,-2.237215626025984250e+01,-1.277598455202498151e+00,-1.658591924094825032e+01,-1.433661682734100395e+01,-1.961924280927222952e+01,-1.405103366932973508e+01
4.140313653145688555e+00,-5.102744217337342292e+00,-2.210945730961867639e+00,2.531069898488460979e+00,-1.182251900835722225e+01,-1.544951643591269175e+01,-1.437755558112223753e+01,-2.024081938675010406e+00,-3.259424478431739658e+01,-2.706493112287100189e+01,-2.274553548636308165e+01,-1.495054040480306545e+00,-1.683365205014611377e+01,-1.565471892662352360e+01,-1.996654362749919187e+01,-1.424881598524570592e+01
3.255819285831962340e+00,-6.318853238298559383e+00,-3.364922595893167667e+00,1.386489807437780719e+00,-1.263004819194416584e+01,-1.616541082798413242e+01,-1.431417785441032464e+01,-2.521986550508433567e+00,-3.310515419429277983e+01,-2.762740557178810974e+01,-2.266605881826967561e+01,-1.569440592591574424e+00,-1.689108963918614847e+01,-1.669765738306753633e+01,-2.013341236996033956e+01,-1.413479708973922300e+01
2.397227490735410971e+00,-7.495810233482461449e+00,-4.462994137727848809e+00,2.465780090465203855e-01,-1.336352782309419851e+01,-1.674745737906252430e+01,-1.393578456591096426e+01,-2.756333159202249306e+00,-3.318212220340048191e+01,-2.799253186069633870e+01,-2.205073038469461721e+01,-1.479192153468070092e+00,-1.673384745344560542e+01,-1.741930286408526030e+01,-2.010151363540838787e+01,-1.370035550239911437e+01
1.602743689585547582e+00,-8.587215768453356546e+00,-5.448644984017244397e+00,-8.375270383014967734e-01,-1.398086274072766422e+01,-1.715444603697108050e+01,-1.321089462560140149e+01,-2.701533158889111164e+00,-3.276947151270735503e+01,-2.813782515128661998e+01,-2.084510457370389958e+01,-1.209889709776252653e+00,-1.634763674318536886e+01,-1.778742916821616404e+01,-1.986135442633543136e+01,-1.294976636774078216e+01
9.067940750687957241e-01,-9.551466020540168245e+00,-6.271863974347608561e+00,-1.819240161952576429e+00,-1.444720136466961691e+01,-1.735372059731627559e+01,-1.213091470178898490e+01,-2.347619294298368686e+00,-3.183992565897071358e+01,-2.805185826320183651e+01,-1.903099740193442813e+01,-7.555999304323146593e-01,-1.573036372701105634e+01,-1.778534402713799878e+01,-1.941340856094686984e+01,-1.190061328129951157e+01
3.380273602531542743e-01,-1.035407193457770703e+01,-6.892063370625773899e+00,-2.659048391723231930e+00,-1.473727477176102241e+01,-1.732307477509044702e+01,-1.071189526986363916e+01,-1.701228041353985532e+00,-3.039731008957609504e+01,-2.773464646458747751e+01,-1.662988212463431381e+01,-1.191961532893264231e-01,-1.489246575915744586e+01,-1.741227698667726997e+01,-1.876811564072264815e+01,-1.058313678714537254e+01
-8.226242796714400285e-02,-1.096952829805179341e+01,-7.280272299595774044e+00,-3.326516433004983675e+00,-1.483676825923310183e+01,-1.705186294375711498e+01,-8.993321165002420514e+00,-7.850757119251863259e-01,-2.847586521099026413e+01,-2.719729415966601493e+01,-1.370170308989219343e+01,6.878024349744171762e-01,-1.385604356148894567e+01,-1.668280100842777358e+01,-1.794494335704257537e+01,-9.038756680369170127e+00
-3.413163910964445158e-01,-1.138272563583462649e+01,-7.420723931134849849e+00,-3.801892146136665041e+00,-1.474306478118696084e+01,-1.654156760287111183e+01,-7.035040847093009475e+00,3.631977549613454315e-01,-2.613722719758690971e+01,-2.646149228601318981e+01,-1.034026738444358706e+01,1.645500754933213017e+00,-1.265363235334882930e+01,-1.562595205470907800e+01,-1.697123744912732946e+01,-7.318482617138450053e+00
-4.357351423668820445e-01,-1.158973721680091984e+01,-7.312098291575029663e+00,-4.077249479343691085e+00,-1.446576612257188899e+01,-1.580609691436335140e+01,-4.915892389902091431e+00,1.692019430888525910e+00,-2.346897796194442165e+01,-2.555892264457875029e+01,-6.670811017537038978e+00,2.726337298351938720e+00,-1.132743091188775253e+01,-1.428391338553079493e+01,-1.588141235668153328e+01,-5.480947376358887624e+00
-3.715715935581500595e-01,-1.159792936133625574e+01,-6.967274930488628115e+00,-4.156386859484438645e+00,-1.402598562628730683e+01,-1.487085692832454953e+01,-2.728107383280796050e+00,3.139017707211742447e+00,-2.057841585180074517e+01,-2.452913958051290422e+01,-2.841524791037904230e+00,3.896526319443337272e+00,-9.926505741034336694e+00,-1.270974765611516588e+01,-1.471490529321678409e+01,-3.589753512528556456e+00
-1.639145800502728179e-01,-1.142539469230956328e+01,-6.412623328548404444e+00,-4.054440770965204166e+00,-1.345509340995038983e+01,-1.377148431520357796e+01,-5.722591600206081708e-01,4.634046709467170899e+00,-1.758674780372457036e+01,-2.341801764372386430e+01,9.846586187922055089e-01,5.117460281991962567e+00,-8.504500451551219697e+00,-1.096507753324067735e+01,-1.351446264965332134e+01,-1.710849993639545374e+00
1.639968226971064702e-01,-1.109976542694344559e+01,-5.686486127720064232e+00,-3.796789925839057389e+00,-1.279305862616851286e+01,-1.255213226285944295e+01,1.447334341567865224e+00,6.102413034221640054e+00,-1.462347259126774901e+01,-2.227579520382776934e+01,4.637595664263367112e+00,6.347297479029760048e+00,-7.117457515554015401e+00,-9.117500400854755327e+00,-1.232451660991716125e+01,9.016668304129371592e-02
5.821415775112925850e-01,-1.065647493489504782e+01,-4.837073510833890921e+00,-3.417362891622855336e+00,-1.208639177272227627e+01,-1.126331234819493332e+01,3.226315886235930463e+00,7.468116225452937407e+00,-1.182167367803697289e+01,-2.115497851095651782e+01,7.946013975806264895e+00,7.542994404891207871e+00,-5.821659563186770470e+00,-7.237668175525289627e+00,-1.118969225026433278e+01,1.750871570433464974e+00
1.055761164514878558e+00,-1.013645045563466951e+01,-3.919036853663245168e+00,-2.955893450887474572e+00,-1.138505347431761550e+01,-9.958721366987660417e+00,4.667981138373100691e+00,8.658726216455075786e+00,-9.309138280127058351e+00,-2.010711004624793219e+01,1.074896985920454462e+01,8.662654183299054012e+00,-4.669682146399306788e+00,-5.396096667303311278e+00,-1.015217728475467496e+01,3.215066869284337603e+00
1.547418850253307276e+00,-9.583660252292931503e+00,-2.990325292251469591e+00,-2.455472300302993460e+00,-1.073963585101230933e+01,-8.692634335764513054e+00,5.687906819315237783e+00,9.608786082587844390e+00,-7.202567860954417256e+00,-1.918087888527831097e+01,1.290339790504517836e+01,9.667157741131568116e+00,-3.708297900303321626e+00,-3.660442683981530720e+00,-9.250236362412323388e+00,4.434756568157812495e+00
2.019319607450269061e+00,-9.042408634999542727e+00,-2.108565661335866537e+00,-1.959553563820641386e+00,-1.019831949284720451e+01,-7.516932786069521200e+00,6.218615425339674374e+00,1.026336432317520320e+01,-5.601776393874843052e+00,-1.841957254751122264e+01,1.429135670904488364e+01,1.052223486780421169e+01,-2.976014180725918834e+00,-2.092765326837577433e+00,-8.516609379780696543e+00,5.372235527443162795e+00
2.435761748524287285e+00,-8.554655343390287214e+00,-1.327265768023986325e+00,-1.508934147972193607e+00,-9.803790878184237556e+00,-6.478114417749704756e+00,6.214949229754278548e+00,1.058151496751747622e+01,-4.583207783027035020e+00,-1.785874914046281958e+01,1.482823374793292004e+01,1.120017398131227360e+01,-2.500477145111236865e+00,-7.469720188700126329e-01,-7.976743763852219615e+00,6.001692851747104207e+00
2.765436111110986417e+00,-8.157576923196845797e+00,-6.922355734310627895e-01,-1.138975733018703806e+00,-9.590268294144630445e+00,-5.614494057284048267e+00,5.659673263450084590e+00,1.053940089831674243e+01,-4.193180566781364860e+00,-1.752420220389844729e+01,1.447152465109996200e+01,1.168122445589206215e+01,-2.296096798511012338e+00,3.334484818774647863e-01,-7.647062405611308122e+00,6.310436476201401135e+00
2.983224358084397565e+00,-7.881429078263996857e+00,-2.391874767567507831e-01,-8.777537998122966201e-01,-9.581721660210646974e+00,-4.954650768616042811e+00,4.563274698633506432e+00,1.013069349583179957e+01,-4.447198023136081702e+00,-1.743162895889557262e+01,1.322157950995795517e+01,1.195409479502509598e+01,-2.364500354469299737e+00,1.116575981974474274e+00,-7.535013054324540605e+00,6.298717715207903467e+00
3.071742461035900096e+00,-7.747884014555501686e+00,8.590989056408204760e-03,-7.441129326782416342e-01,-9.790304304291183257e+00,-4.515902003755005722e+00,2.964995476477547243e+00,9.367403707295185455e+00,-5.328171043189229295e+00,-1.758556302106418201e+01,1.112342294485510763e+01,1.201660238087847787e+01,-2.693877852103746307e+00,1.583216925648436302e+00,-7.638539787983898321e+00,5.979588012060514046e+00
3.022319262303559739e+00,-7.768972669445457058e+00,4.142131927216219367e-02,-7.467876610306980467e-01,-1.021561485344427922e+01,-4.303687002443087550e+00,9.314948059392662572e-01,8.279149686195180990e+00,-6.787081272274647858e+00,-1.797956209104051339e+01,8.265424295995764226e+00,1.187543488824243632e+01,-3.259883929574041161e+00,1.727270825382888120e+00,-7.946340657364942217e+00,5.377819588220369873e+00
2.835295116320138753e+00,-7.946635410759086859e+00,-1.365865678242101922e-01,-8.843185628668468468e-01,-1.084498018771028427e+01,-4.311869897493993520e+00,-1.447658453324784489e+00,6.910946229886297587e+00,-8.747216468994508887e+00,-1.859715959353523118e+01,4.773149169438994477e+00,1.154550389091139273e+01,-4.027712262137082888e+00,1.555327864684709738e+00,-8.439025787403878098e+00,4.528261099328071637e+00
2.519666001823839707e+00,-8.272951104627690455e+00,-5.085116319881457514e-01,-1.145838486021253821e+00,-1.165480104376669779e+01,-4.523901331605637566e+00,-4.067546252315253241e+00,5.319633264460993161e+00,-1.111164183181013243e+01,-1.941360939546834885e+01,7.985460794454297684e-01,1.104870350839116178e+01,-4.955379961528691979e+00,1.085645383872266834e+00,-9.091030058588621898e+00,3.473566346612502187e+00
2.092514990207428482e+00,-8.730837719995111712e+00,-1.045620867675708610e+00,-1.511715160492503429e+00,-1.261182035146395464e+01,-4.913778820211913256e+00,-6.812699216926333179e+00,3.571385581371881557e+00,-1.376803968934613209e+01,-2.039652105622286626e+01,-3.487652350157361525e+00,1.041316279209134876e+01,-5.995341213405986025e+00,3.473655361384047069e-01,-9.871445959723509134e+00,2.262483763399280257e+00
1.577715532009710486e+00,-9.295426489712955487e+00,-1.709617533340473727e+00,-1.955367708355161938e+00,-1.367534828443487172e+01,-5.448106882634832004e+00,-9.564134350889105463e+00,1.737628977647695194e+00,-1.659597002439955560e+01,-2.150804995971705580e+01,-7.906249531477250514e+00,9.671461986333968142e+00,-7.097607599125289823e+00,-6.212872051282047892e-01,-1.074584136020089886e+01,9.472641699438320018e-01
1.004213383412921212e+00,-9.935904038531557347e+00,-2.455493368804912535e+00,-2.445366686476412532e+00,-1.479996381567188379e+01,-6.088416080722343082e+00,-1.220706280179247472e+01,-1.092043424700879228e-01,-1.947495925027655517e+01,-2.270694277281801021e+01,-1.228122490582058646e+01,8.858890835646375805e+00,-8.213061050733600155e+00,-1.774914265025303806e+00,-1.167826921338872381e+01,-4.191821918497478094e-01
4.042504119382543948e-01,-1.061754797749546064e+01,-3.234285451299403036e+00,-2.947446668150110582e+00,-1.593806683961827630e+01,-6.793327989967778535e+00,-1.463626579493953628e+01,-1.899038216250595212e+00,-2.229030585585458368e+01,-2.395011887009944118e+01,-1.644811201486164975e+01,8.012054816222953235e+00,-9.295415538070304962e+00,-3.062859116291443584e+00,-1.263233043681442425e+01,-1.784950661672490391e+00
-1.885280887732552202e-01,-1.130401872144766884e+01,-3.995895907052590346e+00,-3.426634631779188034e+00,-1.704227670251364657e+01,-7.520513977653582316e+00,-1.675897182478875891e+01,-3.566840892035370914e+00,-2.493632582453806634e+01,-2.519403481477748841e+01,-2.025868050637344098e+01,7.167416471230166231e+00,-1.030249826504235244e+01,-4.431245590960326552e+00,-1.357221884839739090e+01,-3.101152601584162838e+00
-7.412740071984913470e-01,-1.195970453878178574e+01,-4.692640986746381415e+00,-3.849957936692486982e+00,-1.806832118397181475e+01,-8.229447457558842771e+00,-1.850059014415511882e+01,-5.056611634444633907e+00,-2.732249286963486412e+01,-2.639747609449035437e+01,-2.358894433131100499e+01,6.359147859410758663e+00,-1.119932325788124317e+01,-5.825519358484882559e+00,-1.446464200229299024e+01,-4.324270513902699342e+00
-1.223918967947261738e+00,-1.255197375144048344e+01,-5.282096629688798117e+00,-4.188349145772410687e+00,-1.897744025559220660e+01,-8.883456704257072900e+00,-1.980767147019888341e+01,-6.323629941101071239e+00,-2.937690636413747569e+01,-2.752276013556400613e+01,-2.634386487283576983e+01,5.618025807291248341e+00,-1.195915451839893962e+01,-7.192490247509422119e+00,-1.527972810138192727e+01,-5.417257603890051953e+00
-1.610836688144448026e+00,-1.305310395941950574e+01,-5.729519490892160505e+00,-4.418351199205920565e+00,-1.973821476122441965e+01,-9.451358156922097464e+00,-2.064875057676772485e+01,-7.336111507760124439e+00,-3.104761749834720064e+01,-2.853713205516517704e+01,-2.845880405408883362e+01,4.970145905469845360e+00,-1.256415863913660758e+01,-8.482423018777279111e+00,-1.599184311171233475e+01,-6.350676241236707931e+00
-1.882337106950556782e+00,-1.344185615884833851e+01,-6.010031467162137986e+00,-4.523640515212454360e+00,-2.032821965699548628e+01,-9.909097145436541965e+00,-2.101611020999213508e+01,-8.076783876290930309e+00,-3.230495705079330548e+01,-2.941432005373152592e+01,-2.990217666841875399e+01,4.435789160632728212e+00,-1.300641723297427177e+01,-9.651198434555364969e+00,-1.658071129852608294e+01,-7.103455767164562396e+00
-2.025789906055942335e+00,-1.370456880372561592e+01,-6.110274296869258492e+00,-4.496148642658295280e+00,-2.073529470603232738e+01,-1.024093252694233946e+01,-2.092731539203233382e+01,-8.543910292126676964e+00,-3.314367927354143717e+01,-3.013589817485980049e+01,-3.067796154248541285e+01,4.028522783793565765e+00,-1.328875219127440843e+01,-1.066201263317163139e+01,-1.703245796703546233e+01,-7.663308115329019010e+00
-2.036153530420330870e+00,-1.383576284010494106e+01,-6.028730403190134979e+00,-4.336024829525701563e+00,-2.095776831445753174e+01,-1.043964712708100606e+01,-2.042313960001110473e+01,-8.750285619295382844e+00,-3.358166458372915031e+01,-3.069109477637742955e+01,-3.082376774442801803e+01,3.755298742868940831e+00,-1.342342685878420383e+01,-1.148650691668018098e+01,-1.733957463623767836e+01,-8.026089095633860637e+00
-1.915906601497211481e+00,-1.383808459301919314e+01,-5.775441774729682010e+00,-4.051310830864632173e+00,-2.100392441727536053e+01,-1.050630773792526185e+01,-1.956395647752095002e+01,-8.721669553538255570e+00,-3.365695803016446064e+01,-3.107687204860259556e+01,-3.040633259935257016e+01,3.616372698592257962e+00,-1.343087841477695221e+01,-1.210553379108133853e+01,-1.750075570283061666e+01,-8.195403186282902652e+00
-1.674704952569142202e+00,-1.372178389055793346e+01,-5.371163076410670811e+00,-3.657150552086878115e+00,-2.089117633836437804e+01,-1.044977180861394395e+01,-1.842677059828060848e+01,-8.495066431750288416e+00,-3.342549385846394472e+01,-3.129773615990728075e+01,-2.951789714766614026e+01,3.605588274036552132e+00,-1.333849236857438214e+01,-1.250966900476582566e+01,-1.752074981220888006e+01,-8.181466272539712037e+00
-1.328423428916538640e+00,-1.350375557955503680e+01,-4.845532719347087180e+00,-3.174354231582245944e+00,-2.064448691228583499e+01,-1.028539401958536992e+01,-1.709952156304745685e+01,-8.115710938828806675e+00,-3.295608127572876356e+01,-3.136463966931382075e+01,-2.826898828579512468e+01,3.711164035834229935e+00,-1.317813481507962337e+01,-1.269895401571069371e+01,-1.740953039537301805e+01,-7.999924580977584299e+00
-8.976776976442724099e-01,-1.320604814229062818e+01,-4.234389998778578246e+00,-2.627334040110464564e+00,-2.029388447956433339e+01,-1.003305417451228543e+01,-1.567313885550062480e+01,-7.632978006137909333e+00,-3.232291971777720363e+01,-3.129315613957954056e+01,-2.677778591068138425e+01,3.917062913281634806e+00,-1.298276209723379893e+01,-1.268201281822047477e+01,-1.718063101989693564e+01,-7.669873649779169966e+00
-4.063150303822660181e-01,-1.285421110934977840e+01,-3.577346599615056633e+00,-2.042577414758486753e+00,-1.987223810472626440e+01,-9.715656773461136098e+00,-1.423563767415534187e+01,-7.097354489944180500e+00,-3.160005360344082703e+01,-3.110289070007975454e+01,-2.516163194090448485e+01,4.203545446151435883e+00,-1.278465864172095223e+01,-1.247529185809583296e+01,-1.685044016968834057e+01,-7.213041636251833033e+00
1.202254974217416006e-01,-1.247540665513066216e+01,-2.915081636387920838e+00,-1.446655161891976960e+00,-1.941297237782733731e+01,-9.357373503263385572e+00,-1.286744680521150030e+01,-6.557415442612969159e+00,-3.085711805870028712e+01,-3.081604355788638827e+01,-2.353073101366070574e+01,4.548483580609747889e+00,-1.261355274101034496e+01,-1.210186470895907540e+01,-1.643736410572709872e+01,-6.652339735521407782e+00
6.567345617559432469e-01,-1.209652838502325878e+01,-2.286389735305267124e+00,-8.642380423835058778e-01,-1.894755445232741664e+01,-8.981681118838519495e+00,-1.163517406414623778e+01,-6.056314854063959530e+00,-3.015318702991235966e+01,-3.045557364330681338e+01,-2.197937148818940045e+01,4.928763887655483344e+00,-1.249402863172914380e+01,-1.158970667944893052e+01,-1.596021902885351551e+01,-6.010292483471477709e+00
1.179809523755061873e+00,-1.174237798187850146e+01,-1.725839158151533326e+00,-3.167377257186378969e-01,-1.850353043112797025e+01,-8.609986051653576666e+00,-1.058885739967050199e+01,-5.629879455566040747e+00,-2.953413603576414914e+01,-3.004443214596026834e+01,-2.058191502683040142e+01,5.321161274992705081e+00,-1.244477723002377445e+01,-1.097005681684836276e+01,-1.543775100498556796e+01,-5.308454007227368265e+00
1.669177496764418400e+00,-1.143405112298333570e+01,-1.261928948699699404e+00,1.786902719481453516e-01,-1.810307308692028272e+01,-8.260579056274005794e+00,-9.761365141285264002e+00,-5.305419694095109051e+00,-2.903205988883925670e+01,-2.960476357602185260e+01,-1.939180497145549964e+01,5.703292996878595922e+00,-1.247839636651282191e+01,-1.027587110354149225e+01,-1.488830095974339329e+01,-4.566756624589448421e+00
2.108827209213957055e+00,-1.118763552437023456e+01,-9.154406098926681778e-01,6.101239702804681642e-01,-1.776183916972442134e+01,-7.947622950581152423e+00,-9.168662610436243199e+00,-5.100637433213206506e+00,-2.866545902064937223e+01,-2.915663033673907734e+01,-1.844220172776721256e+01,6.054858855910350002e+00,-1.260099374138099293e+01,-9.539912760635353095e+00,-1.432926374998268315e+01,-3.802733970759322624e+00
2.487819047305738440e+00,-1.101333513052889934e+01,-6.982375276591366031e-01,9.713474149157574900e-01,-1.748808455558521757e+01,-7.680374384457033798e+00,-8.809133859949270118e+00,-5.022737583742138412e+00,-2.843834407680390797e+01,-2.871703079162011107e+01,-1.774497217228475421e+01,6.358423104822822580e+00,-1.281173496203248874e+01,-8.793043411048381941e+00,-1.377629604178309819e+01,-3.031353711382166694e+00
2.800670976999882988e+00,-1.091493092095375772e+01,-6.130502302884686117e-01,1.261705272855154103e+00,-1.728257729471726023e+01,-7.463122574608306081e+00,-8.666440591635605983e+00,-5.069187709555134091e+00,-2.834274319750208804e+01,-2.829958982266536083e+01,-1.729432051710343643e+01,6.599948317888112648e+00,-1.310394323607514622e+01,-8.062772719131144683e+00,-1.324321585845271088e+01,-2.265231337170419579e+00
3.047464090253910296e+00,-1.088970673986680993e+01,-6.534584800356579848e-01,1.485928905136909783e+00,-1.713879098315921112e+01,-7.295076751188391384e+00,-8.711593193985194716e+00,-5.228197964337226722e+00,-2.836027371723337609e+01,-2.791364637259015780e+01,-1.706944602054515059e+01,6.769637508731595865e+00,-1.346535145464786254e+01,-7.371627539878065960e+00,-1.274138264038105461e+01,-1.514241966788430815e+00
3.233614011835679758e+00,-1.092882243850328194e+01,-8.043687391746665583e-01,1.653603279975000895e+00,-1.704338360320716816e+01,-7.170492765917435563e+00,-8.904463357335128393e+00,-5.479407480021039945e+00,-2.846297693998985778e+01,-2.756360508294136480e+01,-1.703597140647333319e+01,6.862464306714042728e+00,-1.387833453815585472e+01,-6.735937075909157912e+00,-1.227900977700508989e+01,-7.855215666234429683e-01
3.369197363075082663e+00,-1.101819703562667740e+01,-1.043265784700471599e+00,1.778005103976857182e+00,-1.697718008189721317e+01,-7.079232781325366375e+00,-9.195699632245727173e+00,-5.795332711856186592e+00,-2.861440522652522134e+01,-2.724908734041067504e+01,-1.714738188517392814e+01,6.877972385701913716e+00,-1.432094372411142302e+01,-6.165218954558756792e+00,-1.186087919139134783e+01,-8.419297251144186589e-02
3.467826263861264025e+00,-1.113967541865438449e+01,-1.342249689581688443e+00,1.874666341387073221e+00,-1.691699889546602265e+01,-7.008085339545756298e+00,-9.532106258244091634e+00,-6.144137002147951776e+00,-2.877424922376151528e+01,-2.696570596754676075e+01,-1.735116507955338960e+01,6.820018249388077436e+00,-1.476905338468291617e+01,-5.662215945964073072e+00,-1.148886125470786723e+01,5.860932964751155438e-01
3.545592042169151803e+00,-1.127238414590521209e+01,-1.669766922463146841e+00,1.960272091764840408e+00,-1.683711320230085917e+01,-6.941522715915313668e+00,-9.858868419450349307e+00,-6.491311054151637450e+00,-2.889969702389247175e+01,-2.670497093200223304e+01,-1.759077652309194661e+01,6.696660928754976538e+00,-1.519698960960523237e+01,-5.222903847432773361e+00,-1.116154375970408452e+01,1.222929162048835838e+00
3.619707940179868189e+00,-1.139424205821499392e+01,-1.992947009250201518e+00,2.051140069669503685e+00,-1.671117540416991432e+01,-6.863072400129144768e+00,-1.012360382552491700e+01,-6.802308714489239350e+00,-2.894876556137742085e+01,-2.645554422161072239e+01,-1.780984834776246828e+01,6.519314170966060473e+00,-1.557943900289019723e+01,-4.837276636221222503e+00,-1.087477511894618232e+01,1.824360472522314147e+00
3.707025623100993705e+00,-1.148364224584013549e+01,-2.280113868703500302e+00,2.161636503987303115e+00,-1.651437740468772120e+01,-6.756791493313066610e+00,-1.028106588446580005e+01,-7.045343292030675997e+00,-2.888444067216232014e+01,-2.620447315534887878e+01,-1.795763022585314417e+01,6.301838177154016840e+00,-1.589348264923060583e+01,-4.490612891175521426e+00,-1.062247917182877188e+01,2.388373132779425312e+00
3.822600452223375189e+00,-1.152091969008741046e+01,-2.503063497399384829e+00,2.302954920464799660e+00,-1.622553094170337218e+01,-6.608689511812254835e+00,-1.029822301838214216e+01,-7.193997415925089456e+00,-2.867951093515365102e+01,-2.593849765633329341e+01,-1.799548301945506523e+01,6.059661524543195732e+00,-1.612052922176224712e+01,-4.165026566242520545e+00,-1.039773670861660904e+01,2.912486824536269836e+00
3.978645515797691878e+00,-1.148971913024844760e+01,-2.638630390652947355e+00,2.482499956937720853e+00,-1.582837036656224150e+01,-6.407450204060369359e+00,-1.015490376776889292e+01,-7.228111130848150268e+00,-2.831703776997076716e+01,-2.564458112079412899e+01,-1.789749613964430353e+01,5.809023950920160217e+00,-1.624649086055638136e+01,-3.840838180555808279e+00,-1.019280052639482648e+01,3.393690752479474604e+00
4.183508316489065848e+00,-1.137808920508646615e+01,-2.670335316882356480e+00,2.703172815684315111e+00,-1.531289573781704227e+01,-6.145456826113431248e+00,-9.846058358251017495e+00,-7.135460213722055300e+00,-2.779266629039840097e+01,-2.531133287732240333e+01,-1.765334675634523265e+01,5.565722360296436300e+00,-1.626309948201883770e+01,-3.498454834106638600e+00,-1.000002056508355963e+01,3.828067017360474278e+00
4.441059450392002006e+00,-1.117925649043453795e+01,-2.589255873926370910e+00,2.963339102404221048e+00,-1.467620802011140313e+01,-5.819284946969187189e+00,-9.382131702997810407e+00,-6.912294684406516510e+00,-2.711535135769779714e+01,-2.492974102550959969e+01,-1.726912420623713018e+01,5.344336734259591992e+00,-1.616811874011766648e+01,-3.120125612837490792e+00,-9.812419177000140991e+00,4.210875572277997136e+00
4.750435379357269561e+00,-1.089206917256231577e+01,-2.394224117926320616e+00,3.257121002389060216e+00,-1.392258652850814826e+01,-5.429748239693303447e+00,-8.786989176125096890e+00,-6.562709883614171957e+00,-2.630569991308798450e+01,-2.449357220333726559e+01,-1.676486027125152845e+01,5.157528622260311835e+00,-1.596475244906415369e+01,-2.691369019253382788e+00,-9.623734709794863562e+00,4.537058952677195833e+00
5.106226632273904720e+00,-1.052099605736632881e+01,-2.091379199870731398e+00,3.575124142921840331e+00,-1.306287973887092591e+01,-4.981436222653426782e+00,-8.093378680620482157e+00,-6.097270609629765303e+00,-2.539196079403426864e+01,-2.399951304378163996e+01,-1.616866381461678159e+01,5.015414652310898447e+00,-1.566031488096152913e+01,-2.202146719656084883e+00,-9.428142989187296763e+00,4.801807813574058947e+00
5.498639417401093077e+00,-1.007594248448924468e+01,-1.694008436442308252e+00,3.904791561075803052e+00,-1.211431918976805733e+01,-4.482915498631747653e+00,-7.342027003357937787e+00,-5.532969909659252394e+00,-2.440977724220731915e+01,-2.344835658501945375e+01,-1.551592370042148872e+01,4.924485849281854399e+00,-1.526682160330116744e+01,-1.648306456404544207e+00,-9.221396725482751577e+00,5.000237363373749133e+00
5.914203559511538089e+00,-9.571544628570755719e+00,-1.221266287582238874e+00,4.231641654178517342e+00,-1.109933574884291119e+01,-3.945968933735231943e+00,-6.577369109818320680e+00,-4.891280690830638989e+00,-2.339860310759369355e+01,-2.284457815353394494e+01,-1.484450615226545267e+01,4.887503623639110728e+00,-1.479942897475715924e+01,-1.032017235395828791e+00,-9.000570210972487217e+00,5.128080508069395194e+00
6.336570676449566619e+00,-9.026342210549959333e+00,-6.969793590282424844e-01,4.540115692129743863e+00,-1.004429404184687513e+01,-3.385023174962986658e+00,-5.843887389937901133e+00,-4.196604626509918390e+00,-2.239878781982761069e+01,-2.219661934133562653e+01,-1.419068317519785438e+01,4.902951303301953168e+00,-1.427564442370166375e+01,-3.622710719222670406e-01,-8.764385785118548711e+00,5.181864948829659312e+00
6.747434442085419093e+00,-8.461660234018667737e+00,-1.482918517534095315e-01,4.814463791635154699e+00,-8.978209338196862177e+00,-2.816613330504655011e+00,-5.184190147405214333e+00,-3.475174482698058398e+00,-2.145044148486687163e+01,-2.151700873822676030e+01,-1.358777632438162897e+01,4.964859850908741379e+00,-1.371503400905661252e+01,3.450139895004298296e-01,-8.513816998666392521e+00,5.158945128357119714e+00
7.127448166923906037e+00,-7.900368241778311429e+00,3.955645863887120584e-01,5.039420561702487866e+00,-7.931627617825357746e+00,-2.258951084295896194e+00,-4.638765380646919567e+00,-2.754186532998335935e+00,-2.059394141283129898e+01,-2.082247049011549223e+01,-1.306750610873264051e+01,5.062790380471533069e+00,-1.313927942488299294e+01,1.067497034639048437e+00,-8.252780329915431423e+00,5.057644089038273449e+00
7.457476157090379587e+00,-7.365542489504592005e+00,9.053005297074356861e-01,5.201398697279750571e+00,-6.934821173089151358e+00,-1.730715910302231819e+00,-4.242348334818863975e+00,-2.059614681998324315e+00,-1.986687210191966102e+01,-2.013245480266935772e+01,-1.265696457240984785e+01,5.182711431066363339e+00,-1.257024031115328455e+01,1.777760022108394011e+00,-7.987588249445227717e+00,4.877832311444254998e+00
7.719530197719175035e+00,-6.879245184447185579e+00,1.352895789005952309e+00,5.289001170359591164e+00,-6.016408745630531740e+00,-1.250493487276990834e+00,-4.022775828330779291e+00,-1.415200704669038245e+00,-1.930322589656185528e+01,-1.946880361931728132e+01,-1.237837615591636364e+01,5.307296376597473220e+00,-1.202959135764889353e+01,2.444552550770172417e+00,-7.726976634387028753e+00,4.620781547606969575e+00
7.897721728373645611e+00,-6.461362276172318175e+00,1.712925572698882348e+00,5.293558269537408378e+00,-5.202118797289628560e+00,-8.361120394708514425e-01,-4.000498396159478887e+00,-8.415187439820606130e-01,-1.893311243415350731e+01,-1.885466151146912495e+01,-1.224987503343710316e+01,5.416935250633092558e+00,-1.153808503103926242e+01,3.034554195512855657e+00,-7.481957254563116777e+00,4.289387208775814031e+00
7.979118428925946915e+00,-6.128576552267927191e+00,1.963899492701830063e+00,5.209562702319404437e+00,-4.513440800353572868e+00,-5.037225016008566314e-01,-4.186775397972869683e+00,-3.546389984608691037e-01,-1.878080647185618091e+01,-1.831299494986829757e+01,-1.228407990374969216e+01,5.490945659334804496e+00,-1.111417740550960787e+01,3.514500512591276049e+00,-7.265013356423491331e+00,3.888269059802636818e+00
7.954576538408923980e+00,-5.893550338968626789e+00,2.089573065697891252e+00,5.035119338573950998e+00,-3.966263615100766415e+00,-2.667223699586855901e-01,-4.580747758500997691e+00,3.532842685817527695e-02,-1.886117973365503531e+01,-1.786471487564359606e+01,-1.248434486337081495e+01,5.509093948925408490e+00,-1.077215647898987072e+01,3.853581964101103097e+00,-7.088708086203027392e+00,3.424162036409292842e+00
7.818845500788855318e+00,-5.764585504306433350e+00,2.078974438151069748e+00,4.771271729229574987e+00,-3.570600508468221079e+00,-1.358264802853401676e-01,-5.170959192603959309e+00,3.235341471673596203e-01,-1.918050938262371830e+01,-1.752848164093869698e+01,-1.284631283483123099e+01,5.452234614721767514e+00,-1.052261843874955360e+01,4.024933306943733413e+00,-6.965615604813756079e+00,2.905368253691467118e+00
7.570761245715115884e+00,-5.745377534282102516e+00,1.926739048401921117e+00,4.421933216583981086e+00,-3.330303924207202115e+00,-1.186007925029635146e-01,-5.935801398576149523e+00,5.104620760554023917e-01,-1.973583656987462120e+01,-1.731918373514601228e+01,-1.335799164883326284e+01,5.303841325836724963e+00,-1.037167098978108370e+01,4.007769498881787129e+00,-6.907337944128261853e+00,2.341807362514246371e+00
7.213195292772624612e+00,-5.835064517782862836e+00,1.632998121498405730e+00,3.993446187574088313e+00,-3.242950672718315275e+00,-2.192161889390487062e-01,-6.843771661657960692e+00,6.016484876843097851e-01,-2.051403472413394269e+01,-1.724692796011393980e+01,-1.399891469342853867e+01,5.051132523556329801e+00,-1.032029110702534069e+01,3.788806582787567656e+00,-6.923471613435399519e+00,1.744950202654731441e+00
6.752592895313781263e+00,-6.028587482531399644e+00,1.202726932520524983e+00,3.493765059938605866e+00,-3.300432457400534147e+00,-4.386721223078939857e-01,-7.856492928150363042e+00,6.063047011591429225e-01,-2.149354628458245031e+01,-1.731681681392547745e+01,-1.474275900502372849e+01,4.685774696678966400e+00,-1.036499118449884804e+01,3.363223631078400722e+00,-7.021373736419100453e+00,1.127318736261100796e+00
6.198220271977001872e+00,-6.317309449793468090e+00,6.445099409927053102e-01,2.931360127154765127e+00,-3.490177825271507217e+00,-7.754766469936047457e-01,-8.933552741234301209e+00,5.352515868489984285e-01,-2.264808421411563444e+01,-1.752931757549495018e+01,-1.556242531362823200e+01,4.204184958955384133e+00,-1.049920926494194973e+01,2.734783930791197193e+00,-7.206434157123617013e+00,5.016259219712573270e-01
5.561589644258406295e+00,-6.689714290054611823e+00,-3.002939336892929134e-02,2.314942369837190483e+00,-3.795946931970453520e+00,-1.225538169945281197e+00,-1.003447721217794708e+01,4.003369817057240709e-01,-2.394747381614036641e+01,-1.787933596039236761e+01,-1.643145135462227202e+01,3.608520259008444864e+00,-1.071290964982153682e+01,1.916272332791841393e+00,-7.481139589542532775e+00,-1.188519398023961671e-01
4.855726240236016622e+00,-7.132195544808369370e+00,-8.072242873763091353e-01,1.652786276636637464e+00,-4.198859501807758576e+00,-1.782514932005572206e+00,-1.112099894816705969e+01,2.132536554926804939e-01,-2.535890908132319765e+01,-1.835651364362684035e+01,-1.732528026244310126e+01,2.906665965283072417e+00,-1.099309554156460678e+01,9.290369717368793800e-01,-7.844642768351768325e+00,-7.206257247388494491e-01
4.094381886228503298e+00,-7.629893762210639530e+00,-1.672412944641843424e+00,9.522888740394579443e-01,-4.678676610785238665e+00,-2.438300535304552596e+00,-1.216041389192475464e+01,-1.589514828894245113e-02,-2.684966915643818197e+01,-1.894575964812518976e+01,-1.822432723031000279e+01,2.112026752897044002e+00,-1.132486479811036872e+01,-1.980200980838073832e-01,-8.292863253399126222e+00,-1.290437562502318336e+00
3.291375790589230022e+00,-8.167540146706738113e+00,-2.610621619786927639e+00,2.198309503484408012e-01,-5.214792565523266532e+00,-3.183129900324573214e+00,-1.312647700549814545e+01,-2.789164105062482690e-01,-2.838757153302443470e+01,-1.962747292621206086e+01,-1.911373164291704541e+01,1.243252047369692415e+00,-1.169154818587928091e+01,-1.429748035872108858e+00,-8.818153324743601473e+00,-1.815486510701841194e+00
2.460113376073882918e+00,-8.730256411709259368e+00,-3.606899061495997927e+00,-5.390439035865699502e-01,-5.786899163832265103e+00,-4.005518139464500749e+00,-1.399820388669632365e+01,-5.691682782061260326e-01,-2.993952475306879535e+01,-2.037770279339867585e+01,-1.998031047550869133e+01,3.237113309837111874e-01,-1.207424989056978148e+01,-2.726079346241483847e+00,-9.408689431666310554e+00,-2.283266122343534654e+00
1.613093473088401897e+00,-9.304203270246084401e+00,-4.647014890714201485e+00,-1.319853460378221044e+00,-6.375814091027411479e+00,-4.892642034211991842e+00,-1.476041034311225530e+01,-8.822267151165714694e-01,-3.147212806704553856e+01,-2.116973821683740908e+01,-2.081161785141769371e+01,-6.199347421217786813e-01,-1.245316774223508105e+01,-4.044131638459013800e+00,-1.004888995690907194e+01,-2.682195125684579295e+00
7.615606858466856810e-01,-9.877027717495407089e+00,-5.717800482878786283e+00,-2.118834981917948834e+00,-6.964253324984252203e+00,-5.830610145282266288e+00,-1.540409375597941732e+01,-1.215902058068705216e+00,-3.295259512623650977e+01,-2.197502405243050916e+01,-2.159576005565715917e+01,-1.558845360713433825e+00,-1.280829871641398299e+01,-5.340260935072748794e+00,-1.071987632924565048e+01,-3.001756764263946664e+00
-8.453021023118734156e-02,-1.043818568289201565e+01,-6.807090305762891091e+00,-2.932449813840883213e+00,-7.537027134175897203e+00,-6.804497109462424476e+00,-1.592467554603545743e+01,-1.569604535767574305e+00,-3.434773836498546729e+01,-2.276407084135858483e+01,-2.231857706149556009e+01,-2.463368516092685923e+00,-1.311968118307319742e+01,-6.571969276306143470e+00,-1.139970581492116963e+01,-3.232734480965185675e+00
-9.166319457450347041e-01,-1.097902230862043460e+01,-7.903908372156939421e+00,-3.757210840557781317e+00,-8.081462513980305573e+00,-7.798741808496142625e+00,-1.632215207683849556e+01,-1.944353476643803091e+00,-3.562525761162291360e+01,-2.350817654266951706e+01,-2.296389461030240398e+01,-3.304817043240386276e+00,-1.336876812167634654e+01,-7.700054619710236636e+00,-1.206445838115904934e+01,-3.367646734421538390e+00
-1.727562478484005570e+00,-1.149270733312698844e+01,-8.998615485518747903e+00,-4.589528441763141231e+00,-8.587726537357600165e+00,-8.797729929828632223e+00,-1.660218131319026469e+01,-2.342917680060610408e+00,-3.675630144995992055e+01,-2.418117877808968075e+01,-2.351579044513343675e+01,-4.057291148483840537e+00,-1.354016602520981039e+01,-8.690630297807228288e+00,-1.268979862389010194e+01,-3.401340537156620769e+00
-2.511350179103998492e+00,-1.197406318662560309e+01,-1.008268304333972587e+01,-5.425193331764363691e+00,-9.048912263446315052e+00,-9.786009040444668017e+00,-1.677613477530031361e+01,-2.769277066940754040e+00,-3.771720623426735131e+01,-2.476033190443007470e+01,-2.396048680925133567e+01,-4.698889731931413571e+00,-1.362241684433243449e+01,-9.516433524430183866e+00,-1.325208011467292479e+01,-3.331185976984293085e+00
-3.262747325635583007e+00,-1.241907705753881963e+01,-1.114806822164071676e+01,-6.258832672566329691e+00,-9.460477186152560947e+00,-1.074828207604483410e+01,-1.685904615804384932e+01,-3.227514867740003623e+00,-3.848916007785056337e+01,-2.522701136112137021e+01,-2.428546318745131316e+01,-5.212965244502491657e+00,-1.360824037204091397e+01,-1.015782638762228629e+01,-1.372914555295869832e+01,-3.157340961181890115e+00
-3.976907543837471692e+00,-1.282438493807074842e+01,-1.218706055743194483e+01,-7.083719613781180868e+00,-9.819931626671662528e+00,-1.166985036978793921e+01,-1.686982690812862984e+01,-3.721560765326235476e+00,-3.906022131432249012e+01,-2.556774465492817683e+01,-2.448197113725339591e+01,-5.589178941475399398e+00,-1.349552919964997599e+01,-1.060327781619197651e+01,-1.410145429022206542e+01,-2.882670318379385588e+00
-4.648885650584655416e+00,-1.318672360227000695e+01,-1.319167394009683214e+01,-7.891297405541950027e+00,-1.012614129265421958e+01,-1.253662806502317650e+01,-1.682962916540666498e+01,-4.254206890910148253e+00,-3.942527326897681661e+01,-2.577418952260907759e+01,-2.454526507692878567e+01,-5.823837860815867629e+00,-1.328718375845468103e+01,-1.084924193261594816e+01,-1.435279880357282423e+01,-2.512696988615219951e+00
-5.273208865514092736e+00,-1.350246154264582188e+01,-1.415302224397216513e+01,-8.670920713480480657e+00,-1.037847366101368252e+01,-1.333500857892183156e+01,-1.675887965607276797e+01,-4.825829428463535464e+00,-3.958441983969994737e+01,-2.584283468056230149e+01,-2.447287502968737272e+01,-5.920020309730494645e+00,-1.299043520679816410e+01,-1.089974822895305628e+01,-1.447070552607851113e+01,-2.055629418906394168e+00
-5.843504420525531984e+00,-1.376712582449155775e+01,-1.506101570783092569e+01,-9.409961883371122937e+00,-1.057592697200476373e+01,-1.405202040599986191e+01,-1.667469618039037726e+01,-5.433749986131740428e+00,-3.954143582981467375e+01,-2.577507286911394857e+01,-2.426266396717491247e+01,-5.887583183535271658e+00,-1.261637983538340535e+01,-1.076569480956825942e+01,-1.444675257509059918e+01,-1.522214296569327274e+00
-6.352467964000968692e+00,-1.397514127955846597e+01,-1.590450584042883442e+01,-1.009418133772901527e+01,-1.071682865081698388e+01,-1.467578713633749388e+01,-1.659109178506713533e+01,-6.072506471098748193e+00,-3.930471039180547166e+01,-2.557712208020542022e+01,-2.391475247922715397e+01,-5.742679535465672558e+00,-1.218017968245547777e+01,-1.046392183311450630e+01,-1.427741375312169225e+01,-9.256624631271743731e-01
-6.791690693333875650e+00,-1.411957322801121784e+01,-1.667103455967014014e+01,-1.070780619332031947e+01,-1.079805833457853836e+01,-1.519543819491397940e+01,-1.651660541896873724e+01,-6.733322278064714617e+00,-3.888501067832804381e+01,-2.525887524744523915e+01,-2.342951493124027351e+01,-5.506622283418594499e+00,-1.169964143228945375e+01,-1.001554679594724107e+01,-1.396374275685661814e+01,-2.812851464913435073e-01
-7.151889431644954165e+00,-1.419219419136921800e+01,-1.734728972910416900e+01,-1.123434663871990224e+01,-1.081495612497322689e+01,-1.560161514426863150e+01,-1.645432616784877311e+01,-7.404771766521617060e+00,-3.829545290146371173e+01,-2.483371159075943879e+01,-2.280824011422432918e+01,-5.204955071053727345e+00,-1.119491749338392239e+01,-9.444868763940966971e+00,-1.351161710544547034e+01,3.937660752670826270e-01
-7.423366624514221357e+00,-1.418370564500386344e+01,-1.791981025733603516e+01,-1.165751618960417701e+01,-1.076146309575197435e+01,-1.588700864563256232e+01,-1.640331751746229472e+01,-8.073871343998089145e+00,-3.755245109933014191e+01,-2.431811455495999041e+01,-2.205537272625555900e+01,-4.866294888448588374e+00,-1.068834895278425989e+01,-8.778137091297837813e+00,-1.293222656714911167e+01,1.080456191549510780e+00
-7.596623377746636763e+00,-1.408414737377396619e+01,-1.837576907547547833e+01,-1.196215064535109462e+01,-1.063066046855633573e+01,-1.604690564454287838e+01,-1.636119343833723150e+01,-8.727430746023426167e+00,-3.667752788951935372e+01,-2.373098938812255909e+01,-2.118223181655528009e+01,-4.520687088564067757e+00,-1.020413180185628121e+01,-8.042412313842648430e+00,-1.224220983497682269e+01,1.758404271258944052e+00
-7.662792020224823197e+00,-1.388337604637341371e+01,-1.870331167927020033e+01,-1.213471471030848292e+01,-1.041480343580475143e+01,-1.607908622682797528e+01,-1.632322249974796335e+01,-9.352146220478534389e+00,-3.569532223517455805e+01,-2.309219757727947808e+01,-2.020543988783988354e+01,-4.197669654778652060e+00,-9.766288311024368340e+00,-7.264072097404975281e+00,-1.146251708434396477e+01,2.406958798049897652e+00
-7.614503934657243178e+00,-1.357183357439170912e+01,-1.889257534741487987e+01,-1.216439361064477254e+01,-1.010611423545123699e+01,-1.598437793848534483e+01,-1.628450403468010421e+01,-9.936012541588041813e+00,-3.463436025256041972e+01,-2.242223980883873580e+01,-1.914866443864330137e+01,-3.924976890862516221e+00,-9.398312908100262320e+00,-6.468074597799466474e+00,-1.061822949829768703e+01,3.005344026064991514e+00
-7.446661098993175187e+00,-1.314140249635559599e+01,-1.893641266428194925e+01,-1.204377464971449641e+01,-9.697573472921270366e+00,-1.576682601042971399e+01,-1.624109552628710418e+01,-1.046920280404501646e+01,-3.352670522779704498e+01,-2.174127872994080590e+01,-1.804288431690896388e+01,-3.727004712266510644e+00,-9.122101874057463533e+00,-5.677308053969291279e+00,-9.737797687409226910e+00,3.533129507633083310e+00
-7.156977559379393838e+00,-1.258613321713407629e+01,-1.883072535051613272e+01,-1.176921486949006734e+01,-9.183356045035889537e+00,-1.543338650536689727e+01,-1.618935506960943371e+01,-1.094407201394677642e+01,-3.240557865445463648e+01,-2.106790944717783631e+01,-1.692360108548371045e+01,-3.623137987154511741e+00,-8.955973807591689706e+00,-4.911824297278954532e+00,-8.851463600983642266e+00,3.971556654935753716e+00
-6.746478175446613434e+00,-1.190311483945005655e+01,-1.857476798094738868e+01,-1.134120696688687957e+01,-8.559275436447499885e+00,-1.499355979906714609e+01,-1.612423514007871006e+01,-1.135498180526424150e+01,-3.130181791539120084e+01,-2.041834706268973676e+01,-1.582588033638027269e+01,-3.626762932483307722e+00,-8.912991137043249523e+00,-4.188552717242043144e+00,-7.989738773493662904e+00,4.304177745913578157e+00
-6.220182795481938420e+00,-1.109327158884984144e+01,-1.817195959214063450e+01,-1.076506869384693132e+01,-7.823900944267305313e+00,-1.445967967662582510e+01,-1.604155717421128458e+01,-1.169951001566316329e+01,-3.024451876492182834e+01,-1.980673302154989202e+01,-1.478478003576480404e+01,-3.745004848453349133e+00,-9.001268946575313734e+00,-3.521627988267537646e+00,-7.182932747992015976e+00,4.517095630789016880e+00
-5.587306885134420753e+00,-1.016194441992170283e+01,-1.762984173194870863e+01,-1.005070757834067052e+01,-6.979021296351829662e+00,-1.384639113994800397e+01,-1.593697132564829744e+01,-1.197793643175432443e+01,-2.925843082134403517e+01,-1.924427681568300486e+01,-1.383153300362098292e+01,-3.978080996449701701e+00,-9.222628526104038826e+00,-2.922360473921713719e+00,-6.459595546186367443e+00,4.599880316246008682e+00
-4.861408872247403146e+00,-9.119320815391628088e+00,-1.696024536395906779e+01,-9.212732948363761665e+00,-6.030213986661200565e+00,-1.317038877293368415e+01,-1.580613394430727681e+01,-1.219328287950952827e+01,-2.836284822076465417e+01,-1.873955186406920959e+01,-1.299132533277200707e+01,-4.319739474316198091e+00,-9.572524780030212455e+00,-2.399731275445212475e+00,-5.845521871262757685e+00,4.545908750700101919e+00
-4.060325101694378880e+00,-7.980630342914891706e+00,-1.617935049054012353e+01,-8.270307175440835934e+00,-4.987434438785211199e+00,-1.245018670224596136e+01,-1.564610038991734697e+01,-1.235147203365925073e+01,-2.757208664373593976e+01,-1.829889104128421806e+01,-1.228321359946860269e+01,-4.757920850947053637e+00,-1.004071912733879834e+01,-1.960995631995431587e+00,-5.363273893054149255e+00,4.352527409718098816e+00
-3.205949561900096612e+00,-6.766047364954832943e+00,-1.530772235548900895e+01,-7.246991391238495339e+00,-3.865612198620442364e+00,-1.170604063515454385e+01,-1.545828730338931756e+01,-1.246179903822646828e+01,-2.689800412515681671e+01,-1.792721129326674401e+01,-1.172309371261504296e+01,-5.275822205944719734e+00,-1.061270069421943418e+01,-1.612369145867416975e+00,-5.032093279263737173e+00,4.021134253452867569e+00
-2.323475319529634930e+00,-5.500248871689626284e+00,-1.436936603672639912e+01,-6.169623334351740596e+00,-2.684319343157815396e+00,-1.095897832066830091e+01,-1.524723795765396339e+01,-1.253541375761636090e+01,-2.634859911383049891e+01,-1.762751166144264658e+01,-1.132167168367672261e+01,-5.852655487574011772e+00,-1.126935216479794732e+01,-1.359069431370441450e+00,-4.866723786109496075e+00,3.557682321596440822e+00
-1.440594171803240009e+00,-4.211781071328656090e+00,-1.339119112626594799e+01,-5.067707054909306841e+00,-1.467556656446042496e+00,-1.023039129891706622e+01,-1.502137770441337850e+01,-1.258496622666062414e+01,-2.592901040081034481e+01,-1.740163831755820567e+01,-1.108528511486183987e+01,-6.465300460484450618e+00,-1.198833364928746370e+01,-1.205704430234805002e+00,-4.877181253447897546e+00,2.972436431838317628e+00
-5.864768476025261634e-01,-2.932094307907628039e+00,-1.240217002288914649e+01,-3.972337770200150775e+00,-2.432540352938055150e-01,-9.541474101888150372e+00,-1.479360427023568469e+01,-1.262390181528562572e+01,-2.564278511198801880e+01,-1.725056028786762852e+01,-1.101737968849059257e+01,-7.089621243654464777e+00,-1.274529664680190244e+01,-1.156351541487925516e+00,-5.068508909413711905e+00,2.280014951605179085e+00
2.095660771598217842e-01,-1.694333477883139150e+00,-1.143204023526947921e+01,-2.914868174685447677e+00,9.578912183102099576e-01,-8.912269178300366690e+00,-1.457963587728324484e+01,-1.266487026544979955e+01,-2.549110506354710282e+01,-1.717420693275667176e+01,-1.111742863453102359e+01,-7.701694873125883412e+00,-1.351435295679269544e+01,-1.214317128894517595e+00,-5.440240190548808030e+00,1.499242190921360240e+00
9.195795232854953039e-01,-5.319605416681354448e-01,-1.050973826688056434e+01,-1.925425407788308618e+00,2.104007706374086517e+00,-8.360464422738200341e+00,-1.439447081412970775e+01,-1.271788716829154176e+01,-2.547021081505202034e+01,-1.717102030746233154e+01,-1.137731687465996089e+01,-8.278934778821177787e+00,-1.426809859569230809e+01,-1.381545347665110057e+00,-5.985670122295557505e+00,6.530817595419047272e-01
1.518146948329094803e+00,5.226478243577517002e-01,-9.662664770476455445e+00,-1.032137349557633588e+00,3.163093635882971988e+00,-7.901214442184896214e+00,-1.425290747784470113e+01,-1.279046410382161625e+01,-2.557310682588851236e+01,-1.723894919495575451e+01,-1.178332263886274411e+01,-8.801742580188502529e+00,-1.497990069946710534e+01,-1.658594749469987306e+00,-6.692652623786491617e+00,-2.323741671028689559e-01
1.983683584317679660e+00,1.439690278479943242e+00,-8.915426726744691166e+00,-2.597571903582220898e-01,4.104614583540154626e+00,-7.546397565193782242e+00,-1.416775217214238225e+01,-1.288644177239907584e+01,-2.578907356964805331e+01,-1.737493924824445557e+01,-1.231568610049378520e+01,-9.254166122512893722e+00,-1.562443152435836957e+01,-2.043982021186494080e+00,-7.543587134088427959e+00,-1.128337372681508022e+00
2.299554233636479150e+00,2.193333753927056762e+00,-8.288833641800401608e+00,3.712830492715024633e-01,4.901007319777480831e+00,-7.304143448588651388e+00,-1.414814121603708230e+01,-1.300546995587106380e+01,-2.610324525037808741e+01,-1.757503926286285534e+01,-1.294816495617568819e+01,-9.624771202480902232e+00,-1.617860148536525600e+01,-2.533766170564498488e+00,-8.515875588582410671e+00,-2.004304674633025307e+00
2.454827884732499577e+00,2.762920840887573171e+00,-7.799314446994875638e+00,8.454524909087250961e-01,5.528822446397869683e+00,-7.178783929577644329e+00,-1.419986959813557448e+01,-1.314355882052895019e+01,-2.649820143444864584e+01,-1.783472874080101533e+01,-1.365044735284002719e+01,-9.907203018976513675e+00,-1.662309270415262574e+01,-3.121277467239494285e+00,-9.583096740298039151e+00,-2.829286187085738202e+00
2.444725969255557629e+00,3.134034075391686436e+00,-7.458721152091652762e+00,1.152339495907249933e+00,5.969515278123756374e+00,-7.171142787840061317e+00,-1.432748858759932453e+01,-1.329426148494466631e+01,-2.695730608379985327e+01,-1.814954844042622994e+01,-1.439311511932491072e+01,-1.010056194763349069e+01,-1.694432926296050468e+01,-3.797264338993157295e+00,-1.071666694596419944e+01,-3.573225516452962491e+00
2.270950618549171462e+00,3.299312579617542873e+00,-7.273682964886347690e+00,1.287350013373474766e+00,6.210586771937998130e+00,-7.278291163031557431e+00,-1.453345426204839264e+01,-1.344847777183695392e+01,-2.746497246135811565e+01,-1.851428900059298854e+01,-1.514890498115868311e+01,-1.020870025580486029e+01,-1.713417928145515035e+01,-4.549494410727901617e+00,-1.188651538964619014e+01,-4.207621398131923485e+00
1.941556456623832805e+00,3.258835736971734676e+00,-7.245591024393188917e+00,1.251581723206539376e+00,6.246175671653930728e+00,-7.493881081362934182e+00,-1.481821272761936470e+01,-1.359537628914362273e+01,-2.800755049310008360e+01,-1.892324006193049257e+01,-1.589428342299252961e+01,-1.023995827360064048e+01,-1.719052552621703356e+01,-5.363021146546530282e+00,-1.306232114156875213e+01,-4.706989547095195903e+00
1.470389567859315960e+00,3.020133131768617751e+00,-7.370903854685892931e+00,1.051521640364827981e+00,6.077175874088403873e+00,-7.808721388316299361e+00,-1.518153258449248355e+01,-1.372369757534940682e+01,-2.857524749707367562e+01,-1.937026400475312116e+01,-1.661251631990987221e+01,-1.020643699473279042e+01,-1.711773142761643385e+01,-6.220501913401731642e+00,-1.421487204553353401e+01,-5.050006614771515245e+00
8.763978079190732906e-01,2.597896335799564582e+00,-7.641230729527931587e+00,6.988044059834832566e-01,5.711382249349083118e+00,-8.211041932145398903e+00,-1.562184802712068077e+01,-1.382230954336751871e+01,-2.916172031923149532e+01,-1.984837921946449057e+01,-1.729360491644173692e+01,-1.012288274344058614e+01,-1.692588326639932816e+01,-7.102528176155241013e+00,-1.531693744979697058e+01,-5.220648769524446564e+00
1.827460263336027069e-01,2.013320023717489526e+00,-8.043493978755897444e+00,2.098474006845894024e-01,5.163601980443046635e+00,-8.686606541165325268e+00,-1.613381411204982641e+01,-1.388011146462496015e+01,-2.976153200846772506e+01,-2.034906060176971465e+01,-1.793097441042914397e+01,-1.000523314296043509e+01,-1.662906971709250215e+01,-7.988113138402253455e+00,-1.634358797611679393e+01,-5.208753928372470199e+00
