1.850965119764957478e+01,1.513728048713783458e+01,9.297379068599513019e+00,1.185525261035408562e+01,1.488991971703707762e+01,1.939073584378242288e+00,-3.372152211722161042e+01,5.760532729282478392e+00,-6.992645394821543903e+01,-1.394004724274473972e+01,-8.374385604838022346e+01,7.113468153005953809e+00,-3.240585664019603485e+01,1.107085523963494467e+00,-1.431697370402960701e+01,3.401649871902419520e+00
1.871829647569551369e+01,1.542260165521476623e+01,9.668858276049697054e+00,1.211632404864652557e+01,1.472711104984228925e+01,2.471551717573268192e+00,-3.366961900701347332e+01,5.964297370043283308e+00,-6.997374162236371831e+01,-1.355149046993918205e+01,-8.504162197890507002e+01,7.124889534769003774e+00,-3.183413954565739346e+01,1.919466465106879127e+00,-1.355035399669995044e+01,4.277102609080248641e+00
1.855436826823189023e+01,1.532906781391626971e+01,9.675088915684870727e+00,1.205399966755963348e+01,1.429434821471894779e+01,2.719714669546439367e+00,-3.323254512043882158e+01,6.061385593147262441e+00,-6.958430038142500962e+01,-1.337452516164398730e+01,-8.556237977240260761e+01,6.850986774207992624e+00,-3.144382938022573626e+01,2.410031843865169776e+00,-1.301109008139279766e+01,4.873413907572622605e+00
1.804417245591957908e+01,1.487809921663648360e+01,9.332114031296466550e+00,1.168307006342316079e+01,1.361926619818484951e+01,2.689561962272755125e+00,-3.240203977725064277e+01,6.061139551049398833e+00,-6.875652748497394384e+01,-1.340941495985388343e+01,-8.527087640218749698e+01,6.299553164893754165e+00,-3.124749439679462881e+01,2.574060232873794263e+00,-1.271824227182496259e+01,5.141472512213312029e+00
1.723247549787859612e+01,1.410975981455361428e+01,8.672650207419421164e+00,1.103416673371278023e+01,1.274283760312383684e+01,2.402115914370584804e+00,-3.118534828137491388e+01,5.979326502730952342e+00,-6.750448282209427475e+01,-1.364548191216499617e+01,-8.416062572002608988e+01,5.491626695844539441e+00,-3.124708384950585582e+01,2.421972085393903740e+00,-1.267775492896581824e+01,5.047312672427908709e+00
1.618007333730638564e+01,1.308036333590098010e+01,7.744591217461260335e+00,1.015224861023011371e+01,1.171711155727923526e+01,1.892358135487626214e+00,-2.960347820803538355e+01,5.837328191106259112e+00,-6.585548156305274858e+01,-1.406106401967537067e+01,-8.225160448517453915e+01,4.460886024649751036e+00,-3.143281118368442151e+01,1.978669330457693221e+00,-1.288151463645726835e+01,4.575181595944613377e+00
1.496032276200898714e+01,1.185907802960630164e+01,6.608397439186342481e+00,9.093943865632002854e+00,1.060213605286285343e+01,1.207085977087608342e+00,-2.768921844980601321e+01,5.660574442767593695e+00,-6.384752315548132628e+01,-1.462484844534226625e+01,-7.958706446058151585e+01,3.251911845333146367e+00,-3.178348008619249043e+01,1.281730624016661935e+00,-1.330765173342845031e+01,3.729211992146659327e+00
1.365469106356614759e+01,1.052370659428820510e+01,5.333335454292088329e+00,7.923849451782739806e+00,9.462005116730008325e+00,4.015932922724143594e-01,-2.548761540832431649e+01,5.475795915981912287e+00,-6.152972318817054997e+01,-1.529821159284850296e+01,-7.623359329499049863e+01,1.917740326658830430e+00,-3.226880506262711634e+01,3.787537764946264929e-01,-1.392234701401334718e+01,2.533721421845871902e+00
1.234777291162309609e+01,9.156023475445598692e+00,3.993218253176868515e+00,6.710497003262011262e+00,8.360566002636760530e+00,-4.641591608374042721e-01,-2.305747192304584203e+01,5.307997822546791866e+00,-5.896402565957011177e+01,-1.603792179035063725e+01,-7.228279872666924177e+01,5.170608161901060207e-01,-3.285247063602154327e+01,-6.755964988177005637e-01,-1.468247166741842236e+01,1.032366862249599393e+00
1.112240279598981729e+01,7.836942503946542793e+00,2.662625093030799306e+00,5.522548107505357962e+00,7.357673329289885267e+00,-1.329031891388144260e+00,-2.046777953119447346e+01,5.179204406646004344e+00,-5.622154630525676566e+01,-1.679810254844244355e+01,-6.784637632653198125e+01,-8.885460919037372340e-01,-3.349315492901226321e+01,-1.822777391059691610e+00,-1.553758321780696861e+01,-7.135528932354304743e-01
1.005469546337033293e+01,6.641733123947303419e+00,1.412551901569777613e+00,4.424591859513419934e+00,6.505454048522779864e+00,-2.134693984373274844e+00,-1.779606449055315665e+01,5.106290186225141525e+00,-5.338113830357913514e+01,-1.753323132757808622e+01,-6.305331012443308225e+01,-2.237973600362654913e+00,-3.414766377592248148e+01,-3.003542841009075204e+00,-1.643313307918584343e+01,-2.628430321003872194e+00
9.209431916627757175e+00,5.635599053108436784e+00,3.062696180637463073e-01,3.473289806478947916e+00,5.844891920388599615e+00,-2.829466578585066117e+00,-1.512714379381851160e+01,5.099021855523682589e+00,-5.052859553157610151e+01,-1.820099043889707957e+01,-5.804767445231817646e+01,-3.473780195073111976e+00,-3.477420324254939032e+01,-4.161247691870300969e+00,-1.731402747478313842e+01,-4.626487356149635133e+00
8.636331223792639733e+00,4.869906763108962977e+00,-6.037427457232453776e-01,2.714313691471187617e+00,5.403534771363457168e+00,-3.371207817517966276e+00,-1.254840443309847586e+01,5.159753392806100791e+00,-4.775206942580810221e+01,-1.876419494873483984e+01,-5.298172079688731628e+01,-4.544922691405040460e+00,-3.533392616237551209e+01,-5.244678598713072404e+00,-1.812746119074069640e+01,-6.616430736755940956e+00
8.367363066190236509e+00,4.379376368502052586e+00,-1.278148367687062859e+00,2.180003738504433741e+00,5.194334400213508118e+00,-3.729392550714283772e+00,-1.014305804662471644e+01,5.284120149026980684e+00,-4.513533431534143858e+01,-1.919240348677781327e+01,-4.800570068360784148e+01,-5.409106743362727343e+00,-3.579194825915350009e+01,-6.210432278330728195e+00,-1.882527016187756175e+01,-8.506377100612837694e+00
8.414788597784559343e+00,4.180159848920348864e+00,-1.693090391877330347e+00,1.887232271766047909e+00,5.214641311967131543e+00,-3.887316691934316282e+00,-7.988623147445306216e+00,5.460226947035318190e+00,-4.275664224263820756e+01,-1.946445730585432443e+01,-4.326419207075649354e+01,-6.035250146333880572e+00,-3.612092960788530860e+01,-7.025088107300948792e+00,-1.936740257927742093e+01,-1.020955908560040015e+01
8.770659686841479896e+00,4.269214169841889728e+00,-1.840996821581477150e+00,1.836910331547816799e+00,5.446603216903191935e+00,-3.842759184332123823e+00,-6.153084335998013188e+00,5.669702641210447425e+00,-4.068511018611320651e+01,-1.956915345576121723e+01,-3.888979198451849584e+01,-6.404649518383996210e+00,-3.630198874168657852e+01,-7.666321235704355530e+00,-1.972395331083402681e+01,-1.164908839303843635e+01
9.407635122523526405e+00,4.624877950643465851e+00,-1.730341445359101726e+00,2.014360557269461172e+00,5.858631735427875853e+00,-3.607671645814360062e+00,-4.690908470724600932e+00,5.889294644299495118e+00,-3.897675833572337467e+01,-1.950559913474384643e+01,-3.499640887882323170e+01,-6.511639544736524066e+00,-3.632528631652567697e+01,-8.123455974247157485e+00,-1.987650753514027713e+01,-1.276237882161558090e+01
1.028073144190828536e+01,5.208544140736342420e+00,-1.384961223889494164e+00,2.390266275582443978e+00,6.407306487315834076e+00,-3.207353171953258197e+00,-3.642554323434954000e+00,6.091925828563202749e+00,-3.767447528121165590e+01,-1.928370092452660600e+01,-3.167741082367795968e+01,-6.363777982229388286e+00,-3.619146576504523694e+01,-8.397707515798632727e+00,-1.981969830464268867e+01,-1.350491444766514348e+01
1.133012662947776583e+01,5.967333371386758678e+00,-8.426594092680765868e-01,2.922441672156055326e+00,7.039744484889578047e+00,-2.679072375174641252e+00,-3.036665858853311306e+00,6.247600727725293623e+00,-3.681072313025782705e+01,-1.892409618298958662e+01,-2.900781123877484902e+01,-5.981309033243919160e+00,-3.591297373275540394e+01,-8.501568320645290555e+00,-1.956220073315869357e+01,-1.385295063940852245e+01
1.248515729296856236e+01,6.837765954515969469e+00,-1.520750920197375677e-01,3.559161377111604629e+00,7.697202235022019501e+00,-2.068912423909683440e+00,-2.888450852880787068e+00,6.326350956955569593e+00,-3.640597467441349977e+01,-1.845591404833515980e+01,-2.704202441068147778e+01,-5.395257509057442391e+00,-3.551184733551599493e+01,-8.457078479994571296e+00,-1.912551196310160151e+01,-1.380437065506114180e+01
1.366882129487197695e+01,7.749945708115840937e+00,6.305448366836117202e-01,4.242505324125840360e+00,8.318832502816711383e+00,-1.428587261815536635e+00,-3.199666653614233525e+00,6.300453259194041422e+00,-3.646869222841120006e+01,-1.791510412840001720e+01,-2.581350099530760644e+01,-4.645574236610150898e+00,-3.501846530538860947e+01,-8.293988677980404844e+00,-1.854261901325590856e+01,-1.337872975567332645e+01
1.480256637489985927e+01,8.632087623526739861e+00,1.444839632851143918e+00,4.912074999004120812e+00,8.845316002130921618e+00,-8.121133517247258737e-01,-3.960386977060153413e+00,6.146175786602251279e+00,-3.699716649739281138e+01,-1.734244152999794153e+01,-2.533685964365187715e+01,-3.778784428062652800e+00,-3.447012016808058377e+01,-8.047621652125911851e+00,-1.785630072947985880e+01,-1.261605172391652019e+01
1.581151392586142812e+01,9.415314216310003204e+00,2.230709910597123979e+00,5.509355033038938032e+00,9.222927243954265109e+00,-2.715457059112758031e-01,-5.147956201232961604e+00,5.846628009795221459e+00,-3.797802199646811516e+01,-1.678009664672414658e+01,-2.560645599624506019e+01,-2.844770865281578409e+00,-3.390727944258762960e+01,-7.755961706045439996e+00,-1.711574614694480800e+01,-1.157395663446402168e+01
1.662936287782109801e+01,1.003804867153557723e+01,2.932711455869277728e+00,5.981856781659131705e+00,9.407500425704228064e+00,1.471988922724101201e-01,-6.723948612106752876e+00,5.394685689590829725e+00,-3.938228018426124777e+01,-1.626815736225047715e+01,-2.659177317623128545e+01,-1.893596371290638736e+00,-3.336899039514316456e+01,-7.456722234693614837e+00,-1.637248796111688165e+01,-1.032360509011694916e+01
1.720238258231428219e+01,1.044976308494014106e+01,3.503102679361377980e+00,6.285991714937194885e+00,9.367005444540456693e+00,4.071246705128714893e-01,-8.635513253300103997e+00,4.793461665698160346e+00,-4.116602272450246858e+01,-1.584294843520461882e+01,-2.823798201418961185e+01,-9.732220297839329071e-01,-3.289124027643085668e+01,-7.185266296971590805e+00,-1.567777969298788321e+01,-8.945834619430090839e+00
1.749282509816575271e+01,1.061415888374401462e+01,3.904988039392472743e+00,6.390146236557434634e+00,9.083708249788497113e+00,4.829246645842708574e-01,-1.081610581738732435e+01,4.057082083146896778e+00,-4.327034745585626752e+01,-1.553420060398881475e+01,-3.046614255491942913e+01,-1.266869316504979359e-01,-3.250384772294641778e+01,-6.972059666417425916e+00,-1.507903494412830980e+01,-7.526115250287297442e+00
1.748136477644460740e+01,1.051138768832473502e+01,4.114694443077887342e+00,6.276806745648789487e+00,8.555573009412528407e+00,3.630106870060352264e-01,-1.318532841739829564e+01,3.211068406897616967e+00,-4.562015495772271834e+01,-1.536281404779241200e+01,-3.317207961436298547e+01,6.101593904013487002e-01,-3.222746860643727729e+01,-6.840745785088220288e+00,-1.461647288287411328e+01,-6.149436354290820361e+00
1.716804816931491473e+01,1.013906921749464907e+01,4.122717866302686218e+00,5.943249970538015958e+00,7.796253934486114368e+00,5.001355850277988679e-02,-1.565208600189929911e+01,2.290826865505618315e+00,-4.812669296390490103e+01,-1.534020831110451866e+01,-3.622962034534000964e+01,1.209947385359146699e+00,-3.207289523337755810e+01,-6.807042825968320443e+00,-1.432104703046123717e+01,-4.895676762787154246e+00
1.657201349660727274e+01,9.512191019577917572e+00,3.933566974716816489e+00,5.401220563909580719e+00,6.833843807838181128e+00,-4.398068119640186069e-01,-1.812017768359491043e+01,1.339011624011195778e+00,-5.069280541294642717e+01,-1.546830861578612115e+01,-3.949768942780310965e+01,1.654507932760819200e+00,-3.204157180994585019e+01,-6.878176382336821604e+00,-1.421343132573650792e+01,-3.835546199429344938e+00
1.573018002783975255e+01,8.662076312157836355e+00,3.565281967544619235e+00,4.676316398578980404e+00,5.709124845308737761e+00,-1.077450511150928492e+00,-2.049207983710211778e+01,4.035347535269817598e-01,-5.321640403798301122e+01,-1.573895443059012678e+01,-4.282583441028430116e+01,1.935657237790170848e+00,-3.212496530528937200e+01,-7.052490852238889829e+00,-1.430272142358835197e+01,-3.026594652608871172e+00
1.469480410149763649e+01,7.634226411410162783e+00,3.047915005927471555e+00,3.806122426023839544e+00,4.473117941731475256e+00,-1.823154270785337872e+00,-2.267202359278755353e+01,-4.650697943934343215e-01,-5.559326811208977404e+01,-1.613464422808490895e+01,-4.605875281379047692e+01,2.054783000601188903e+00,-3.230501091459468199e+01,-7.319809779427298935e+00,-1.458596960271047038e+01,-2.510456195397630097e+00
1.352988882294231310e+01,6.485220708754662944e+00,2.420836109952306359e+00,2.837407842191296936e+00,3.183606377888969163e+00,-2.629457627061324132e+00,-2.457130810088150952e+01,-1.217321045546855274e+00,-5.772263961392187070e+01,-1.663028482187839074e+01,-4.904409347008251530e+01,2.021786699227329898e+00,-3.255634165537055935e+01,-7.662751059832590528e+00,-1.504910490939269607e+01,-2.311426297396938168e+00
1.230710474321122483e+01,5.279089219725794813e+00,1.730063432711393290e+00,1.823236180881338875e+00,1.901636432470056093e+00,-3.444252269228922358e+00,-2.611155048789265010e+01,-1.807477044457808546e+00,-5.951075748966341905e+01,-1.719440211405041907e+01,-5.163809282954738933e+01,1.854041231454963246e+00,-3.284757790899572427e+01,-8.057850409328860763e+00,-1.566778024648875345e+01,-2.435574927024500624e+00
1.110138430847774060e+01,4.083291886236219526e+00,1.025388621210895579e+00,8.197903932445163022e-01,6.881673964158245838e-01,-4.213846299863881484e+00,-2.722503151445208402e+01,-2.195479196536368249e+00,-6.087133976836072691e+01,-1.779059325509025768e+01,-5.370722505497440125e+01,1.574998916170820662e+00,-3.314211333129470916e+01,-8.477008491404479429e+00,-1.640824531022438038e+01,-2.870675766312455579e+00
9.986128271692994218e+00,2.964412354736456479e+00,3.567221897740324721e-01,-1.176184855898068093e-01,-3.995778147931936530e-01,-4.886764955453223536e+00,-2.785678993926833868e+01,-2.349991115012748821e+00,-6.172821249202509364e+01,-1.838055886689151919e+01,-5.513172856820901302e+01,1.211754267274215868e+00,-3.340130386041741417e+01,-8.889770906448717369e+00,-1.722992793167037462e+01,-3.588200078104339497e+00
9.028557610303158398e+00,1.984017587337314703e+00,-2.294392996108474136e-01,-9.380129878802812016e-01,-1.311699908375961954e+00,-5.417333960834891826e+00,-2.796783733329343846e+01,-2.250902179536092618e+00,-6.201948066576022711e+01,-1.892656037722329643e+01,-5.581129919861572830e+01,7.930621534349326929e-01,-3.358758981776850305e+01,-9.265355096490928588e+00,-1.808818064848769325e+01,-4.545763898286715232e+00
8.285679062010272489e+00,1.194992979845538983e+00,-6.929068827676161391e-01,-1.597780748994514610e+00,-2.008345565301913993e+00,-5.768530496633673010e+00,-2.753572892315941090e+01,-1.890494175902576401e+00,-6.169895476006792023e+01,-1.939353589277237688e+01,-5.566744168663544201e+01,3.474311424719092045e-01,-3.366652091092930732e+01,-9.574594444872218446e+00,-1.893668088865850052e+01,-5.690034830562630930e+00
7.800769668707864923e+00,6.384286550779052494e-01,-1.002697684033668324e+00,-2.063581348840549889e+00,-2.461998443782853485e+00,-5.914691175684875901e+00,-2.655650565371856331e+01,-1.274739581508715247e+00,-6.073931960176581413e+01,-1.975192252800164283e+01,-5.464761015173870362e+01,-9.909151659599446660e-02,-3.360997835260192801e+01,-9.792067208359156893e+00,-1.973064693957683602e+01,-6.960582945201728933e+00
7.600690772390030325e+00,3.412645858790341880e-01,-1.139416735709275486e+00,-2.314633236107371594e+00,-2.659310482476854531e+00,-5.843639443976130110e+00,-2.504807740982614916e+01,-4.243707689069147193e-01,-5.913703238633345904e+01,-1.998016569022687605e+01,-5.273171899971703169e+01,-5.246806477282617287e-01,-3.339949937705177518e+01,-9.897908791957668484e+00,-2.043017811603303358e+01,-8.293789055400175414e+00
7.694316759655347226e+00,3.149217756095219478e-01,-1.096627175399033760e+00,-2.343876282060493921e+00,-2.601978789759307631e+00,-5.557678608160660616e+00,-2.305283868745258502e+01,6.254015652405460202e-01,-5.691660109652491428e+01,-2.006610736878425172e+01,-4.993836154830481178e+01,-9.127800978217095462e-01,-3.302835844557753830e+01,-9.879109223337390944e+00,-2.100290625952944623e+01,-9.626622314199074992e+00
8.072234992191852143e+00,5.549363478878295286e-01,-8.810424908157017398e-01,-2.158188388056472728e+00,-2.306265315109319758e+00,-5.073337759778251410e+00,-2.063609438054263023e+01,1.826791195680555369e+00,-5.413018067604861017e+01,-2.000766466864300241e+01,-4.632518103638149398e+01,-1.252838487465030237e+00,-3.250175480645609127e+01,-9.730332979135408067e+00,-2.142555187131100070e+01,-1.090021835695708674e+01
8.707575726524801496e+00,1.041646018577430777e+00,-5.121212371515806439e-01,-1.777815474969614229e+00,-1.801890835389874823e+00,-4.420497995556083026e+00,-1.788566510266245402e+01,3.121339797848934339e+00,-5.085850271378811271e+01,-1.981328318159748392e+01,-4.199055502881604696e+01,-1.540610438238598778e+00,-3.183743009264581758e+01,-9.454133376442896974e+00,-2.168531979719337954e+01,-1.206293871828361830e+01
9.557872737440739286e+00,1.741736306980037341e+00,-2.066514215924009079e-02,-1.234846498568515472e+00,-1.130149688769870764e+00,-3.640491585678482522e+00,-1.490988556033054380e+01,4.442812556656243750e+00,-4.720981802900962521e+01,-1.950118624887306851e+01,-3.707288725380159633e+01,-1.777659361978463526e+00,-3.106477839230321081e+01,-9.060704593773721172e+00,-2.178037407583797602e+01,-1.307264639108227655e+01
1.056812839736248755e+01,2.610679999759343950e+00,5.537991293549833216e-01,-5.706738137045492820e-01,-3.408255476181665244e-01,-2.782969461220687890e+00,-1.183133492942945963e+01,5.721657941654942903e+00,-4.331393724136091805e+01,-1.909757388883721063e+01,-3.174360671966661585e+01,-1.970326081749964597e+00,-3.022175563282007715e+01,-8.566949386716650849e+00,-2.171885529867780207e+01,-1.389788646921846293e+01
1.167452582258695948e+01,3.595760987804338615e+00,1.165982685617718673e+00,1.667556943741721476e-01,5.112791246000369938e-01,-1.902451964713254284e+00,-8.779377872389339643e+00,6.889315579620669538e+00,-3.931455572375337226e+01,-1.863484792100382492e+01,-2.619716716671206314e+01,-2.128705237022779695e+00,-2.935193716549679266e+01,-7.995259497661649561e+00,-2.151758087037433143e+01,-1.451890913680680129e+01
1.280838515187996407e+01,4.639426058503517858e+00,1.767624093245650840e+00,9.258729328654222712e-01,1.369500504546298458e+00,-1.055150973842831519e+00,-5.886183190105562346e+00,7.881390890744738975e+00,-3.536514628527888249e+01,-1.814993894679852104e+01,-2.064512302264252241e+01,-2.265419389694603769e+00,-2.850265120375777883e+01,-7.372171611065255092e+00,-2.120103173679797948e+01,-1.492785437757385836e+01
1.390068711879264107e+01,5.683031565701833543e+00,2.311100044773599649e+00,1.655115835825485604e+00,2.179040566288295011e+00,-2.950190664455938361e-01,-3.279191727945615753e+00,8.641907912809166703e+00,-3.162052539409631891e+01,-1.768133967919759186e+01,-1.530489993377005931e+01,-2.393768295037511429e+00,-2.772088424985788890e+01,-6.726478191229567472e+00,-2.079885862358730009e+01,-1.512773316069483087e+01
1.488632524229908327e+01,6.670379760353229770e+00,2.752556841889463257e+00,2.306007840255732244e+00,2.890285032384337427e+00,3.296375182745840959e-01,-1.074525069756056439e+00,9.126534386941887789e+00,-2.822906120783034112e+01,-1.726682028296720972e+01,-1.038885620814367883e+01,-2.526355119974052599e+00,-2.705014011716802713e+01,-6.087412256701750124e+00,-2.034360967589185520e+01,-1.513117489327006027e+01
1.570788281051753899e+01,7.550991903326552901e+00,3.054509560067106833e+00,2.835832265106136507e+00,3.461375368282251230e+00,7.788790807253320736e-01,6.266927140012654718e-01,9.304448360275280550e+00,-2.532785633179663876e+01,-1.694154255322483493e+01,-6.096937120966543944e+00,-2.673922853036645009e+00,-2.652855999277558396e+01,-5.482959946501555493e+00,-1.986895724865529189e+01,-1.495882355498349625e+01
1.631886045654032813e+01,8.282919181759609728e+00,3.187888479881355153e+00,3.209905014336222884e+00,3.860089389331850640e+00,1.023242429856047409e+00,1.740009482111993577e+00,9.159303713188995388e+00,-2.303982804768732251e+01,-1.673621917354859789e+01,-2.612002410301073496e+00,-2.844157272713227158e+00,-2.618747152396450417e+01,-4.938412498331761213e+00,-1.940813230718796945e+01,-1.463738626709117341e+01
1.668641644054144635e+01,8.835042455311072018e+00,3.134281659607147219e+00,3.403817913135664064e+00,4.065751243189478004e+00,1.045883010470504360e+00,2.203179431962787760e+00,8.691013906839636149e+00,-2.146635611565436363e+01,-1.667452606167195484e+01,-8.987491877978470711e-02,-3.040484132257604166e+00,-2.604801301762076093e+01,-4.474612285459834027e+00,-1.899114970868971852e+01,-1.419691877803526481e+01
1.679287024695129560e+01,9.188395153170716867e+00,2.886712022465868444e+00,3.404392123646098778e+00,4.069781328484905814e+00,8.431545924971786121e-01,1.978220807643090495e+00,7.915308305662556165e+00,-2.068353269961629337e+01,-1.677212233421469989e+01,1.346494596245264574e+00,-3.261838825010676679e+00,-2.612037278764113069e+01,-4.106988726156068026e+00,-1.864338365985813084e+01,-1.366890899082696009e+01
1.663630698767273230e+01,9.336748056122644357e+00,2.449792204854588817e+00,3.210091046660070724e+00,3.875605569777974324e+00,4.245086812727052461e-01,1.051937798651060518e+00,6.862492280678919698e+00,-2.074010811456690817e+01,-1.703575011982730558e+01,1.610639757669048322e+00,-3.502481491898153720e+00,-2.640350789707707690e+01,-3.844910940313539527e+00,-1.838435314522335773e+01,-1.308413521448755290e+01
1.623038542426991526e+01,9.286462820903388149e+00,1.839621490435494167e+00,2.831008399210133142e+00,3.498206767834613373e+00,-1.879093710115142812e-01,-5.614533490344655320e-01,5.576571987204209435e+00,-2.165292689660076064e+01,-1.746222248080896122e+01,6.590221670264497789e-01,-3.751973949119921770e+00,-2.688393042723254212e+01,-3.691028013012608966e+00,-1.822616834832937371e+01,-1.247047520300378665e+01
1.560314581455768135e+01,9.055426789696898737e+00,1.082912178530090586e+00,2.287989688016086820e+00,2.963064286563646732e+00,-9.605105090123302602e-01,-2.817277345939395161e+00,4.113773463047849077e+00,-2.340196321454830297e+01,-1.803818089859048968e+01,-1.501624451508533298e+00,-3.995789025346770273e+00,-2.753521622647120637e+01,-3.641167563590055778e+00,-1.817243928240015549e+01,-1.185133076010176367e+01
1.479464428942379861e+01,8.671244778067244141e+00,2.146146993249828938e-01,1.610558891963107531e+00,2.303841320508185575e+00,-1.851037629062133760e+00,-5.643982652007878187e+00,2.538413932529513417e+00,-2.593281091293631846e+01,-1.874182363860967371e+01,-4.815968260571722226e+00,-4.216740111693486170e+00,-2.832117556264874736e+01,-3.685167390402625642e+00,-1.821918257457689805e+01,-1.124524662762956595e+01
1.385414177636098287e+01,8.168952480545932815e+00,-7.243580416806594258e-01,8.349687759920314534e-01,1.559972770608508696e+00,-2.811232821462851916e+00,-8.945217730666961131e+00,9.196759215470393656e-01,-2.915768946064980582e+01,-1.954383928135368365e+01,-9.180579328457525889e+00,-4.396128261832196849e+00,-2.919736166498758223e+01,-3.807826461038505528e+00,-1.835528802380900970e+01,-1.066541925468379404e+01
1.283674973448133017e+01,7.588340633186364315e+00,-1.689817924541365812e+00,1.690576561595769078e-03,7.740722759064055936e-01,-3.789943029637974803e+00,-1.260285234208794236e+01,-6.718975185918054649e-01,-3.295783705795594187e+01,-2.040923385995979800e+01,-1.444622034920533338e+01,-4.515240730725819773e+00,-3.011348448736167427e+01,-3.990191273876849465e+00,-1.856342273057745018e+01,-1.011970354793995952e+01
1.179966253623189232e+01,6.971025267263616598e+00,-2.637663201825517945e+00,-8.475822885544204155e-01,-1.119750596818036570e-02,-4.736793361320259521e+00,-1.648422315200865995e+01,-2.168987393056466928e+00,-3.719092119163704524e+01,-2.130014382184481292e+01,-2.042666701026280407e+01,-4.557190580523824863e+00,-3.101772215665641852e+01,-4.211263134221184146e+00,-1.882223104403145442e+01,-9.611541268991430798e+00
1.079821189072596077e+01,6.357470395390131479e+00,-3.527339488403971046e+00,-1.673074262062967721e+00,-7.564354824816312828e-01,-5.605953226888601648e+00,-2.045199396784708412e+01,-3.512374637811081612e+00,-4.170174781775844508e+01,-2.217898106236117428e+01,-2.691225854514408411e+01,-4.508716201423026426e+00,-3.186154737529731307e+01,-4.449959914503413216e+00,-1.910904809313377939e+01,-9.141028111243965526e+00
9.882581369065217558e+00,5.784417879832668419e+00,-4.324129579740592533e+00,-2.439014233021632005e+00,-1.427749510262298571e+00,-6.358602650893377728e+00,-2.436997337118661022e+01,-4.653455082483498373e+00,-4.632896713211704309e+01,-2.300996894671126825e+01,-3.367948830309319419e+01,-4.361015892038466291e+00,-3.260165540203616530e+01,-4.686436750286983255e+00,-1.940124100980406752e+01,-8.705730566657216229e+00
9.094832580073253681e+00,5.282651107882091246e+00,-5.001436359955187427e+00,-3.115802273889177521e+00,-1.998807659728697672e+00,-6.965417585718153504e+00,-2.811024694216019881e+01,-5.556937966893128689e+00,-5.091362746342521461e+01,-2.376164880093493537e+01,-4.050277877215918920e+01,-4.110973098087951527e+00,-3.320306725808495685e+01,-4.903623681889840213e+00,-1.967815680430084058e+01,-8.302130398349593321e+00
8.466381611909845617e+00,4.875133051030035247e+00,-5.542696274138743107e+00,-3.681811380896865771e+00,-2.452532419047035006e+00,-7.408592863356957992e+00,-3.156110148658968129e+01,-6.203139327471556719e+00,-5.530903411020337046e+01,-2.440913285821618928e+01,-4.716803513349542953e+01,-3.761936077313290383e+00,-3.364207202024180532e+01,-5.088848189916554077e+00,-1.992319132383902058e+01,-7.927018826452147948e+00
8.016471979378627211e+00,4.575824237046679954e+00,-5.942006290722122941e+00,-4.124176322355769031e+00,-2.781789872648539941e+00,-7.682439571391931565e+00,-3.463112919496398945e+01,-6.588276029511784593e+00,-5.938663962119176176e+01,-2.493504891806820467e+01,-5.348173187414735708e+01,-3.323646070904903826e+00,-3.390666632473632092e+01,-5.234891386588724771e+00,-2.012462734434787137e+01,-7.578383731745674368e+00
7.751701692795404774e+00,4.389322607111584063e+00,-6.203670753546953520e+00,-4.438758347436794871e+00,-2.988842953001920932e+00,-7.792870374946268441e+00,-3.724944822067203631e+01,-6.723023008385051291e+00,-6.303774694004862056e+01,-2.532956814338994178e+01,-5.927464143331991409e+01,-2.811662469772584050e+00,-3.399540052512863042e+01,-5.339855738084107628e+00,-2.027539222550620224e+01,-7.255787931974889915e+00
7.665987150051115862e+00,4.310872687965243699e+00,-6.342034118843836055e+00,-4.630376940992100288e+00,-3.085072508562774374e+00,-7.757141516539679316e+00,-3.936923957343999803e+01,-6.632261007297617361e+00,-6.617889130100785167e+01,-2.559180382793824293e+01,-6.440944938938038433e+01,-2.247289713588315863e+00,-3.391863527844693493e+01,-5.407761186361454975e+00,-2.037418176329710207e+01,-6.961740330802903998e+00
7.741559518744567825e+00,4.327284669561196395e+00,-6.380037708873874891e+00,-4.711711671132409407e+00,-3.089603041234607161e+00,-7.602227282142457909e+00,-4.096830292090215409e+01,-6.352852180447436048e+00,-6.875412657797593852e+01,-2.572914742914510811e+01,-6.878480953564766764e+01,-1.656179759130490314e+00,-3.369691648009163742e+01,-5.448089966287476216e+00,-2.042497578497631139e+01,-6.701413450160874419e+00
7.950811847843417546e+00,4.418377411054777326e+00,-6.347053816553412275e+00,-4.701740568606376236e+00,-3.027365544907237194e+00,-7.362499636742974474e+00,-4.204692488952763085e+01,-5.930549345613084000e+00,-7.073417057549653464e+01,-2.575617083195186297e+01,-7.233536282416554286e+01,-1.066823360508401208e+00,-3.335855743977457166e+01,-5.474895689469772009e+00,-2.043616827673129421e+01,-6.482582791146704437e+00
8.258411976767121132e+00,4.558685252942973776e+00,-6.276963316441271701e+00,-4.624343134817431533e+00,-2.927257003265982149e+00,-7.077580989846882886e+00,-4.262756635594099919e+01,-5.417586226355027179e+00,-7.211740636857663844e+01,-2.569419895057363590e+01,-7.503360032797480983e+01,-5.093611506192372573e-01,-3.293851255450483961e+01,-5.506085606660505505e+00,-2.042021892163427310e+01,-6.315628190757593075e+00
8.623828197403792473e+00,4.719571346371703946e+00,-6.206011464851044934e+00,-4.506679825007677387e+00,-2.820273143481120570e+00,-6.789949146433421845e+00,-4.275515508518348895e+01,-4.870225795708151395e+00,-7.293144412497669293e+01,-2.557040420243842505e+01,-7.689244907882923030e+01,-1.411172214415223891e-02,-3.247727506050497936e+01,-5.562332304114740111e+00,-2.039329767994117049e+01,-6.213097977291511143e+00
9.004289408476500611e+00,4.871518471579344478e+00,-6.169930098541144048e+00,-4.376758307148802096e+00,-2.737147134393758563e+00,-6.541819194017019612e+00,-4.249362980086451813e+01,-4.344836979463828186e+00,-7.323027920090864029e+01,-2.541526476452261818e+01,-7.796288476983743010e+01,3.906346668898725838e-01,-3.201731920666566111e+01,-5.665134574776402587e+00,-2.037353744478848228e+01,-6.188332232743782413e+00
9.357767560922711780e+00,4.986428935305923460e+00,-6.201298421264244354e+00,-4.261430398008863030e+00,-2.706086288798161377e+00,-6.372284090921624511e+00,-4.192132437536189116e+01,-3.894452978428905254e+00,-7.308977409004026526e+01,-2.526062228781405850e+01,-7.832889568163534477e+01,6.801438414766041163e-01,-3.160022194798446549e+01,-5.835112648415233139e+00,-2.037949325093781994e+01,-6.254436984626430274e+00
9.645743904513359723e+00,5.039709128244327374e+00,-6.327391502483916241e+00,-4.184553301191376917e+00,-2.750946517774664812e+00,-6.314970216500018552e+00,-4.112741975773656122e+01,-3.566056703873730527e+00,-7.260411227985449045e+01,-2.513788193018427819e+01,-7.810319797483947468e+01,8.346110755218099087e-01,-3.126463662009433619e+01,-6.090452082002272505e+00,-2.042897656503798487e+01,-6.423261826899683058e+00
9.835709360532639778e+00,5.012043978681532508e+00,-6.568037442803777992e+00,-4.165180488583230201e+00,-2.889565715936178947e+00,-6.395662431964190375e+00,-4.020612912976864095e+01,-3.397468713967427334e+00,-7.187921529077902960e+01,-2.507542982948635313e+01,-7.741935624522022863e+01,8.406630088511812815e-01,-3.104315864967821881e+01,-6.445067487892274016e+00,-2.053725886300058079e+01,-6.703966109692924391e+00
9.903269925509487592e+00,4.890754900889071166e+00,-6.933741815862951796e+00,-4.216040466522747110e+00,-3.132202084333400194e+00,-6.630247839226768747e+00,-3.924824712795833648e+01,-3.414245412986325334e+00,-7.102294449747174099e+01,-2.509610692964730561e+01,-7.641934728918772635e+01,6.924170784878578289e-01,-3.095889603250152788e+01,-6.907052903864745019e+00,-2.071513566883213286e+01,-7.101734603028237558e+00
9.833519118446625740e+00,4.670575008575956311e+00,-7.425076617117106537e+00,-4.343090919873311861e+00,-3.480884677434957553e+00,-7.023914189923704754e+00,-3.833530626650716044e+01,-3.628598265079311602e+00,-7.013775318698125716e+01,-2.521634542925437472e+01,-7.524322866850366154e+01,3.914949156511307038e-01,-3.102462789469899462e+01,-7.477847647512959384e+00,-2.096815779418485448e+01,-7.617368213335019789e+00
9.621655525613959981e+00,4.353923556838809716e+00,-8.032649087891673645e+00,-4.545206802692243642e+00,-3.929479233983283137e+00,-7.570985216499259707e+00,-3.753577741022392900e+01,-4.039108878177586348e+00,-6.931533899856790981e+01,-2.544496516698346511e+01,-7.402146278747824226e+01,-5.283801861043802006e-02,-3.124224080675337234e+01,-8.151534163306536129e+00,-2.129612390969737135e+01,-8.246521826018600621e+00
9.273108802069035761e+00,3.950673340738970918e+00,-8.737439056793554926e+00,-4.814235128689714038e+00,-4.463926792059350390e+00,-8.255106835124134790e+00,-3.689985917030523410e+01,-4.630475933187149451e+00,-6.862958372123327422e+01,-2.578219342621028431e+01,-7.286503678419276753e+01,-6.239782169762433384e-01,-3.160188651997511045e+01,-8.914579555174338310e+00,-2.169244596675947179e+01,-8.979299789029909107e+00
8.802763175242258598e+00,3.477301046178949306e+00,-9.512316352386658735e+00,-5.136039677017143035e+00,-5.063400695594282297e+00,-9.050694574175395246e+00,-3.645791556766492647e+01,-5.375188811282821888e+00,-6.813328425829962498e+01,-2.622023239476254730e+01,-7.186003651037469808e+01,-1.299168070511526274e+00,-3.208354446938695048e+01,-9.746300804450950039e+00,-2.214468374337074863e+01,-9.800395349045921023e+00
8.233389577359051970e+00,2.955486081705943846e+00,-1.032437869486815885e+01,-5.492094566976438941e+00,-5.702249302439120981e+00,-9.925203016893966890e+00,-3.622244774084377639e+01,-6.236500263058964322e+00,-6.785891551321449811e+01,-2.674454635636606525e+01,-7.106735532473879857e+01,-2.051108238472158618e+00,-3.265988309082180763e+01,-1.062019282132112608e+01,-2.263616590120464878e+01,-1.069002751591805733e+01
7.593822679044833990e+00,2.410574344018467485e+00,-1.113722105750928293e+01,-5.860845695630638730e+00,-6.351922768284996579e+00,-1.084130339187239400e+01,-3.619053934365418712e+01,-7.171095310894205710e+00,-6.782012035666254235e+01,-2.733464989589050731e+01,-7.052410104383363887e+01,-2.849187177284500549e+00,-3.329839483233575237e+01,-1.150518409624415739e+01,-2.314722816160672636e+01,-1.162456956022279542e+01
6.916920214159178570e+00,1.869783376312793344e+00,-1.191324424820816574e+01,-6.219283450247591993e+00,-6.982778831575867429e+00,-1.175920465187558861e+01,-3.634475410756762415e+01,-8.131658941566302090e+00,-6.801148620460310212e+01,-2.796527928580127309e+01,-7.024294013888882660e+01,-3.661178116594167253e+00,-3.396320547968482373e+01,-1.236697993926434336e+01,-2.365604878424534974e+01,-1.257747712847266186e+01
6.237108400953561116e+00,1.360256134497482616e+00,-1.261647528544844832e+01,-6.544812847486273455e+00,-7.566313093909638354e+00,-1.263951437474228356e+01,-3.665727398764224887e+01,-9.070456717933396362e+00,-6.841226815506365710e+01,-2.860848218494729167e+01,-7.021628265247423428e+01,-4.455129723145525134e+00,-3.461825698991182776e+01,-1.317024582767057339e+01,-2.414045413455303191e+01,-1.352060283295401533e+01
5.587915794296462124e+00,9.070850663624256960e-01,-1.321508643639526603e+01,-6.816882948082543692e+00,-8.077120172223132499e+00,-1.344577894926518269e+01,-3.709371234640552473e+01,-9.942405973625181304e+00,-6.899002850275138599e+01,-2.923519253516636240e+01,-7.042070035537716421e+01,-5.200904422117803350e+00,-3.522957959474796041e+01,-1.388066168251305044e+01,-2.457936054325784170e+01,-1.442546347611442670e+01
4.999971525466555988e+00,5.316721919689197939e-01,-1.368303362381367982e+01,-7.018095865499089925e+00,-8.494188291857632578e+00,-1.414625260577666133e+01,-3.761416521526165013e+01,-1.070697901996365786e+01,-6.970149168342760504e+01,-2.981638138905405810e+01,-7.081799938896439528e+01,-5.871436385010777137e+00,-3.576616498402125188e+01,-1.446659391792450577e+01,-2.495341948685543443e+01,-1.526430638413960850e+01
4.499176276401549046e+00,2.503253771705828967e-01,-1.400164521600419398e+01,-7.135422062440834878e+00,-8.801870350749947391e+00,-1.471565337462022605e+01,-3.817436454608304075e+01,-1.133019375856345690e+01,-7.049367704939179191e+01,-3.032489067813789063e+01,-7.135614573572621566e+01,-6.444171731117100954e+00,-3.620129283185018210e+01,-1.490099505130275404e+01,-2.524585892683594324e+01,-1.601154950426997203e+01
4.105090504910551275e+00,7.318243025211312869e-02,-1.416108500883898458e+01,-7.161120142574818104e+00,-8.990951874047080850e+00,-1.513676807957318537e+01,-3.873030885852119809e+01,-1.178704669138255667e+01,-7.130936563840553788e+01,-3.073731727862890040e+01,-7.197555282392897880e+01,-6.902101465250990664e+00,-3.651481023155491812e+01,-1.516323074231531010e+01,-2.544389441740946012e+01,-1.664518305553759348e+01
3.829954416670947381e+00,3.622312350313627860e-03,-1.416073236677978464e+01,-7.092982868187554857e+00,-9.058892927251111615e+00,-1.540110010638048621e+01,-3.923972372101022188e+01,-1.206224212465662760e+01,-7.208929106446981905e+01,-3.103489959115415786e+01,-7.261158918789534766e+01,-7.234267787135543415e+00,-3.669318321488463397e+01,-1.524031197456262987e+01,-2.553901159993203862e+01,-1.714761334662163250e+01
3.678246090850912253e+00,3.814736983502742262e-02,-1.400919215005151131e+01,-6.934421268948105066e+00,-9.009667414814746422e+00,-1.550916185154201443e+01,-3.966389926063590821e+01,-1.215082741617950290e+01,-7.277492350992399395e+01,-3.120474867072162795e+01,-7.319771107986835545e+01,-7.436226151840401144e+00,-3.673002390874701462e+01,-1.512760811723637033e+01,-2.552727424423792257e+01,-1.750664614707531186e+01
3.646567653788624241e+00,1.667065368915108259e-01,-1.372399362340156515e+01,-6.694386814000772290e+00,-8.853563824258770865e+00,-1.547046563536401820e+01,-3.997171781672001600e+01,-1.205887245245509121e+01,-7.331398866403682746e+01,-3.124101672987342226e+01,-7.367205704751654594e+01,-7.510151594842765732e+00,-3.662711575089979021e+01,-1.482960333311509515e+01,-2.541010973061391098e+01,-1.771627164114486419e+01
3.724186926288261645e+00,3.735574756091524229e-01,-1.333059043974582281e+01,-6.386657526956332376e+00,-8.606559973158852017e+00,-1.530284543315116963e+01,-4.014378159360847320e+01,-1.180332646331272528e+01,-7.366635638908095984e+01,-3.114529014361563952e+01,-7.398502112878959736e+01,-7.464298686708178643e+00,-3.639467786212688338e+01,-1.435988294777828145e+01,-2.519463507558332083e+01,-1.777690874893295359e+01
3.894217994612240830e+00,6.384908721078286220e-01,-1.286026728460303303e+01,-6.028553190226511482e+00,-8.288860483611983909e+00,-1.503070822643397619e+01,-4.017148035626829028e+01,-1.140988979397274505e+01,-7.380430788348547821e+01,-3.092577890549829078e+01,-7.410017330136693658e+01,-7.312067385863761260e+00,-3.604921026046227439e+01,-1.374009759246384732e+01,-2.489252068796572104e+01,-1.769510186325175738e+01
4.135002748280322216e+00,9.382818198594473635e-01,-1.234821353441330416e+01,-5.639753516055227678e+00,-7.923538426745214025e+00,-1.468340010591533229e+01,-4.005764972477921049e+01,-1.091146262832923597e+01,-7.371461392968544146e+01,-3.059692616217989780e+01,-7.399707443612382463e+01,-7.071079356770303193e+00,-3.561264511080517536e+01,-1.299892038817962003e+01,-2.451939376664380177e+01,-1.748318784478521337e+01
4.421822803667730284e+00,1.248417429775723786e+00,-1.183120917024137242e+01,-5.240859354065285913e+00,-7.535053622198024215e+00,-1.429320369079214004e+01,-3.981662666078736379e+01,-1.034605318940440100e+01,-7.339992555017948916e+01,-3.017838889222886678e+01,-7.367340282044369815e+01,-6.761888173593550988e+00,-3.511092103753638582e+01,-1.217051461650179789e+01,-2.409406760711502216e+01,-1.715861721033634524e+01
4.728939661603424938e+00,1.544859054711587021e+00,-1.134471380529464568e+01,-4.851594142023998302e+00,-7.147283454595353192e+00,-1.389268820830901774e+01,-3.947037177340445169e+01,-9.753299329215479929e+00,-7.287554816395757484e+01,-2.969295295295489723e+01,-7.314141417154149849e+01,-6.406259720751902975e+00,-3.457084771186487160e+01,-1.129228184965547399e+01,-2.363662585167898555e+01,-1.674254882275818090e+01
5.031799920523300607e+00,1.805875604163106996e+00,-1.091996411583784266e+01,-4.489172323970759493e+00,-6.781461667026611906e+00,-1.351196617361833319e+01,-3.904249428816012824e+01,-9.170828724301813395e+00,-7.216357539431112400e+01,-2.916447176033723565e+01,-7.242073659357390625e+01,-6.025642473665900667e+00,-3.401696305263362774e+01,-1.040234812699081601e+01,-2.316639425506068051e+01,-1.625839850164853573e+01
5.308560396867022746e+00,2.013430053805553399e+00,-1.058230891377750993e+01,-4.167479282994108303e+00,-6.455154604205795010e+00,-1.317716044397600683e+01,-3.855734059623401322e+01,-8.632734996439097586e+00,-7.129234654538697669e+01,-2.861708123949678395e+01,-7.153728306870243614e+01,-5.640247337912231984e+00,-3.347129413822085553e+01,-9.537762915334646152e+00,-2.270151515351417970e+01,-1.573103629849443053e+01
5.541699826753293756e+00,2.154394447399467616e+00,-1.034927487295546200e+01,-3.895930358196189047e+00,-6.181113076098881720e+00,-1.290849426110253262e+01,-3.803618378655454535e+01,-8.166943589023844652e+00,-7.029239103416216494e+01,-2.807316812693251507e+01,-7.051823495360389416e+01,-5.267688845971111533e+00,-3.295123831263057923e+01,-8.732219900992937767e+00,-2.225741110596224814e+01,-1.518503882703788577e+01
5.719324302692989193e+00,2.221536464844926506e+00,-1.022915460787068298e+01,-3.678767919209832371e+00,-5.966371720251586908e+00,-1.271882992334680296e+01,-3.749359553093188424e+01,-7.793192153687513724e+00,-6.919215869437289257e+01,-2.755192249719758024e+01,-6.938673011467460583e+01,-4.922070314833554505e+00,-3.246829655628417299e+01,-8.014104035971989504e+00,-2.184570570061467265e+01,-1.464339571238197379e+01
5.835797600116475081e+00,2.213925532652557315e+00,-1.022077001837230625e+01,-3.515173095355656585e+00,-5.812297658851200310e+00,-1.261325200181831008e+01,-3.693758957707399304e+01,-7.522724927315920240e+00,-6.801772146581788547e+01,-2.706881538775169815e+01,-6.816136345409597652e+01,-4.613569775195699663e+00,-3.202868641203036759e+01,-7.404980237044327396e+00,-2.147413925262878820e+01,-1.412641302399624266e+01
5.891756009475635381e+00,2.136879951478311668e+00,-1.031403167122765296e+01,-3.399808777287503858e+00,-5.715315851654921175e+00,-1.258940635455854817e+01,-3.637239857997047920e+01,-7.358990975254982914e+00,-6.679506960190030895e+01,-2.663555602295089386e+01,-6.685946574790546038e+01,-4.348408624424827451e+00,-3.163500515216128406e+01,-6.918878542061563053e+00,-2.114727139450808124e+01,-1.365101615371427357e+01
5.894036371568947885e+00,2.001570045040230283e+00,-1.049026037017684132e+01,-3.322990974160966005e+00,-5.667287045070125373e+00,-1.263746786606716910e+01,-3.579727212979634032e+01,-7.297087033766160857e+00,-6.554778940145320121e+01,-2.625884898646975785e+01,-6.549535145414768067e+01,-4.128433909806769719e+00,-3.128540012838965367e+01,-6.561408632428658905e+00,-2.086590864744158580e+01,-1.322958435826615187e+01
5.854964459570492608e+00,1.824177411215075928e+00,-1.072359984781608944e+01,-3.271716664717601475e+00,-5.656507954956225603e+00,-1.274115812894187627e+01,-3.520766143402272519e+01,-7.324848682112246934e+00,-6.429725521136049338e+01,-2.594070240504103708e+01,-6.408126297396222526e+01,-3.951591236409871755e+00,-3.097483256219027226e+01,-6.329810320686220848e+00,-2.062748115758866163e+01,-1.286945438558370824e+01
5.791143204451270066e+00,1.624588744840758991e+00,-1.098304173436893194e+01,-3.230899425219668331e+00,-5.669229550041897880e+00,-1.287936070402655275e+01,-3.459818444796826498e+01,-7.424752478445441284e+00,-6.306463630173311685e+01,-2.567900353142006509e+01,-6.263073032620218328e+01,-3.812581424050737411e+00,-3.069682920998002373e+01,-6.213609726759948160e+00,-2.042700127183455550e+01,-1.257287769632093699e+01
5.722190978786940718e+00,1.424962385332822379e+00,-1.123422575064155637e+01,-3.184396582548224330e+00,-5.690816479402791117e+00,-1.302740992123341357e+01,-3.396265738670632572e+01,-7.574971888343867477e+00,-6.186958659799159932e+01,-2.546749293408683457e+01,-6.115801028467762990e+01,-3.703299573008404622e+00,-3.044354915537542183e+01,-6.195361104011549713e+00,-2.025716867072404170e+01,-1.233686862089742675e+01
5.669399233595537879e+00,1.248139187058115329e+00,-1.144125637071262958e+01,-3.115988578980001478e+00,-5.706600738892589675e+00,-1.315839746247038988e+01,-3.329211796713929061e+01,-7.750200023528805104e+00,-6.072668414037281082e+01,-2.529589901676187225e+01,-5.967442881160809520e+01,-3.613443713896320020e+00,-3.020529830188981180e+01,-6.251775699932153429e+00,-2.010823323117952555e+01,-1.215327324690091437e+01
5.653853769952689845e+00,1.115827204684711305e+00,-1.156959620025585878e+01,-3.011200453215504780e+00,-5.703547386899856519e+00,-1.324560536084191043e+01,-3.257773134267847581e+01,-7.924645447383241503e+00,-5.964720102137880531e+01,-2.515193703589562091e+01,-5.819059467382265893e+01,-3.532023796823388295e+00,-2.997307598584033883e+01,-6.355751577996981538e+00,-1.996955805140778040e+01,-1.200994838905808848e+01
5.694740406926161569e+00,1.046882499755815932e+00,-1.158837490790908831e+01,-2.858371047801931297e+00,-5.671493699114954268e+00,-1.326439930458057148e+01,-3.181185330188242233e+01,-8.073948150920784883e+00,-5.863914726708031822e+01,-2.502213640628696822e+01,-5.671666816845674930e+01,-3.448186052241384303e+00,-2.973902630260305102e+01,-6.478345133221877994e+00,-1.983027935370344608e+01,-1.189164270737272844e+01
5.807862161109980548e+00,1.055831706742290876e+00,-1.147238422827631510e+01,-2.649567178560168657e+00,-5.603921603771901516e+00,-1.319389976033959044e+01,-3.098794387465358113e+01,-8.176762020536763487e+00,-5.770616611745180080e+01,-2.489294620846111883e+01,-5.526102352348999602e+01,-3.352177756290211974e+00,-2.949662950257946292e+01,-6.590849714267390524e+00,-1.967981894617513561e+01,-1.178133318310762157e+01
6.004188391707238281e+00,1.151617475494563170e+00,-1.120421859437078460e+01,-2.381715847358599092e+00,-5.498916876727506065e+00,-1.301885934285285629e+01,-3.010323374326512180e+01,-8.217103103346602211e+00,-5.684976481582046404e+01,-2.475258632058765329e+01,-5.383261822295412458e+01,-3.236476722510497339e+00,-2.924227028133071826e+01,-6.667052091495469845e+00,-1.950920751383418406e+01,-1.166174532658944329e+01
6.288575159835389172e+00,1.336591318820361529e+00,-1.077618183770878879e+01,-2.057464484572737007e+00,-5.360046137849467485e+00,-1.273138750046297041e+01,-2.916301077501721295e+01,-8.186747572077454294e+00,-5.607373251084449350e+01,-2.459295372758611364e+01,-5.244618467824314223e+01,-3.096851463217992873e+00,-2.897706888044272233e+01,-6.685442523231056811e+00,-1.931270275138460590e+01,-1.151717116577155409e+01
6.659193902153603517e+00,1.606142744392670130e+00,-1.019080436611701224e+01,-1.685015497874119639e+00,-5.196333358299213501e+00,-1.233144277326715788e+01,-2.818108049919473501e+01,-8.085552389904057335e+00,-5.538466064808454803e+01,-2.440979831967929670e+01,-5.112305217918249411e+01,-2.932386845545208676e+00,-2.870595409637873985e+01,-6.630528002318818892e+00,-1.908794219318138730e+01,-1.133465799547819586e+01
7.107258432993443620e+00,1.948591529970704617e+00,-9.461133957531179917e+00,-1.278018083093927171e+00,-5.021889548167255413e+00,-1.182719219164173552e+01,-2.717972610473755779e+01,-7.921667535344581346e+00,-5.479225575087316003e+01,-2.420362774820324603e+01,-4.989114570246378122e+01,-2.746015865389681121e+00,-2.843748668485513065e+01,-6.494143803158848982e+00,-1.883631695772497494e+01,-1.110550293390932097e+01
7.617199914561741281e+00,2.345683838601255289e+00,-8.610475662043889145e+00,-8.550495374767956847e-01,-4.855394840788282096e+00,-1.123499966225616831e+01,-2.619063300650562098e+01,-7.711641860727603159e+00,-5.431113066862492644e+01,-2.398027911421354474e+01,-4.878652935808490554e+01,-2.544502508614159275e+00,-2.818386449001003768e+01,-6.276244472485135617e+00,-1.856330779041442725e+01,-1.082617672030362144e+01
8.167480974978492014e+00,2.773551971786105241e+00,-7.670971367254630024e+00,-4.383810370321796768e-01,-4.718842998096658192e+00,-1.057831993241674695e+01,-2.525255077250334068e+01,-7.478855092386030634e+00,-5.395921116808764850e+01,-2.375010430458708299e+01,-4.785098274120142037e+01,-2.337758232240526368e+00,-2.795907897359630567e+01,-5.984641109749240684e+00,-1.827784017047224552e+01,-1.049883884680928503e+01
8.731815635947530296e+00,3.203986099456318293e+00,-6.681518696434167737e+00,-5.246265398502458766e-02,-4.635783123469096267e+00,-9.885953043207948099e+00,-2.440594681480868644e+01,-7.250855901620806065e+00,-5.375298145415280260e+01,-2.352680963005327897e+01,-4.712520142637347931e+01,-2.138052800758654115e+00,-2.777628083762542133e+01,-5.634392960131705763e+00,-1.799114676919761280e+01,-1.013156797907713269e+01
9.280595035266342663e+00,3.605988113148504759e+00,-5.685840392952790978e+00,2.771519360485470429e-01,-4.629852809739837483e+00,-9.190653178151720226e+00,-2.369010169428298695e+01,-7.057777225715277325e+00,-5.370555810816631492e+01,-2.332738133824231852e+01,-4.664471658206039706e+01,-1.959692861316783663e+00,-2.764740242273489912e+01,-5.246991198276838020e+00,-1.771643035173593717e+01,-9.738720529740177767e+00
9.782538916138323160e+00,3.947628587619057772e+00,-4.730021947432113905e+00,5.255350396579832051e-01,-4.723142163958499395e+00,-8.527177890887401190e+00,-2.314026763627168748e+01,-6.930006839517282913e+00,-5.382502039702120555e+01,-2.317065721159008262e+01,-4.643648603639792327e+01,-1.817796940009547058e+00,-2.758181869433326483e+01,-4.848847013038245279e+00,-1.746799656807041856e+01,-9.340236843988911630e+00
1.020664177069495970e+01,4.197970195302690222e+00,-3.859691552766456368e+00,6.700662565027180051e-01,-4.934420856720059589e+00,-7.929998623807911429e+00,-2.278319475631420232e+01,-6.895323950633574839e+00,-5.411081398306168921e+01,-2.307571556054949724e+01,-4.651321938766130870e+01,-1.727159157912204535e+00,-2.758460627832272394e+01,-4.469264200737534054e+00,-1.725989411608142632e+01,-8.960569111776649720e+00
1.052391720293271504e+01,4.328943923407430283e+00,-3.117692246788607235e+00,6.916421622539239422e-01,-5.277878563198186157e+00,-7.431553393241557615e+00,-2.263542358451732639e+01,-6.977122852442263934e+00,-5.455321470333399247e+01,-2.306110669395584978e+01,-4.687134589113446737e+01,-1.701499626470258875e+00,-2.765665876690886194e+01,-4.138603247263169749e+00,-1.710540928288513385e+01,-8.627618125807853033e+00
1.070899224841216579e+01,4.317104866593425960e+00,-2.542063505384597022e+00,5.755793890240088473e-01,-5.762296878919595855e+00,-7.060731028068374826e+00,-2.270411895532814128e+01,-7.193312696819639029e+00,-5.513558441527428045e+01,-2.314415506777599774e+01,-4.749294957624681501e+01,-1.752688770706461341e+00,-2.779561616681864678e+01,-3.886464042753765114e+00,-1.701700321429289886e+01,-8.371357085015752375e+00
1.074164646036467374e+01,4.145193009111759253e+00,-2.163881682662911032e+00,3.127991098756659483e-01,-6.390350656412007169e+00,-6.841191332740500286e+00,-2.298757758135346307e+01,-7.554761188690100937e+00,-5.583615561684609929e+01,-2.333938940577048982e+01,-4.834806111140380835e+01,-1.889537191500313185e+00,-2.799577858937769292e+01,-3.739453527713848757e+00,-1.700565603962765238e+01,-8.221849981710192878e+00
1.060818929588710091e+01,3.803414460195316593e+00,-2.005377554200101997e+00,-9.938744048245684581e-02,-7.157962289346173179e+00,-6.789805003933388150e+00,-2.347418189330588234e+01,-8.063787143419315129e+00,-5.662774619403995757e+01,-2.365725909961675200e+01,-4.939466576313941459e+01,-2.117073761361345063e+00,-2.824789202632976526e+01,-3.719085463220398680e+00,-1.707983504473304492e+01,-8.207192342379876493e+00
1.030227980678281163e+01,3.290212015757925546e+00,-2.078949577898377754e+00,-6.570907390103677415e-01,-8.054368905625700847e+00,-6.916005799437201063e+00,-2.414427063434825982e+01,-8.714101743540332734e+00,-5.748052073643256676e+01,-2.410356667339782888e+01,-5.058268920275943970e+01,-2.436141400012813207e+00,-2.854042239924385171e+01,-3.840238479287990003e+00,-1.724537614694041565e+01,-8.351672808452839547e+00
9.825488880184835239e+00,2.612645605041953978e+00,-2.386380254719721705e+00,-1.349623264967812375e+00,-9.062425268776330256e+00,-7.221140929936769481e+00,-2.497143863433127819e+01,-9.490567158651513680e+00,-5.836388478113050837e+01,-2.467850154415519626e+01,-5.185733732632431270e+01,-2.842816679733799479e+00,-2.885987610946614268e+01,-4.109998470209831112e+00,-1.750486889107300925e+01,-8.673526266188542166e+00
9.187570624019503640e+00,1.786302387803663239e+00,-2.918281007814586658e+00,-2.159589525713851987e+00,-1.015884950422729816e+01,-7.697916929849423440e+00,-2.592147512136736509e+01,-1.036878253954830775e+01,-5.924532433329360970e+01,-2.537561411730067107e+01,-5.315895986927546346e+01,-3.328072995763450503e+00,-2.919030109594396549e+01,-4.526640365593330273e+00,-1.785671948456725744e+01,-9.183081449059088186e+00
8.406178302691124316e+00,8.346574241733700772e-01,-3.654566518967694577e+00,-3.063687242903832875e+00,-1.131501920632579328e+01,-8.330804066678137332e+00,-2.695245081081105809e+01,-1.131607108933686945e+01,-6.008997405728339913e+01,-2.618199688863175822e+01,-5.442345981810436228e+01,-3.878242200426062603e+00,-2.951404072939558176e+01,-5.079250314898324348e+00,-1.829479768767041037e+01,-9.881600185340687403e+00
7.506009957121769105e+00,-2.120224908820735887e-01,-4.565699600499510069e+00,-4.033809855236260233e+00,-1.249843063302596846e+01,-9.097053435109764052e+00,-2.801808110019675979e+01,-1.229358748135753387e+01,-6.086372529749455396e+01,-2.707884976900837160e+01,-5.558719680603859103e+01,-4.475472411567733566e+00,-2.981335617039411545e+01,-5.748254327524367824e+00,-1.880900101985913864e+01,-1.076055999351368975e+01
6.517762890145055721e+00,-1.318086746293337441e+00,-5.614017647042910397e+00,-5.038078181193908378e+00,-1.367398647182789873e+01,-9.967726419886577816e+00,-2.906872939383921306e+01,-1.325793835932100428e+01,-6.153328048711240683e+01,-2.804178298025466631e+01,-5.658837562989027958e+01,-5.098318054372477981e+00,-3.007062966633981915e+01,-6.506138077844070722e+00,-1.938504718821643280e+01,-1.180124610243365879e+01
5.476630230734858884e+00,-2.444278061213010833e+00,-6.755863572655954385e+00,-6.042490928006055029e+00,-1.480564173102131598e+01,-1.090939776387686777e+01,-3.005394289422502396e+01,-1.416379831775164533e+01,-6.206769229718162251e+01,-2.904223664617535405e+01,-5.736999119629862776e+01,-5.722891903331801977e+00,-3.026961125203114733e+01,-7.318960091888978781e+00,-2.000509868937071190e+01,-1.297515299632976848e+01
4.420421338958087532e+00,-3.549775175664124927e+00,-7.944251911480808559e+00,-7.012820788152437146e+00,-1.585840827478345005e+01,-1.188628499627868784e+01,-3.092721598383375081e+01,-1.496733527520872187e+01,-6.244231695036659602e+01,-3.004932750402001318e+01,-5.788584922714420600e+01,-6.324210277187042095e+00,-3.039740063441934126e+01,-8.148359407263860987e+00,-2.064909793737501786e+01,-1.424523289097187728e+01
3.387579295984782135e+00,-4.594253120285158865e+00,-9.131563958026779559e+00,-7.916336241423138631e+00,-1.680046772517926357e+01,-1.286244490900638482e+01,-3.165150469421465473e+01,-1.562950083835513304e+01,-6.264351633138944919e+01,-3.103159788765921689e+01,-5.810774661044146683e+01,-6.877390995605551893e+00,-3.044601466258907863e+01,-8.953767728193483322e+00,-2.129621996110952864e+01,-1.556743577672637002e+01
2.415426276794955029e+00,-5.539837520220926237e+00,-1.027169665380077923e+01,-8.723078974037139943e+00,-1.760436901068997884e+01,-1.380329786491806487e+01,-3.219999204274935778e+01,-1.611779623858500443e+01,-6.266811557102006702e+01,-3.195807484893735761e+01,-5.802617278980406468e+01,-7.358688893941628173e+00,-3.041173428849297977e+01,-9.694490952260863992e+00,-2.192523370651606740e+01,-1.689257745066778682e+01
1.538320795587321044e+00,-6.352974101205409063e+00,-1.132250175871420694e+01,-9.407342929108807539e+00,-1.824848774764098636e+01,-1.467754901648520161e+01,-3.255859348925124408e+01,-1.640869115315372184e+01,-6.252491566828575742e+01,-3.280014543588316656e+01,-5.765287189350466690e+01,-7.746872426401776757e+00,-3.029584636123730945e+01,-1.033207632041471413e+01,-2.251568836951371111e+01,-1.816889087467530572e+01
7.859474751948152260e-01,-7.006047905740810045e+00,-1.224790160928820626e+01,-9.948777390012548238e+00,-1.871815228614489968e+01,-1.545875609054051125e+01,-3.272776873670946429e+01,-1.648937706667126690e+01,-6.223559545628506839e+01,-3.353290897213077670e+01,-5.702237656919733411e+01,-8.024183824549286470e+00,-3.010467229789612986e+01,-1.083248459551190024e+01,-2.304895358944482098e+01,-1.934457960507675267e+01
1.821417788537189608e-01,-7.478626688236911235e+00,-1.301905266020677132e+01,-1.033290273178295848e+01,-1.900593244770988477e+01,-1.612594338649574155e+01,-3.272004519059801453e+01,-1.635779703420175224e+01,-6.183101877629215437e+01,-3.413564718849820423e+01,-5.618755842688020152e+01,-8.176900612458140927e+00,-2.984776446881622292e+01,-1.116767485940303573e+01,-2.350832151424067007e+01,-2.037035579099599047e+01
-2.559706057553725600e-01,-7.758313750064544934e+00,-1.361510806196245582e+01,-1.055143818454014770e+01,-1.911145390137869171e+01,-1.666401226555225179e+01,-3.255554793151254955e+01,-1.602206321035487235e+01,-6.134551232810775900e+01,-3.459246204746487763e+01,-5.521164273223656949e+01,-8.195982070331588432e+00,-2.953609765402316611e+01,-1.131707194845737519e+01,-2.387912308288664320e+01,-2.120201430113664287e+01
-5.187605435892752581e-01,-7.841230728851807719e+00,-1.402427077920393117e+01,-1.060277975478063084e+01,-1.904153441133458458e+01,-1.706442726123406217e+01,-3.226172610455209622e+01,-1.550080221802309666e+01,-6.081606027907449175e+01,-3.489349855098290476e+01,-5.416563339233528040e+01,-8.077717917042182449e+00,-2.918248328368183309e+01,-1.126882684131747681e+01,-2.414990124422362783e+01,-2.180310182315696821e+01
-6.041592105276283320e-01,-7.731828208503057631e+00,-1.424357410073026742e+01,-1.049143950211346876e+01,-1.880937294417159222e+01,-1.732480982818262660e+01,-3.186938167571069869e+01,-1.482145833423581216e+01,-6.027777267179249066e+01,-3.503471287747159124e+01,-5.312112344852172896e+01,-7.823592521951196588e+00,-2.879972834512402358e+01,-1.102023201774119343e+01,-2.431232891483841030e+01,-2.214670860635006377e+01
-5.174091214129727945e-01,-7.442404613737132912e+00,-1.427843681739736681e+01,-1.022755971007111953e+01,-1.843357305910555510e+01,-1.744846235328572348e+01,-3.140889982696357663e+01,-1.401847990075241057e+01,-5.975978280655027675e+01,-3.501795433291881920e+01,-5.214311944842205548e+01,-7.440274422193757786e+00,-2.839954349317559945e+01,-1.057782654548286061e+01,-2.436136520716463849e+01,-2.221703386009697923e+01
-2.706397327967318134e-01,-6.992207584670483200e+00,-1.414216447209628313e+01,-9.826438681248072626e+00,-1.793729319788923959e+01,-1.744391600190171232e+01,-3.090928946977830094e+01,-1.313199102127022400e+01,-5.928463332062867153e+01,-3.485117609314819731e+01,-5.128717039161659841e+01,-6.939431842262814065e+00,-2.799288075074510118e+01,-9.957171791994952059e+00,-2.429605048243880105e+01,-2.201079106359839699e+01
1.178472237547527612e-01,-6.406173028630265165e+00,-1.385515921442607734e+01,-9.307797472002325989e+00,-1.734735771077075128e+01,-1.732435265723229278e+01,-3.039909912862714236e+01,-1.220631814479926192e+01,-5.887004247105568311e+01,-3.454845939786402198e+01,-5.059972572368002375e+01,-6.337309566257006921e+00,-2.759068701820285696e+01,-9.182134340280619256e+00,-2.412019549442463529e+01,-2.153743443275513059e+01
6.249514270069713717e-01,-5.713267479394158244e+00,-1.344294852763560044e+01,-8.694203609689106216e+00,-1.669251910216400603e+01,-1.710593187758443889e+01,-2.990299588400296216e+01,-1.128655152698997455e+01,-5.852619290428248178e+01,-3.412833349202198008e+01,-5.011356771154530065e+01,-5.653421760434056864e+00,-2.720202089687317937e+01,-8.283276718984701859e+00,-2.384156549748614395e+01,-2.081809221847559144e+01
1.224128428574617011e+00,-4.944817647229191593e+00,-1.293460633273303273e+01,-8.009963200215393542e+00,-1.600206414375180231e+01,-1.680668117103623871e+01,-2.944069235907647908e+01,-1.041620455740565987e+01,-5.825566468282889332e+01,-3.361302062939036261e+01,-4.984644038148803702e+01,-4.909803070178111462e+00,-2.683421830171880629e+01,-7.296313635246484353e+00,-2.347176740134554507e+01,-1.988465069738002455e+01
1.886757613662993549e+00,-4.132758285885996585e+00,-1.236115797858068177e+01,-7.279952838254208025e+00,-1.530458101381371705e+01,-1.644547232123354519e+01,-2.902741200139296041e+01,-9.635122833696264877e+00,-5.805533413441415291e+01,-3.302754266592170751e+01,-4.980236176473687237e+01,-4.130045782318282122e+00,-2.649347209065712150e+01,-6.260350422845771590e+00,-2.302612014854503286e+01,-1.877821086507020709e+01
2.583905344999150699e+00,-3.307834317059204388e+00,-1.175333262462799055e+01,-6.528025049317774275e+00,-1.462630846183105859e+01,-1.604037272857766894e+01,-2.867155856122303703e+01,-8.976470228746272539e+00,-5.791506091098816000e+01,-3.239771074976962240e+01,-4.996966548079512904e+01,-3.337782442514375170e+00,-2.618353495824678134e+01,-5.215560577673119980e+00,-2.252234753458072447e+01,-1.754629630247119110e+01
3.288022244360023549e+00,-2.497972746093085838e+00,-1.113933523133281156e+01,-5.775588112226422766e+00,-1.398938301205469159e+01,-1.560705725089585272e+01,-2.837070769929236747e+01,-8.463744047941171189e+00,-5.781440170457236150e+01,-3.174812151828847107e+01,-5.031666775688472626e+01,-2.555371647979338245e+00,-2.590420579236337062e+01,-4.200818944152864276e+00,-2.197892261635576006e+01,-1.623997661952510896e+01
3.974073348067062028e+00,-1.727121844881544410e+00,-1.054390093671164053e+01,-5.041190993414841337e+00,-1.341125504482197783e+01,-1.515858376882163938e+01,-2.811353901580181969e+01,-8.110448014965180974e+00,-5.772572434413243059e+01,-3.110201472698030045e+01,-5.079497750449496607e+01,-1.803445146883211336e+00,-2.565319248710380862e+01,-3.252257176456495813e+00,-2.141502050122817025e+01,-1.491152370807138539e+01
4.620760148822814273e+00,-1.014158745758580338e+00,-9.986938780483143319e+00,-4.339522878237902503e+00,-1.290382474588871276e+01,-1.470470585493099946e+01,-2.787996791947348640e+01,-7.919008310951685559e+00,-5.761515971932655589e+01,-3.047977427283728957e+01,-5.134121617847154084e+01,-1.099805904674830970e+00,-2.542579026570648182e+01,-2.401324224561907528e+00,-2.084930321893088490e+01,-1.361129079946848108e+01
5.211326761631720927e+00,-3.723745798613719016e-01,-9.482683638596087761e+00,-3.680989551622485312e+00,-1.247304025284503126e+01,-1.425163920382627225e+01,-2.764123935450194836e+01,-7.880519035505770375e+00,-5.744321407916652333e+01,-2.989802542522777173e+01,-5.187850492135555669e+01,-4.588121526786990145e-01,-2.521491846783284529e+01,-1.673492940885640934e+00,-2.029891701869570397e+01,-1.238519909230323890e+01
5.733955918411015595e+00,1.907108065135024733e-01,-9.039735695749099520e+00,-3.071904634833618530e+00,-1.211911008569716230e+01,-1.380259945601906679e+01,-2.736370179656223911e+01,-7.976229121138795897e+00,-5.716924059768255972e+01,-2.936982342625022113e+01,-5.232303233408291021e+01,1.086514570520624723e-01,-2.501289025530085297e+01,-1.087448533357814995e+00,-1.977936478383224284e+01,-1.127278273894043892e+01
6.181681332587596778e+00,6.731194815971238699e-01,-8.661617000615075668e+00,-2.515027225684216550e+00,-1.183737226557895994e+01,-1.335882569113064733e+01,-2.701485550313427098e+01,-8.180062987298871491e+00,-5.675808867530798807e+01,-2.890522181627385123e+01,-5.259400555165211699e+01,5.950408751990314826e-01,-2.481367289070038851e+01,-6.548761539686545063e-01,-1.930487185467878675e+01,-1.030577999508713560e+01
6.552251658276318835e+00,1.077884809387780418e+00,-8.347024531368049338e+00,-2.009682263282842829e+00,-1.161886412948195257e+01,-1.292002836752654815e+01,-2.656597048225848567e+01,-8.460027463895785971e+00,-5.618282330419643245e+01,-2.851058362298154236e+01,-5.261955463774518194e+01,9.964628686602452490e-01,-2.461257052160113545e+01,-3.800687740904642453e-01,-1.888759721639683420e+01,-9.506635534671161736e+00
6.847587302485941052e+00,1.412149853493212870e+00,-8.090711176631936397e+00,-1.552498984471971877e+00,-1.145129332329540439e+01,-1.248540712728498292e+01,-2.599515031178298585e+01,-8.780648262668959703e+00,-5.542764876716304911e+01,-2.818917774319959335e+01,-5.234264306706893422e+01,1.312153453254656377e+00,-2.440701133496544628e+01,-2.603325657995867459e-01,-1.853745560717844398e+01,-8.888290477409235280e+00
7.072927662389064452e+00,1.686049352108639043e+00,-7.884774571258995834e+00,-1.138321294060789413e+00,-1.132036629580695397e+01,-1.205486911444593900e+01,-2.529150243738224901e+01,-9.106084289287974087e+00,-5.449189862265043871e+01,-2.794202047093728680e+01,-5.172825131846070690e+01,1.543872527812165885e+00,-2.419776012785086294e+01,-2.867397039703796224e-01,-1.826231004396773017e+01,-8.454562735237558968e+00
7.235968605075633775e+00,1.911442947755342736e+00,-7.719596512147735012e+00,-7.608278346790728897e-01,-1.121085164605193540e+01,-1.162969215108844168e+01,-2.445618903697558721e+01,-9.402195048161807733e+00,-5.339040762561134557e+01,-2.776788961985376858e+01,-5.076618578489541278e+01,1.695585303509520081e+00,-2.398827087062322505e+01,-4.449918762807136829e-01,-1.806768613098248011e+01,-8.200777082002769447e+00
7.346022466378174798e+00,2.100677373732188880e+00,-7.584503446271581240e+00,-4.130226016067934935e-01,-1.110734463250676640e+01,-1.121272489456979926e+01,-2.350002462300809469e+01,-9.637788393428115441e+00,-5.214984053780290196e+01,-2.766316671060869226e+01,-4.946842107671761823e+01,1.773152872473871433e+00,-2.378302562554886634e+01,-7.161794821619054119e-01,-1.795583410935682167e+01,-8.114705751528713762e+00
7.412890133626612865e+00,2.265251103692536017e+00,-7.469270732217339059e+00,-8.847780024204832117e-02,-1.099547655995587547e+01,-1.080928408905554505e+01,-2.244376658844970507e+01,-9.787282067406676944e+00,-5.080785517341536206e+01,-2.762332081949885776e+01,-4.786878436265052983e+01,1.783165677276624006e+00,-2.358835048578383464e+01,-1.078310043828672349e+00,-1.792632716820497052e+01,-8.178850707910946483e+00
7.445843331605504822e+00,2.414665404281449046e+00,-7.365155490051996878e+00,2.180861878568784995e-01,-1.086300109533794966e+01,-1.042743518517378831e+01,-2.131753897448276547e+01,-9.832411877435665915e+00,-4.941152344441081823e+01,-2.764329683708778873e+01,-4.602157700049099276e+01,1.732494539724478422e+00,-2.341187786051478525e+01,-1.507706928636725507e+00,-1.797628746965185087e+01,-8.372332713136078297e+00
7.452882259209792970e+00,2.555586405523500471e+00,-7.265495310123464279e+00,5.104448709913893545e-01,-1.070040412872749869e+01,-1.007773755280194194e+01,-2.015767211965311390e+01,-9.762820312513703414e+00,-4.801280926011459371e+01,-2.771768692965532921e+01,-4.399616162187318480e+01,1.627886166092154863e+00,-2.326128152318432285e+01,-1.980245664252723969e+00,-1.810025744997471975e+01,-8.672843750848926447e+00
7.439945048935574512e+00,2.691157006568487553e+00,-7.166643876951610537e+00,7.901620401842444075e-01,-1.050169307673994901e+01,-9.773253373350218709e+00,-1.900574087495832742e+01,-9.577226003825389355e+00,-4.666671440463493070e+01,-2.784183578988668728e+01,-4.187397905007722443e+01,1.475227664238089265e+00,-2.314470187685384417e+01,-2.472788409356013517e+00,-1.829100160855250579e+01,-9.058867562020807895e+00
7.410339448062248202e+00,2.820721558223965530e+00,-7.068654784274556846e+00,1.056091238219847295e+00,-1.026515189660449678e+01,-9.529290950634344171e+00,-1.790893612615930408e+01,-9.284275265236988872e+00,-4.543107506665020878e+01,-2.801273178273299891e+01,-3.974752098736678363e+01,1.279066332140341489e+00,-2.307148144477325502e+01,-2.964477611620424113e+00,-1.854061791688403105e+01,-9.511661193391766744e+00
7.364592136082554141e+00,2.939952402636648809e+00,-6.975182805408618236e+00,1.304672543777443572e+00,-9.993471560548993438e+00,-9.362386985936350214e+00,-1.691856861749562313e+01,-8.901711321300092905e+00,-4.436468276184541537e+01,-2.822869449047806256e+01,-3.771734063193859754e+01,1.042901563250409058e+00,-2.305132347426079775e+01,-3.437468889838903863e+00,-1.884091818354219328e+01,-1.001627954131729936e+01
7.300589180935010525e+00,3.041241537387451288e+00,-6.893101080145338955e+00,1.530169482436009254e+00,-9.693483529759797435e+00,-9.289128511668899080e+00,-1.608672162846448828e+01,-8.454903153589793163e+00,-4.352357358826405687e+01,-2.848932388841439689e+01,-3.588620043386086422e+01,7.691981597302794960e-01,-2.309340140058529300e+01,-3.877627559290669268e+00,-1.918351810214998210e+01,-1.056222823720015214e+01
7.213878346695781651e+00,3.114400099463344951e+00,-6.832102288330734297e+00,1.724992104040544039e+00,-9.375899727114873627e+00,-9.325092648317674815e+00,-1.546480277812024440e+01,-7.975552648952843882e+00,-4.295967093438284223e+01,-2.879558470398593073e+01,-3.435582915952849703e+01,4.595433414656970861e-01,-2.320648808145590181e+01,-4.275030498964614623e+00,-1.956052412522851114e+01,-1.114385900310301025e+01
7.098348419770993623e+00,3.147651826390096108e+00,-6.803634730080222681e+00,1.880588367475072520e+00,-9.054534212478206001e+00,-9.483263704818849504e+00,-1.510047486813505202e+01,-7.499057938854461369e+00,-4.271797153039277362e+01,-2.914892022080890399e+01,-3.322186397152370319e+01,1.153387128528975403e-01,-2.339782449935832176e+01,-4.623928917675886652e+00,-1.996448838044241825e+01,-1.175972474726099293e+01
6.947216598912611119e+00,3.128811846255697748e+00,-6.819372343342347875e+00,1.988498632461743298e+00,-8.744953168598671667e+00,-9.772231113187466178e+00,-1.503210815044866422e+01,-7.060998038408342836e+00,-4.283097043201226484e+01,-2.954998690563423480e+01,-3.256520832457331949e+01,-2.613345493266958641e-01,-2.367112079486523157e+01,-4.922248904906950884e+00,-2.038769083816282546e+01,-1.241128532397069861e+01
6.754043730151865432e+00,3.046494488680859813e+00,-6.889990164931266037e+00,2.041035266845844021e+00,-8.463216714845062327e+00,-1.019492706082457545e+01,-1.528449159265746005e+01,-6.694341394403036105e+00,-4.331464062788127478e+01,-2.999833320146954208e+01,-3.244460946653252620e+01,-6.674485159682004287e-01,-2.402605923124410481e+01,-5.171292482310111183e+00,-2.082196953780091064e+01,-1.310173417894709047e+01
6.513621295639008935e+00,2.891280042279747331e+00,-7.024172121399168134e+00,2.032061737986232686e+00,-8.224927943165747379e+00,-1.074784800824657793e+01,-1.586772535253791006e+01,-6.427267500857938742e+00,-4.416799120763043618e+01,-3.049183844056480552e+01,-3.289395264998573509e+01,-1.098379439568734739e+00,-2.445840805100874604e+01,-5.375167517574357845e+00,-2.125885963362883047e+01,-1.383412602151019044e+01
6.222937714214945792e+00,2.656769628432693597e+00,-7.227353765333152325e+00,1.957854639536804164e+00,-8.043913536272230047e+00,-1.142028516219428980e+01,-1.677429161043951922e+01,-6.280515509672316199e+00,-4.537064508052060319e+01,-3.102589882745317595e+01,-3.391736793113722115e+01,-1.547388213852844974e+00,-2.495910721885994121e+01,-5.540155810367217271e+00,-2.168914492484671541e+01,-1.460954127125404867e+01
5.881925303913231318e+00,2.340459235191155507e+00,-7.501042534671665152e+00,1.817498447939352779e+00,-7.931323724289530475e+00,-1.219438656832139145e+01,-1.797940502350226666e+01,-6.266107135959924079e+00,-4.688389982235531761e+01,-3.159351549018293781e+01,-3.548890072523889216e+01,-2.005492477389988704e+00,-2.551501008964619643e+01,-5.673986382729552247e+00,-2.210294942738208590e+01,-1.542527431213108713e+01
5.493949846905592516e+00,1.944370792348584231e+00,-7.842477105719822816e+00,1.613054758447935555e+00,-7.894990099901445291e+00,-1.304568866796317650e+01,-1.944288416197908731e+01,-6.386694953369729255e+00,-4.865351927018744504e+01,-3.218544678523203117e+01,-3.755483130460999064e+01,-2.461480846749307450e+00,-2.610982407219126600e+01,-5.785350295473655535e+00,-2.249022947973459452e+01,-1.627345157752649385e+01
5.065919181027304319e+00,1.475240876958424874e+00,-8.244653369418848854e+00,1.349552730044619064e+00,-7.939258586675396856e+00,-1.394425696192954689e+01,-2.111376781203927067e+01,-6.635906862720474919e+00,-5.061545210876315082e+01,-3.279054201295465987e+01,-4.004051551159696487e+01,-2.902039111020858542e+00,-2.672567203266504521e+01,-5.883345923232365493e+00,-2.284143115643025368e+01,-1.714012338577357397e+01
4.608385539960700328e+00,9.444390768167942873e-01,-8.696115457304404828e+00,1.035070783011544648e+00,-8.064414132702207638e+00,-1.485559283292343835e+01,-2.293067140679299598e+01,-6.997829697113840730e+00,-5.269658302651770043e+01,-3.339550724372187318e+01,-4.285173205908276373e+01,-3.311985214412394019e+00,-2.734256971758317434e+01,-5.976684584095426800e+00,-2.314698770941313910e+01,-1.800463329767108789e+01
4.135018530192043684e+00,3.674834249081788684e-01,-9.181793422390510884e+00,6.801064152494480375e-01,-8.267020724803462173e+00,-1.574277417626674591e+01,-2.482720617185533740e+01,-7.448810864155949396e+00,-5.482102988592238546e+01,-3.398613629269395631e+01,-4.588291134345413980e+01,-3.675144130060899350e+00,-2.794057868238756015e+01,-6.073507305970178294e+00,-2.339818620307418229e+01,-1.883991603393391401e+01
3.662011526932428040e+00,-2.367291296255871202e-01,-9.683602966369662113e+00,2.972154268762352558e-01,-8.540179560918186752e+00,-1.656821506871231975e+01,-2.673568471418219872e+01,-7.958874391943464133e+00,-5.691431289972589980e+01,-3.454744954233393628e+01,-4.902362328733985919e+01,-3.974798914804459571e+00,-2.850028191976093694e+01,-6.180973878799864707e+00,-2.358727192418814411e+01,-1.961303006591434794e+01
3.207370948411842448e+00,-8.469194271516320427e-01,-1.018107126183666367e+01,-9.943824249019383998e-02,-8.873738055716794193e+00,-1.729532967055910930e+01,-2.858839745217400719e+01,-8.492989144468747753e+00,-5.890458201069233724e+01,-3.506396270677179672e+01,-5.216154867931312822e+01,-4.194351946132461428e+00,-2.900249517606319216e+01,-6.304754782754358189e+00,-2.370710077269278315e+01,-2.028647530522812303e+01
2.789852356061242489e+00,-1.440786221976380510e+00,-1.065226134185479090e+01,-4.949128960315491987e-01,-9.254642165670681209e+00,-1.789037182487965438e+01,-3.031776702262778400e+01,-9.012701102615828574e+00,-6.072237175131253650e+01,-3.552026865436730674e+01,-5.518339403641097363e+01,-4.318372388700237430e+00,-2.942823723124170954e+01,-6.448758932517968390e+00,-2.375095779171456201e+01,-2.082031223173029133e+01
2.427546394476170377e+00,-1.996515856261407151e+00,-1.107555323605834374e+01,-8.747354026537750293e-01,-9.668245533986445039e+00,-1.832490516390643620e+01,-3.186124835581162529e+01,-9.479653305933572582e+00,-6.230542093028140016e+01,-3.590263577289412211e+01,-5.798193929629071874e+01,-4.333935065254137520e+00,-2.976088059062674773e+01,-6.615381930869350668e+00,-2.371362586970874986e+01,-2.117514463518785561e+01
2.136667222005266709e+00,-2.494189880532875936e+00,-1.143077650550058522e+01,-1.225588045879338672e+00,-1.009915268683932688e+01,-1.857732853235345516e+01,-3.316278346223276685e+01,-9.857830331519057410e+00,-6.359959121091952738e+01,-3.619936768355221091e+01,-6.045865275465655486e+01,-4.231395214544494188e+00,-2.998622655771270473e+01,-6.805449236172510297e+00,-2.359131841679230490e+01,-2.131492866261053720e+01
1.930297200205304264e+00,-2.917165317577291361e+00,-1.170056214119518323e+01,-1.536280976003974619e+00,-1.053223353481562086e+01,-1.863433091043793510e+01,-3.417425906958318649e+01,-1.011596938711937455e+01,-6.455975497815933295e+01,-3.640178034688845798e+01,-6.252605490737903438e+01,-4.005444838007416131e+00,-3.009313938526292986e+01,-7.018522386101633259e+00,-2.338205605088705141e+01,-2.121017019584983743e+01
1.817044503057746674e+00,-3.253356936184019332e+00,-1.187198888429388965e+01,-1.798888361171552930e+00,-1.095403226319087331e+01,-1.849232333435265474e+01,-3.485956434581272134e+01,-1.023069858193069237e+01,-6.515358884495307734e+01,-3.650555565141101511e+01,-6.411351327733453331e+01,-3.656041671709012064e+00,-3.007543613112169112e+01,-7.253382576211485855e+00,-2.308664894813553303e+01,-2.084089435997840667e+01
1.799914733140937528e+00,-3.496219454156198392e+00,-1.193804409898524455e+01,-2.009662497012879356e+00,-1.135427031646365315e+01,-1.815835814927982028e+01,-3.519954363371122952e+01,-1.018932872463601669e+01,-6.536649764996960243e+01,-3.651172773900685797e+01,-6.517476839018131329e+01,-3.188998203753035554e+00,-2.993374365709176743e+01,-7.508476294505328497e+00,-2.270985395474039592e+01,-2.019946589087789235e+01
1.875807567739193438e+00,-3.645269488864101071e+00,-1.189791295322284270e+01,-2.169043536706417363e+00,-1.172637798231663808e+01,-1.764963128714303053e+01,-3.519147745225704682e+01,-9.990260388408497505e+00,-6.520058456110665190e+01,-3.642618426479025828e+01,-6.568830050282855382e+01,-2.615804505158136006e+00,-2.967454801852303348e+01,-7.781963644392995150e+00,-2.225993694713862681e+01,-1.929211568352924644e+01
2.035172590050142283e+00,-3.706349691771956500e+00,-1.175758785047560373e+01,-2.281985457377879722e+00,-1.206826351638350658e+01,-1.699304255436231159e+01,-3.485011554475868678e+01,-9.643878772765273055e+00,-6.467555181680171472e+01,-3.626002396288221519e+01,-6.565938069234000807e+01,-1.953648433591063327e+00,-2.931080716214517423e+01,-8.072083754035251246e+00,-2.174893257517087619e+01,-1.814026930278634353e+01
2.262052113144542353e+00,-3.691424084686136808e+00,-1.152994161717250066e+01,-2.357856554729464094e+00,-1.238280934975086112e+01,-1.622409319428581398e+01,-3.420846124081402451e+01,-9.172677321870130740e+00,-6.382955127090573910e+01,-3.602931207310493278e+01,-6.512185052776558791e+01,-1.224872398639358373e+00,-2.886215232271877085e+01,-8.377501594114153960e+00,-2.119282417092377102e+01,-1.678072371700005405e+01
2.534770236971057855e+00,-3.617925369286515647e+00,-1.123387213943859742e+01,-2.409653110062174974e+00,-1.267755384621708714e+01,-1.538471626466626674e+01,-3.331454213545330134e+01,-8.609406278895935571e+00,-6.271564506457515620e+01,-3.575368939968804938e+01,-6.413433800631381132e+01,-4.557738776233919431e-01,-2.835314435648295728e+01,-8.697117065399282865e+00,-2.061053601184808315e+01,-1.526441670817423457e+01
2.827044834408759755e+00,-3.507754575596328195e+00,-1.089294955499615014e+01,-2.453034222293439370e+00,-1.296382557377252809e+01,-1.452054286755252122e+01,-3.222535059510742173e+01,-7.994281291413873447e+00,-6.139530740290223321e+01,-3.545481939570784391e+01,-6.277209016707007549e+01,3.247798190071042868e-01,-2.781080562976433157e+01,-9.029962414515768643e+00,-2.002249564783097924e+01,-1.365425335443880428e+01
3.109189103719660174e+00,-3.386021232044191365e+00,-1.053461625128056234e+01,-2.505778916912589693e+00,-1.325631537297973495e+01,-1.367887672652443243e+01,-3.100533883795262113e+01,-7.373458313610925074e+00,-5.993700522997336577e+01,-3.515606895870119786e+01,-6.112420240353314682e+01,1.086381826317155852e+00,-2.726484187668477688e+01,-9.375474798670278886e+00,-1.945054220120927368e+01,-1.202254344704712530e+01
3.349702237047835318e+00,-3.279513384392317654e+00,-1.018849399361412367e+01,-2.586454945655292548e+00,-1.357200159222928804e+01,-1.290587380018306618e+01,-2.972208584323738734e+01,-6.795787406129765174e+00,-5.841181484493515086e+01,-3.488074208068920257e+01,-5.928738432597863550e+01,1.798870761227955306e+00,-2.674561968358243291e+01,-9.733354981919703164e+00,-1.891670120023003676e+01,-1.044709918917084579e+01
3.517141229478267128e+00,-3.214974253881553778e+00,-9.884539361969682858e+00,-2.713103982484070809e+00,-1.392871552326801421e+01,-1.224382312302059717e+01,-2.844114599456557357e+01,-6.309335020746447142e+00,-5.688812410099565398e+01,-3.465054471522155666e+01,-5.735830814462121907e+01,2.433995907346258925e+00,-2.628206525490283951e+01,-1.010334551814202086e+01,-1.844180047955935464e+01,-9.006773894217134924e+00
3.581793976051212525e+00,-3.217509406276020556e+00,-9.651673958806938458e+00,-2.902432117245979271e+00,-1.434410506931619977e+01,-1.172915804715528942e+01,-2.722428842649800629e+01,-5.959117048515537363e+00,-5.543021749031360912e+01,-3.448496860472997128e+01,-5.543039605578324824e+01,2.966608590181160299e+00,-2.590135186647044208e+01,-1.048545172401104075e+01,-1.804512049329940027e+01,-7.777175196028396797e+00
3.517241989222284815e+00,-3.309018341143455721e+00,-9.516598994628006736e+00,-3.169080723042322578e+00,-1.483474009019502660e+01,-1.139094901790288716e+01,-2.612995851837552408e+01,-5.785227135204633164e+00,-5.409920372234807928e+01,-3.440093716207558572e+01,-5.359392578945593755e+01,3.375818501343857747e+00,-2.562905098551721750e+01,-1.088010228357770259e+01,-1.774435004933688020e+01,-6.826266137382724253e+00
3.302126941489071044e+00,-3.506664835318487494e+00,-9.501818772025687920e+00,-3.524206953238495643e+00,-1.541459857937591948e+01,-1.124896344779035218e+01,-2.520997399152400931e+01,-5.819527716794055117e+00,-5.294983468174895336e+01,-3.441096366437575682e+01,-5.193173128122467119e+01,3.646616516796691521e+00,-2.548663409416004555e+01,-1.128777356465263892e+01,-1.755421948706866431e+01,-6.209512198961085971e+00
2.921445884328863762e+00,-3.821837589776152733e+00,-9.624453736249755309e+00,-3.974902210338063568e+00,-1.609395844935654196e+01,-1.131287622362917489e+01,-2.450781315953349093e+01,-6.083745511209910362e+00,-5.202905164956244732e+01,-3.452282384334041154e+01,-5.051656826844998704e+01,3.770465807708560657e+00,-2.549067022266055460e+01,-1.170903450020073144e+01,-1.748593101154762053e+01,-5.966288570302937799e+00
2.367443097868060065e+00,-4.259387104420557790e+00,-9.895402370611275700e+00,-4.523790310904630907e+00,-1.687861825971493346e+01,-1.158214171408312509e+01,-2.405864234895669540e+01,-6.588499910915104785e+00,-5.137623860721430447e+01,-3.473941072614208281e+01,-4.941090892204162799e+01,3.745656266848833571e+00,-2.565260509863155391e+01,-1.214450199019184851e+01,-1.754692017811613169e+01,-6.117003362156502533e+00
1.640368172882144648e+00,-4.817197372742942463e+00,-1.031829451912810924e+01,-5.168467424435343460e+00,-1.776893991241682613e+01,-1.204590268449901558e+01,-2.388706427682725320e+01,-7.331871413214955169e+00,-5.102086276287975863e+01,-3.505800962700142520e+01,-4.866382513899080209e+01,3.577693801370422921e+00,-2.597712298920090745e+01,-1.259458099688992405e+01,-1.774004469314574806e+01,-6.661065672184244946e+00
7.488227682441248589e-01,-5.486197226236661173e+00,-1.088862065248217448e+01,-5.901163073693712846e+00,-1.875887492119486666e+01,-1.268324892560134565e+01,-2.400282368914597697e+01,-8.298202250953202963e+00,-5.097754202224281528e+01,-3.546963115456084381e+01,-4.830466584192780033e+01,3.279278674438269370e+00,-2.646008559623579970e+01,-1.305900818426849952e+01,-1.806255791037142089e+01,-7.575977887416915024e+00
-2.905536833812512043e-01,-6.250862509567481240e+00,-1.159407061310396436e+01,-6.709398953031738166e+00,-1.983596502976244835e+01,-1.346487542696726258e+01,-2.440079651426998453e+01,-9.459274025016414456e+00,-5.124572557903420034e+01,-3.596037131666604125e+01,-4.834179546039716513e+01,2.869061915121829287e+00,-2.708955174700824386e+01,-1.353701291441449861e+01,-1.850656032954365315e+01,-8.818418187713511713e+00
-1.454028705706293501e+00,-7.090208251143632623e+00,-1.241528353427789177e+01,-7.576662765122556209e+00,-2.098180390624504810e+01,-1.435513813241811043e+01,-2.506237662963525992e+01,-1.077611392426249104e+01,-5.181081138739671132e+01,-3.651224197918904224e+01,-4.876362314564690337e+01,2.370625119979753670e+00,-2.784649307434845866e+01,-1.402741754057704782e+01,-1.905959000448607554e+01,-1.032634849951604394e+01
-2.711714666462072376e+00,-7.978884273253363801e+00,-1.332621967030905807e+01,-8.482761191369059262e+00,-2.217226562488471941e+01,-1.531370629883000412e+01,-2.595362022605547736e+01,-1.220011485624006298e+01,-5.264153470290813175e+01,-3.710339598371877656e+01,-4.953547072705293886e+01,1.811402065094912972e+00,-2.870412914967332085e+01,-1.452830628180508121e+01,-1.970439910558137342e+01,-1.202201576452559983e+01
-4.029189095067769344e+00,-8.888685683696728290e+00,-1.429580586530370034e+01,-9.405277436542064606e+00,-2.337869270898253760e+01,-1.629834984309928814e+01,-2.702811747066222381e+01,-1.367643590827198352e+01,-5.369252597831371077e+01,-3.771026823313507492e+01,-5.060236104288664194e+01,1.220630962386857199e+00,-2.963038673076332685e+01,-1.503731279455099923e+01,-2.042035537117263289e+01,-1.381665184988665551e+01
-5.369502402343054648e+00,-9.790190780953576422e+00,-1.528995893387417127e+01,-1.032106272437035699e+01,-2.456961045298273660e+01,-1.726786611354625478e+01,-2.823242362000552674e+01,-1.514808903372128768e+01,-5.490974913202050800e+01,-3.830962328529232508e+01,-5.189595734979818076e+01,6.273570049161532047e-01,-3.059102928034695879e+01,-1.555185541989955667e+01,-2.118528637743415288e+01,-1.561602978893565208e+01
-6.695020075686744399e+00,-1.065436264660320731e+01,-1.627312511543848217e+01,-1.120714036165723471e+01,-2.571225478670007192e+01,-1.818419641168580014e+01,-2.950946150236412535e+01,-1.655894476204450072e+01,-5.623386897268593998e+01,-3.887933266075497585e+01,-5.333975513782073108e+01,5.915709783728972937e-02,-3.155091999857207696e+01,-1.606898610833059138e+01,-2.197639456130384872e+01,-1.732568533852783688e+01
-7.969350792916341852e+00,-1.145410896545843649e+01,-1.721005023804295675e+01,-1.204187963626749180e+01,-2.677410704754902326e+01,-1.901447675410902605e+01,-3.080110154448868798e+01,-1.785678317531918680e+01,-5.760269338582091336e+01,-3.939972876155808734e+01,-5.485284524509916082e+01,-4.595742812634298069e-01,-3.247582893581464702e+01,-1.658538826938466570e+01,-2.277125800283411650e+01,-1.885669085831117187e+01
-9.159237342860290454e+00,-1.216572974227982940e+01,-1.806771400565024166e+01,-1.280615315427961676e+01,-2.772476517500016513e+01,-1.973293468309720922e+01,-3.205265929854927975e+01,-1.899672483292268055e+01,-5.895596846410096248e+01,-3.985503112312267859e+01,-5.635655613115535800e+01,-9.090838255477784458e-01,-3.333507555260861466e+01,-1.709759194439591923e+01,-2.354923836699094508e+01,-2.013129900661592231e+01
-1.023602187372693706e+01,-1.276994244281754121e+01,-1.881666700466613662e+01,-1.348385983449884051e+01,-2.853732004733274863e+01,-2.032176602517151309e+01,-3.321521363532407634e+01,-1.994322331334384302e+01,-6.023791539443315912e+01,-4.023355790505840446e+01,-5.777853383190428360e+01,-1.274941665518277922e+00,-3.410264165862295016e+01,-1.760162764406522129e+01,-2.429209048181215636e+01,-2.108753958494850167e+01
-1.117679751034483537e+01,-1.325273038962029482e+01,-1.943192680838089359e+01,-1.406226386995874833e+01,-2.918934367448790823e+01,-2.077123294442515444e+01,-3.424503796862325089e+01,-2.067095868931779634e+01,-6.139667944906327079e+01,-4.052758642179657755e+01,-5.905273194504285073e+01,-1.548436278221723139e+00,-3.475721568660107863e+01,-1.809291845075465233e+01,-2.498402375047460211e+01,-2.168286885340931747e+01
-1.196527814524345956e+01,-1.360583562203130548e+01,-1.989412072930142728e+01,-1.453258096236945285e+01,-2.966389457857653866e+01,-2.107976553139848619e+01,-3.510412337067715072e+01,-2.116603422365815845e+01,-6.238500107297211628e+01,-4.073395942043271845e+01,-6.012010294694255208e+01,-1.727107535888847245e+00,-3.528354416813946415e+01,-1.856642638780846966e+01,-2.561218081983249562e+01,-2.189704429377120576e+01
-1.259226736674882474e+01,-1.382680405991649764e+01,-2.019021580573802055e+01,-1.488995331128915289e+01,-2.995035878631709281e+01,-2.125341408422930556e+01,-3.576204590090190294e+01,-2.142659123062696125e+01,-6.316266520218064784e+01,-4.085384826521586632e+01,-6.093152010229347582e+01,-1.814387310445304990e+00,-3.567339823249247388e+01,-1.901664419619649848e+01,-2.616700454142993593e+01,-2.173321100283182261e+01
-1.305560128353651805e+01,-1.391866804572485705e+01,-2.031367236947778920e+01,-1.513311993584338566e+01,-3.004467490974671762e+01,-2.130460101418373142e+01,-3.619520768046290016e+01,-2.146196670933804285e+01,-6.369603581288141925e+01,-4.089190959631737599e+01,-6.144710012917701647e+01,-1.818849482497059356e+00,-3.592510868330785456e+01,-1.943748176522721849e+01,-2.664178835250165633e+01,-2.121740862243650128e+01
-1.335973664651851323e+01,-1.388931633679573707e+01,-2.026457298260163853e+01,-1.526422758001504398e+01,-2.994938395437993961e+01,-2.125081192925349072e+01,-3.638742641489574936e+01,-2.129196938748782131e+01,-6.395919158017704831e+01,-4.085611874244249009e+01,-6.163707778082809341e+01,-1.753559847138514538e+00,-3.604398860126294579e+01,-1.982267508826758373e+01,-2.703286447213412202e+01,-2.039727854282665476e+01
-1.351517252126665980e+01,-1.375064831345673255e+01,-2.004971597109343762e+01,-1.528859490935872145e+01,-2.967370463295164029e+01,-2.111335774513670316e+01,-3.633236483367665670e+01,-2.094614202558155824e+01,-6.393719817679877337e+01,-4.075754346250869276e+01,-6.148543681191955557e+01,-1.635095714031801872e+00,-3.604301300571277977e+01,-2.016617343091055403e+01,-2.733989924971965024e+01,-1.933912645811670927e+01
-1.353745303672661393e+01,-1.351745633890307552e+01,-1.968211622364540858e+01,-1.521403114585741712e+01,-2.923314939506764532e+01,-2.091560070333209964e+01,-3.603569179304939496e+01,-2.046205905006468839e+01,-6.362907547687630938e+01,-4.060928165261979217e+01,-6.099368955236762702e+01,-1.481986532922946687e+00,-3.594233983918548603e+01,-2.046215395650433067e+01,-2.756573790284070213e+01,-1.812351549864263234e+01
-1.344577889919152369e+01,-1.320619037338416746e+01,-1.917986711069615779e+01,-1.504997105258540913e+01,-2.864840291680889450e+01,-2.068091159788237121e+01,-3.551343549280367995e+01,-1.988235569637487998e+01,-6.304657853515313093e+01,-4.042521902370134512e+01,-6.017947578193485469e+01,-1.313218130171344367e+00,-3.576726275933081212e+01,-2.070528931083403990e+01,-2.771543549272918838e+01,-1.684018300185201156e+01
-1.326165717449668335e+01,-1.283372782581490590e+01,-1.856532488325625252e+01,-1.480686717142999598e+01,-2.794436777980227049e+01,-2.043121241487466833e+01,-3.479242306027087750e+01,-1.925249699706767359e+01,-6.221526206658005265e+01,-4.021945526561624717e+01,-5.907754681118407802e+01,-1.146965600947832620e+00,-3.554727530471650709e+01,-2.089134861623695372e+01,-2.779598155305107809e+01,-1.558238767170776917e+01
-1.300740170385616068e+01,-1.241617825733188951e+01,-1.786377233036323986e+01,-1.449534234652460007e+01,-2.714882050066352548e+01,-2.018534676642930492e+01,-3.390952194474010639e+01,-1.861796662748629316e+01,-6.117403664998875001e+01,-4.000506347518060579e+01,-5.773930107690731006e+01,-9.990239222616814629e-01,-3.531396221173711325e+01,-2.101723652689918964e+01,-2.781550218735052837e+01,-1.444074369270007985e+01
-1.270457310041408228e+01,-1.196782976328225701e+01,-1.710167143615101537e+01,-1.412523570765210756e+01,-2.629060422685633114e+01,-1.995748150176527247e+01,-3.290759979535744151e+01,-1.802077460070987058e+01,-5.997094180284736353e+01,-3.979267448031334453e+01,-5.622749398881910565e+01,-8.813679730887367114e-01,-3.509769608393115448e+01,-2.108099716615085129e+01,-2.778184860695703762e+01,-1.349703599818594668e+01
-1.237276075425070943e+01,-1.150047811835106160e+01,-1.630529008770333377e+01,-1.370523995688752095e+01,-2.539798492388962359e+01,-1.975621623319725373e+01,-3.183095806906159453e+01,-1.749661123251383543e+01,-5.865798276362612285e+01,-3.958991472970753023e+01,-5.460926232754707144e+01,-8.015064680771426531e-01,-3.492501973055112074e+01,-2.108210789570974697e+01,-2.770167563079399997e+01,-1.281919089754554797e+01
-1.202860904837767642e+01,-1.102290141463692663e+01,-1.549972086847815156e+01,-1.324271402250404783e+01,-2.449746737204640468e+01,-1.958449362751175116e+01,-3.072456352317911410e+01,-1.707345459930625609e+01,-5.729011355039699538e+01,-3.940140854001013793e+01,-5.295421998864779312e+01,-7.619740863618265081e-01,-3.481767735301077238e+01,-2.102170016359056604e+01,-2.758035942553882691e+01,-1.245689663630290056e+01
-1.168504876363187606e+01,-1.054062223813563115e+01,-1.470759595743610149e+01,-1.274332240915315495e+01,-2.361241186306571649e+01,-1.943950594088543937e+01,-2.963038574267854131e+01,-1.676966681493081168e+01,-5.592082340423203846e+01,-3.922826814861631561e+01,-5.132864822233614177e+01,-7.600216880049428525e-01,-3.479015546380707491e+01,-2.090257498124748281e+01,-2.742125880185297149e+01,-1.243822133307857669e+01
-1.135100099661511841e+01,-1.005607990318213041e+01,-1.394836879278217801e+01,-1.221129179436614720e+01,-2.276210163934468511e+01,-1.931345175986425744e+01,-2.858494001537597740e+01,-1.659333470636483554e+01,-5.459883696961770738e+01,-3.906862143543150268e+01,-4.979091942770557466e+01,-7.881409998239075065e-01,-3.484880887618484024e+01,-2.072932923414283835e+01,-2.722572037367592657e+01,-1.276815410109480098e+01
-1.103148901559739414e+01,-9.569060507228034140e+00,-1.323809019058640324e+01,-1.164994509807086942e+01,-2.196136948526446275e+01,-1.919484063688060260e+01,-2.761960014066343660e+01,-1.654282801014773341e+01,-5.336789395137779479e+01,-3.891859424421279812e+01,-4.839093851990942596e+01,-8.348026551139580143e-01,-3.499222759887825873e+01,-2.050854144327501416e+01,-2.699370331522425559e+01,-1.342822821002404332e+01
-1.072819994936671861e+01,-9.077375112929271239e+00,-1.258950784205672235e+01,-1.106238789618036478e+01,-2.122076643445295829e+01,-1.907022227139804471e+01,-2.676283275828750163e+01,-1.660831204587339727e+01,-5.226863373716926731e+01,-3.877347094967359453e+01,-4.717272134821143936e+01,-8.854646862612742808e-01,-3.521238392268956829e+01,-2.024879155477857040e+01,-2.672485950969757695e+01,-1.437781506957043121e+01
-1.043993215533342678e+01,-8.577613242130514237e+00,-1.201164407674097312e+01,-1.045169002888330922e+01,-2.054629242763436636e+01,-1.892537474977616085e+01,-2.603832087506737025e+01,-1.677217158385858298e+01,-5.133591823141142640e+01,-3.862785342976669511e+01,-4.617188142510995874e+01,-9.234615802123244954e-01,-3.549399407116571581e+01,-1.996014702406430530e+01,-2.641844227012327906e+01,-1.555651017206413833e+01
-1.016345798989704718e+01,-8.066031482719880685e+00,-1.150996037690589802e+01,-9.821460846165138037e+00,-1.993976238583719152e+01,-1.874685705163147276e+01,-2.546436254030595592e+01,-1.701054712576218719e+01,-5.059772076801952778e+01,-3.847656373039438193e+01,-4.541474896829510044e+01,-9.313165814251984642e-01,-3.581545805304141084e+01,-1.965386892832870203e+01,-2.607379279708742459e+01,-1.688788110664797415e+01
-9.894630460584096454e+00,-7.539607238774721942e+00,-1.108704228301927763e+01,-9.176577092483494624e+00,-1.939969884377794074e+01,-1.852390145752213613e+01,-2.505601005466837705e+01,-1.729598199636701850e+01,-5.007704494824825758e+01,-3.831591232971919680e+01,-4.492128894361846392e+01,-8.922958304451982237e-01,-3.615133818480575201e+01,-1.934215025435601376e+01,-2.569153155240869779e+01,-1.828455784675805873e+01
-9.629193100915088621e+00,-6.996797523630577942e+00,-1.074255801650696185e+01,-8.523200247510645866e+00,-1.892175387594690505e+01,-1.824915909775544520e+01,-2.482306656419993374e+01,-1.759854824392953532e+01,-4.978937869281708117e+01,-3.814349576035795764e+01,-4.470296602928638663e+01,-7.912203441007070737e-01,-3.647256377111111902e+01,-1.903726358797726448e+01,-2.527333513777884377e+01,-1.965325833345085726e+01
-9.363499026639301448e+00,-6.438233564804164644e+00,-1.047329822717542136e+01,-7.868768699243572584e+00,-1.849906948127112472e+01,-1.791917469871834001e+01,-2.476621377531413515e+01,-1.788684542757129847e+01,-4.973818131784632612e+01,-3.795806139598721529e+01,-4.475755049784250161e+01,-6.154283304372853980e-01,-3.674676166159186863e+01,-1.875065120244378036e+01,-2.482148390378043956e+01,-2.090025454401512661e+01
-9.095514048262099749e+00,-5.867402982884552642e+00,-1.027423534287462026e+01,-7.222564788394278068e+00,-1.812359643245569174e+01,-1.753550769665122289e+01,-2.487891678529861395e+01,-1.813100455783467169e+01,-4.991679227809238739e+01,-3.776067554238846924e+01,-4.507137963951785764e+01,-3.561260433517119406e-01,-3.694183953244935736e+01,-1.849272952038361595e+01,-2.433999202565005149e+01,-2.193754538718358305e+01
-8.825322378987861427e+00,-5.290831346048177508e+00,-1.013880754066493139e+01,-6.595295829276579980e+00,-1.778681067372664870e+01,-1.710464878120760801e+01,-2.514646270788463056e+01,-1.830396102224725041e+01,-5.030745892638672956e+01,-3.755424663431688970e+01,-4.561843083634178697e+01,-8.772884426759830490e-03,-3.702713414410360571e+01,-1.827212905171618118e+01,-2.383432048252481295e+01,-2.268783023182337644e+01
-8.555418830607226965e+00,-4.718117224783246577e+00,-1.005934580770231790e+01,-5.998800816062824559e+00,-1.748047831003428243e+01,-1.663768496258733620e+01,-2.554513110310287516e+01,-1.838274221347226245e+01,-5.088047679100763787e+01,-3.734323885169978041e+01,-4.635930536937009094e+01,4.265313986029404258e-01,-3.697503077232654789e+01,-1.809513935694920050e+01,-2.331121385390105161e+01,-2.308936480132426539e+01
-8.290972305378238261e+00,-4.161740032242899900e+00,-1.002796971610989374e+01,-5.445914747752556018e+00,-1.719767078234493596e+01,-1.615006042675031850e+01,-2.604476274639565503e+01,-1.835039616368356263e+01,-5.159730340659996273e+01,-3.713396155635633278e+01,-4.724493025964957837e+01,9.446554447061732418e-01,-3.676388650837742489e+01,-1.796564661864147894e+01,-2.277920655578297726e+01,-2.309980441269750884e+01
-8.039864545335721147e+00,-3.636577742318074513e+00,-1.003751827169977595e+01,-4.950287628432291420e+00,-1.693390024814809891e+01,-1.566112664924899178e+01,-2.661344963267870156e+01,-1.819785808264064997e+01,-5.241618631875816448e+01,-3.693480663587098434e+01,-4.822357657936827025e+01,1.535452627433330886e+00,-3.638104626515358575e+01,-1.788529120687932306e+01,-2.224930557594597857e+01,-2.269868122817203115e+01
-7.812096307559064812e+00,-3.159067307286164805e+00,-1.008144585430232354e+01,-4.525232307042825752e+00,-1.668731088302407528e+01,-1.519248940312770380e+01,-2.721799613579350563e+01,-1.792362475857652271e+01,-5.329318734476153452e+01,-3.675466133845814198e+01,-4.924281060417109757e+01,2.184734099250267736e+00,-3.582270370328677700e+01,-1.785298535817771892e+01,-2.173406477054648533e+01,-2.188828014626462704e+01
-7.619199189516628223e+00,-2.746313272628739810e+00,-1.015417542766208925e+01,-4.183120090519213186e+00,-1.645895009656211627e+01,-1.476670320156026683e+01,-2.782589494530179763e+01,-1.753382470199094811e+01,-5.418483127430238255e+01,-3.660251162530565949e+01,-5.025288299452381580e+01,2.874785934611388427e+00,-3.509489790779058183e+01,-1.786513667170661535e+01,-2.124719356493787359e+01,-2.069355548459436278e+01
-7.473473568219719532e+00,-2.415085078848765665e+00,-1.025145043721499150e+01,-3.934718132123601109e+00,-1.625295091973381290e+01,-1.440599279552572831e+01,-2.840847949647628212e+01,-1.704216937039204538e+01,-5.505219703728532465e+01,-3.648690405988310204e+01,-5.121179070654801535e+01,3.585257986054875445e+00,-3.421423735694598633e+01,-1.791609740611743362e+01,-2.080333381930820025e+01,-1.916054966480617594e+01
-7.386916888148901350e+00,-2.180681594321776551e+00,-1.036994499026596728e+01,-3.788107584691238650e+00,-1.607601227933543697e+01,-1.413034830107979190e+01,-2.894092589376892022e+01,-1.646834303767010610e+01,-5.586138898442912648e+01,-3.641453450094458333e+01,-5.208600541270514839e+01,4.294549707707790986e+00,-3.320627128750570733e+01,-1.799837459303824971e+01,-2.041689211226429279e+01,-1.735331575253461978e+01
-7.370097163963553299e+00,-2.055966468513145351e+00,-1.050669865380545431e+01,-3.747824902931363944e+00,-1.593648226674931223e+01,-1.395567555635818735e+01,-2.939969791099268548e+01,-1.583561314691101529e+01,-5.658100546827893140e+01,-3.638888774874757104e+01,-5.284707193658988444e+01,4.981118594706166469e+00,-3.210281707704756116e+01,-1.810294025326266620e+01,-2.010053949962372855e+01,-1.534987367851541151e+01
-7.431288402923689418e+00,-2.050509091380193105e+00,-1.065929640002166856e+01,-3.814754490055826786e+00,-1.584383877798840246e+01,-1.389296718541262265e+01,-2.976410813327799332e+01,-1.517005405234578497e+01,-5.718400063651367304e+01,-3.641063575593447865e+01,-5.347280291688899467e+01,5.624082188179519548e+00,-3.094165296302381307e+01,-1.822019333322414880e+01,-1.986505575290000181e+01,-1.323801862313436217e+01
-7.575636983945100766e+00,-2.169882876920079084e+00,-1.082555172492292250e+01,-3.985638626289079500e+00,-1.580787872357979928e+01,-1.394732636796926073e+01,-3.001641919161390604e+01,-1.449871392556742933e+01,-5.764787484368810055e+01,-3.647698160878200468e+01,-5.394682708136255656e+01,6.204411785258686862e+00,-2.976413446567667620e+01,-1.834051726215382416e+01,-1.971851541004587105e+01,-1.111011936276786294e+01
-7.804438378412795529e+00,-2.415175934384663048e+00,-1.100311539356945900e+01,-4.252898898695613994e+00,-1.583764569143414569e+01,-1.411730440918549334e+01,-3.014057231208295917e+01,-1.384759257829345458e+01,-5.795315359405773847e+01,-3.658136633899128753e+01,-5.425585124261469616e+01,6.705860589668528604e+00,-2.861231015341428474e+01,-1.845492124133917855e+01,-1.966545273478625333e+01,-9.057866382387082638e+00
-8.114894314488278582e+00,-2.782848554675832364e+00,-1.118964367788128200e+01,-4.605173689864379583e+00,-1.594088715895280117e+01,-1.439524572594509699e+01,-3.012392474594809499e+01,-1.324090253700578224e+01,-5.808512656988754941e+01,-3.671449166612170245e+01,-5.439074525725507669e+01,7.115166432082945747e+00,-2.752794459240565317e+01,-1.855604736385441100e+01,-1.970721165048209400e+01,-7.167699562593661256e+00
-8.500247839885988199e+00,-3.264898113893468512e+00,-1.138319578463493897e+01,-5.028200253123591423e+00,-1.612373571328865651e+01,-1.476815171126297521e+01,-2.996068677915041434e+01,-1.270084697808818675e+01,-5.803740226158532778e+01,-3.686564230025659583e+01,-5.435021941996969019e+01,7.422124164386113776e+00,-2.655182039810031824e+01,-1.863904659751974435e+01,-1.984263242533596383e+01,-5.516559791599927820e+00
-8.949973173558387174e+00,-3.849215924654548981e+00,-1.158199868826471857e+01,-5.505190000381247728e+00,-1.639014791985125896e+01,-1.521831136905236548e+01,-2.965269649013806941e+01,-1.224631756684791029e+01,-5.781252402226083120e+01,-3.702286911776678835e+01,-5.414168852272112531e+01,7.620152300703919579e+00,-2.572106228403541195e+01,-1.870184878231460601e+01,-2.006799379231622993e+01,-4.167831437784373705e+00
-9.450195783455860976e+00,-4.520132869912625750e+00,-1.178439833497353106e+01,-6.017704742659499395e+00,-1.674135870669049453e+01,-1.572440360077428778e+01,-2.920934086212825065e+01,-1.189206070099806567e+01,-5.742170337524873958e+01,-3.717407270991087387e+01,-5.378075849838140243e+01,7.706159641102329871e+00,-2.506729851202514681e+01,-1.874550346667226819e+01,-2.037717546859264672e+01,-3.168454519839180250e+00
-9.984485888612899984e+00,-5.259242927822499247e+00,-1.198914477540437673e+01,-6.546778945072948552e+00,-1.717580138942377488e+01,-1.626310907044131326e+01,-2.864909254989549225e+01,-1.164876496205659784e+01,-5.688635743986135651e+01,-3.730839910054349673e+01,-5.329299008642168189e+01,7.680120319052305078e+00,-2.461608082363295580e+01,-1.877432533491703026e+01,-2.076242131787110878e+01,-2.547340857905082245e+00
-1.053468469819248376e+01,-6.046282502218105925e+00,-1.219518499153008584e+01,-7.073599212701511263e+00,-1.768887455602306247e+01,-1.681036944488825924e+01,-2.799854030947491168e+01,-1.152239915553938587e+01,-5.623686308024726088e+01,-3.741667298355271498e+01,-5.271278488808154350e+01,7.545124550483531145e+00,-2.438497916855199321e+01,-1.879560842713047109e+01,-2.121446775830298748e+01,-2.314354151971841134e+00
-1.108176382618903943e+01,-6.860158795256420916e+00,-1.240126435612359579e+01,-7.580185927215332242e+00,-1.827261986351913947e+01,-1.734243004028074964e+01,-2.728849292484566291e+01,-1.151317382774787745e+01,-5.550807776673582339e+01,-3.749158284608338931e+01,-5.207810707109639736e+01,7.307161537379830207e+00,-2.438147720418363917e+01,-1.881884572067372829e+01,-2.172231458044255703e+01,-2.460529956664512241e+00
-1.160683131494450393e+01,-7.679955596453514666e+00,-1.260601078634977057e+01,-8.050490483098883487e+00,-1.891581323584929919e+01,-1.783732489027821089e+01,-2.655179278125963549e+01,-1.161592722813003853e+01,-5.473675205336986949e+01,-3.752891878326967401e+01,-5.142704319070639940e+01,6.974359957628497142e+00,-2.460311707682553362e+01,-1.885526293039421830e+01,-2.227379999306429070e+01,-2.959774777909679244e+00
-1.209217520318395778e+01,-8.485845599503434755e+00,-1.280803734730124077e+01,-8.470999949818125430e+00,-1.960438463413459687e+01,-1.827617968856018393e+01,-2.582228872767002059e+01,-1.182073110861976772e+01,-5.396040899462096263e+01,-3.752790605223258780e+01,-5.079653127099894050e+01,6.556698916761318330e+00,-2.503787204118838616e+01,-1.891689571564261030e+01,-2.285611272621249412e+01,-3.770930278553759507e+00
-1.252207330294379517e+01,-9.259886539507618863e+00,-1.300566891865628705e+01,-8.831046628027168666e+00,-2.032167285424847591e+01,-1.864399803638241337e+01,-2.513148737358347518e+01,-1.211291598186770813e+01,-5.321363190898198070e+01,-3.749107764445498248e+01,-5.021801648172375110e+01,6.065756038708973286e+00,-2.566396859274163234e+01,-1.901556191880193580e+01,-2.345578163970628083e+01,-4.840620576805450881e+00
-1.288364873679123868e+01,-9.986721360203240749e+00,-1.319722636733995813e+01,-9.123402032171711085e+00,-2.104915773346283103e+01,-1.893060146487823303e+01,-2.450744254023901192e+01,-1.247425201953983631e+01,-5.252689501821998874e+01,-3.742476853332904341e+01,-4.971622158146543313e+01,5.513972484232670723e+00,-2.645183376224294136e+01,-1.916189737927078696e+01,-2.405944594169169903e+01,-6.107116396360295241e+00
-1.316761103652491016e+01,-1.065404647677923400e+01,-1.338139610709862382e+01,-9.344692722424621678e+00,-2.176750196159019879e+01,-1.913141529479883118e+01,-2.397582508406835444e+01,-1.288476502651295874e+01,-5.192787599809295784e+01,-3.733938930831445191e+01,-4.931129214012128159e+01,4.914126147893996155e+00,-2.736684863599497675e+01,-1.936470846521654110e+01,-2.465497486007161143e+01,-7.504436924551603383e+00
-1.336861028974115406e+01,-1.125282098100778327e+01,-1.355726455576105138e+01,-9.495151370388009937e+00,-2.245745215589834487e+01,-1.924746971209721380e+01,-2.356062292706938877e+01,-1.332382110882745252e+01,-5.144252001960003895e+01,-3.724857971508862420e+01,-4.902128487678443491e+01,4.279361154012934598e+00,-2.837135477355788993e+01,-1.962986014302428117e+01,-2.523187494897671002e+01,-8.965975343745562043e+00
-1.348525550254877459e+01,-1.177718685102031060e+01,-1.372407071933083600e+01,-9.578138664112289646e+00,-2.310039192709434985e+01,-1.928491437375409845e+01,-2.328226821583367467e+01,-1.377062204222386121e+01,-5.109320958822419811e+01,-3.716815659891118173e+01,-4.886106105338620864e+01,3.623023716058743737e+00,-2.942601363108454038e+01,-1.995940857167673954e+01,-2.578119422123527116e+01,-1.042812626645040908e+01
-1.352008593289025384e+01,-1.222433398448555231e+01,-1.388142308866066799e+01,-9.599822234832680934e+00,-2.367926905762964296e+01,-1.925457297420519964e+01,-2.315836216853101348e+01,-1.420560957945837544e+01,-5.089982396197929404e+01,-3.711543360265130787e+01,-4.884452600538133993e+01,2.958349938000843782e+00,-3.049255699368143624e+01,-2.035123532564671223e+01,-2.629602020164641729e+01,-1.183368670824028790e+01
-1.347908848319308461e+01,-1.259405668908037690e+01,-1.402898302729893842e+01,-9.568193469696206321e+00,-2.417917825768785889e+01,-1.917082427047400728e+01,-2.320304673444850607e+01,-1.461099810307534419e+01,-5.087928624218854168e+01,-3.710748102863553299e+01,-4.898522515616504336e+01,2.298714617024295137e+00,-3.153514140976236035e+01,-2.079861619681117801e+01,-2.677126460992561618e+01,-1.313423061201109654e+01
-1.337095406170583090e+01,-1.288822680893705730e+01,-1.416596746185241606e+01,-9.492069542152712813e+00,-2.458754461769417787e+01,-1.904998567274046195e+01,-2.342420627654583143e+01,-1.497056034321213502e+01,-5.104254868775997522e+01,-3.715928174380425730e+01,-4.929341612067918277e+01,1.657796206660440586e+00,-3.252087542125788389e+01,-2.128985593819358968e+01,-2.720288459302858897e+01,-1.429182829459355020e+01
-1.320623511662385852e+01,-1.311019143687691191e+01,-1.429083204346384584e+01,-9.380283222466896831e+00,-2.489421434065926775e+01,-1.890882017824333161e+01,-2.382071373678260073e+01,-1.526973121032905389e+01,-5.139141787373288395e+01,-3.728243348909879273e+01,-4.977231033007207373e+01,1.049358597137024729e+00,-3.342062528236569108e+01,-2.180862264454455968e+01,-2.758742075040454012e+01,-1.528028512128281946e+01
-1.299658405887411483e+01,-1.326418503788974235e+01,-1.440139394179454868e+01,-9.241016207334483923e+00,-2.509192839009948983e+01,-1.876343400129265149e+01,-2.438346419449630531e+01,-1.549653482440961483e+01,-5.191956541314978324e+01,-3.748430030196797702e+01,-5.041911439462566591e+01,4.871117670080007400e-01,-3.421079966622168200e+01,-2.233459405414861010e+01,-2.792217114814564027e+01,-1.608551166262673604e+01
-1.275382403260622333e+01,-1.335473164930280987e+01,-1.449453966195589416e+01,-9.080882687024320887e+00,-2.517627912148267910e+01,-1.862777131135630526e+01,-2.509401834773642292e+01,-1.564131125595136140e+01,-5.261068278824615163e+01,-3.776665938033801240e+01,-5.122257181724600628e+01,-1.527163992915769875e-02,-3.487322460151332848e+01,-2.284425340844795826e+01,-2.820457962470942448e+01,-1.670485301626727903e+01
-1.248916177358893087e+01,-1.338620984770189182e+01,-1.456629763641615227e+01,-8.904585424741300770e+00,-2.514574192448463208e+01,-1.851265856841298785e+01,-2.592458733951142591e+01,-1.569700626474748972e+01,-5.343809188029938184e+01,-3.812546679183187592e+01,-5.216171879580143411e+01,-4.447494323716514319e-01,-3.539571338738115003e+01,-2.331220131407091856e+01,-2.843214413651994121e+01,-1.714624638381671318e+01
-1.221265992030625469e+01,-1.336249164053131544e+01,-1.461230529599612993e+01,-8.714893378325562878e+00,-2.500197159836469396e+01,-1.842532437664942435e+01,-2.684111210910716494e+01,-1.566018523876773116e+01,-5.436773029710757044e+01,-3.855122679038839806e+01,-5.320879732921460459e+01,-7.894510134374528310e-01,-3.577327978079336646e+01,-2.371270195239122813e+01,-2.860298804785677262e+01,-1.742671720204543817e+01
-1.193275201691237086e+01,-1.328670040979119094e+01,-1.462820080913355447e+01,-8.512647243285298870e+00,-2.474997476663865825e+01,-1.836911667564099915e+01,-2.780767081577579347e+01,-1.553172460396129750e+01,-5.536265099535455647e+01,-3.902944733654125287e+01,-5.433428104709408046e+01,-1.039079649896907931e+00,-3.600882459145714165e+01,-2.402121347189282119e+01,-2.871639216906392988e+01,-1.757018584011159490e+01
-1.165582695679184866e+01,-1.316110902371285718e+01,-1.460955084422494465e+01,-8.296647779822608371e+00,-2.439772484274495667e+01,-1.834301224923319751e+01,-2.878681848298153056e+01,-1.531613365676660443e+01,-5.638308934654730820e+01,-3.954072055592694568e+01,-5.550648231299015833e+01,-1.185174383507246798e+00,-3.611145228775784943e+01,-2.421576234845528930e+01,-2.877230763403180802e+01,-1.760484502328530354e+01
-1.138612648521341164e+01,-1.298722657705654804e+01,-1.455229402480698475e+01,-8.064101727670447417e+00,-2.395605229754858456e+01,-1.834193340027182373e+01,-2.974238623039092033e+01,-1.502168913075021628e+01,-5.738930842552903755e+01,-4.006200346542696167e+01,-5.669417760398471273e+01,-1.221783529553315262e+00,-3.609619996316340007e+01,-2.427842738748347529e+01,-2.877164552175880630e+01,-1.756069678766738917e+01
-1.112571591197630205e+01,-1.276592585873399166e+01,-1.445299040983417171e+01,-7.810989029973510078e+00,-2.343833251191053790e+01,-1.835718998064910323e+01,-3.064234828588184101e+01,-1.466029837224785837e+01,-5.834464082859841483e+01,-4.056769311272749690e+01,-5.786956827053310803e+01,-1.145667276445271110e+00,-3.598311192456279173e+01,-2.419644779587667571e+01,-2.871638555056974695e+01,-1.746696767763967983e+01
-1.087457445845647896e+01,-1.249774921514876347e+01,-1.430873947810543001e+01,-7.532386659817369434e+00,-2.285985766025444121e+01,-1.837676964433084237e+01,-3.145841344939725559e+01,-1.424628351449975305e+01,-5.921501979647877079e+01,-4.103046167783880804e+01,-5.900689187577208372e+01,-9.564353888179830676e-01,-3.579473246269936482e+01,-2.396301628311437426e+01,-2.860898861209886945e+01,-1.734948377925147867e+01
-1.063075535495828916e+01,-1.218325403632259452e+01,-1.411696768287810144e+01,-7.222916842902305845e+00,-2.223684204163227918e+01,-1.838574151989429240e+01,-3.216365116017833969e+01,-1.379477916807829274e+01,-5.996631032464794941e+01,-4.142226201667686070e+01,-6.007795986762201323e+01,-6.565416751386012884e-01,-3.555331856064289298e+01,-2.357773158890672249e+01,-2.845163790075501709e+01,-1.722852026682494042e+01
-1.039089159140386087e+01,-1.182341810491580070e+01,-1.387601632466787294e+01,-6.877683449507954627e+00,-2.158618112330152172e+01,-1.836770456132138207e+01,-3.273498637227368135e+01,-1.332184642957027165e+01,-6.056727095854868281e+01,-4.171662092893323859e+01,-6.105421890181297329e+01,-2.516395802143409632e-01,-3.528076101253154917e+01,-2.304700988188670152e+01,-2.824673332815506654e+01,-1.711755476435051548e+01
-1.015071135492548038e+01,-1.142006189042939113e+01,-1.358515195867714809e+01,-6.492704910664766516e+00,-2.092482322124051208e+01,-1.830570925330133392e+01,-3.315275531899007433e+01,-1.284330150175546237e+01,-6.098927814070025732e+01,-4.188968244088438553e+01,-6.190549328365653992e+01,2.497582538069378355e-01,-3.499653802908159150e+01,-2.238370365670432705e+01,-2.799642270960044499e+01,-1.702208418283139224e+01
-9.905418984416204609e+00,-1.097610642021835758e+01,-1.324449435197378833e+01,-6.065360348819928582e+00,-2.026898248028670224e+01,-1.818323177345049402e+01,-3.339964487854324204e+01,-1.237366090782187911e+01,-6.120550390556208242e+01,-4.192149407723952947e+01,-6.259807306915118374e+01,8.365837961134110490e-01,-3.471615278858460130e+01,-2.160650630723595356e+01,-2.770220377806475653e+01,-1.693920890264697121e+01
-9.650323723569828260e+00,-1.049581790792835179e+01,-1.285545278003974090e+01,-5.595103735235302800e+00,-1.963387817144146297e+01,-1.798557193664140996e+01,-3.346275409105586363e+01,-1.192613283088818221e+01,-6.119375014102466537e+01,-4.179774676273075329e+01,-6.309756060953151291e+01,1.495488304570374627e+00,-3.445144542915319619e+01,-2.073916346661656362e+01,-2.736541354175373542e+01,-1.685812335418926367e+01
-9.381562249137862963e+00,-9.985021773559498826e+00,-1.242130258803103260e+01,-5.084122213728677231e+00,-1.903383283997762021e+01,-1.770142895411251160e+01,-3.333746065564340455e+01,-1.151304794493675487e+01,-6.094128260504709971e+01,-4.151140088392499194e+01,-6.337488622513264147e+01,2.211115664534348824e+00,-3.421157933481786984e+01,-1.980950995082177002e+01,-2.698804445842988997e+01,-1.676127726687924735e+01
-9.096367390513819373e+00,-9.451071249997939461e+00,-1.194679578505062167e+01,-4.537092193531345075e+00,-1.848171007267819377e+01,-1.732330732540390628e+01,-3.302645285305242595e+01,-1.114454476402883110e+01,-6.044442334832865527e+01,-4.106242893289638829e+01,-6.340680935223105763e+01,2.967258692543865539e+00,-3.400163227103314512e+01,-1.884788001151545345e+01,-2.657213542579603782e+01,-1.662540320053012266e+01
-8.793344887205929439e+00,-8.902692508725245091e+00,-1.143819366874104482e+01,-3.961208823860490114e+00,-1.798856931888675348e+01,-1.684823781575121160e+01,-3.254022853666229764e+01,-1.082838578476390090e+01,-5.970975398041719728e+01,-4.045826356122529432e+01,-6.317834112706074734e+01,3.747442846404193340e+00,-3.382302879127467321e+01,-1.788547991232908885e+01,-2.611987098491449899e+01,-1.642341978078600206e+01
-8.472688290457988103e+00,-8.349722716946804013e+00,-1.090330816314775220e+01,-3.365988038330673504e+00,-1.756366003600674475e+01,-1.627836190712420716e+01,-3.189841967677638834e+01,-1.057014987376777526e+01,-5.875616558057915029e+01,-3.971373764408042462e+01,-6.268657730105350367e+01,4.535665148274464542e+00,-3.367454105740066694e+01,-1.695279092736981852e+01,-2.563389175860606528e+01,-1.612661251979179511e+01
-8.136053666102803561e+00,-7.802751690070643065e+00,-1.035096151553853261e+01,-2.762585052122987328e+00,-1.721398254074756906e+01,-1.562060606512308958e+01,-3.112774893900904516e+01,-1.037237208336019201e+01,-5.761299617070662293e+01,-3.884978969391065817e+01,-6.194024259892819373e+01,5.317425552611493522e+00,-3.355179023624955903e+01,-1.607776236681721116e+01,-2.511677593125349617e+01,-1.570677389703834947e+01
-7.786281150649761784e+00,-7.272666188024993872e+00,-9.790223717758083311e+00,-2.162929040154822680e+00,-1.694374372866211687e+01,-1.488598864631590857e+01,-3.025752147852179519e+01,-1.023343688274581353e+01,-5.631524726838011219e+01,-3.789176708572038876e+01,-6.095536635444446460e+01,6.080638447711660177e+00,-3.344633046185408176e+01,-1.528411354348933493e+01,-2.457015295551690315e+01,-1.513818546026550393e+01
-7.427312969280897903e+00,-6.770285394453608774e+00,-9.230529582388474097e+00,-1.579566579319475306e+00,-1.675453256836634353e+01,-1.408957637530955864e+01,-2.931944860112212936e+01,-1.014857177312002179e+01,-5.490334895011628902e+01,-3.686905727299323132e+01,-5.975600204855156505e+01,6.815598720996898230e+00,-3.334781183559752549e+01,-1.459051514001870409e+01,-2.399551985816957256e+01,-1.440039121594484683e+01
-7.063821128755419565e+00,-6.305852208854721752e+00,-8.681221107535410653e+00,-1.024729368531899887e+00,-1.664527218675297604e+01,-1.324967034094597729e+01,-2.834586462459377998e+01,-1.010998951264144807e+01,-5.342097022444247045e+01,-3.581320882290361851e+01,-5.837306936197828122e+01,7.515492479394787040e+00,-3.324452868438487485e+01,-1.400961703464431984e+01,-2.339415968000433210e+01,-1.348013412267399680e+01
-6.700837844500879825e+00,-5.888648355467088535e+00,-8.151065155393119710e+00,-5.096093075689926977e-01,-1.661228730931921405e+01,-1.238684538775389399e+01,-2.736683543661195017e+01,-1.010705849677178847e+01,-5.191130920657951009e+01,-3.475610945751206771e+01,-5.684105855388332174e+01,8.176447359544511073e+00,-3.312378468691982647e+01,-1.354758509502588559e+01,-2.276708303901679997e+01,-1.237309561571507999e+01
-6.343603860083494084e+00,-5.526745607492037138e+00,-7.648399530844832483e+00,-4.419609106061939130e-02,-1.664975751032500284e+01,-1.152341374156581821e+01,-2.641026595006253430e+01,-1.012780093045576635e+01,-5.041666031646310842e+01,-3.372920972810591422e+01,-5.519830600039370694e+01,8.796950946181192776e+00,-3.297399416498585367e+01,-1.320439651241610335e+01,-2.211585594532358101e+01,-1.108532645368120662e+01
-5.997483341628019993e+00,-5.226787865297131574e+00,-7.181499392631504719e+00,3.627232699480793521e-01,-1.675064375402941863e+01,-1.068310180325636694e+01,-2.550505374208866982e+01,-1.016112923779020960e+01,-4.898109500482877365e+01,-3.276304213442143975e+01,-5.349127392718475704e+01,9.376998032481100864e+00,-3.278762057228520632e+01,-1.297458983427337564e+01,-2.144411523200096426e+01,-9.634428548494309297e+00
-5.667669318984484228e+00,-4.993787947644014125e+00,-6.758017184069187167e+00,7.042947774431556063e-01,-1.690703460387585721e+01,-9.889707437263192347e+00,-2.468000039207368346e+01,-1.019711610502554677e+01,-4.764860788920279333e+01,-3.188499222616495388e+01,-5.177359592156346935e+01,9.917996052093421611e+00,-3.256081642939935961e+01,-1.284798308039700032e+01,-2.075749681602879448e+01,-8.049315369618332383e+00
-5.359001349678494286e+00,-4.831137015593763628e+00,-6.384937567695753380e+00,9.755948253932185121e-01,-1.711057689526789005e+01,-9.166209658110000547e+00,-2.396314399962813724e+01,-1.022803995332184002e+01,-4.646160963253726095e+01,-3.111862036197974390e+01,-5.010464108436897135e+01,1.042159457386908095e+01,-3.229431681071893934e+01,-1.281085075092754799e+01,-2.006414879454729316e+01,-6.370177853606682206e+00
-5.075946604405459084e+00,-4.740664784157605283e+00,-6.068627278596151697e+00,1.173554916636856182e+00,-1.735319832178612742e+01,-8.534183252499136785e+00,-2.338305640934077445e+01,-1.024975340783161037e+01,-4.546160610316071171e+01,-3.048312997674530678e+01,-4.855042375319877124e+01,1.088878057243186781e+01,-3.199463628843747287e+01,-1.284733415981137483e+01,-1.937532366617069002e+01,-4.647375976191605140e+00
-4.822484917883471667e+00,-4.722780448591747948e+00,-5.814473881249197618e+00,1.297120486981780507e+00,-1.762739392945820782e+01,-8.012713880687083901e+00,-2.296747948375797677e+01,-1.026183455403898925e+01,-4.468715358879677524e+01,-2.999227291000129725e+01,-4.718081180512076855e+01,1.131931186608613160e+01,-3.167319095150460129e+01,-1.294084154296511358e+01,-1.870508641821989571e+01,-2.939407474338096016e+00
-4.601850175199873050e+00,-4.776592690789312812e+00,-5.626186029208112060e+00,1.347434045722354590e+00,-1.792610980348818472e+01,-7.617137501346681105e+00,-2.273931704610627946e+01,-1.026678763112279569e+01,-4.416890965844353190e+01,-2.965325303645536081e+01,-4.606255215355579224e+01,1.171132430695571358e+01,-3.134443142371527813e+01,-1.307511995484069978e+01,-1.806936306402995029e+01,-1.310369494501694376e+00
-4.416563788267628965e+00,-4.900179169564723658e+00,-5.505819624816369995e+00,1.327279058407920598e+00,-1.824294579491328605e+01,-7.358667434699919241e+00,-2.271521489096687674e+01,-1.027038673058592444e+01,-4.392761354375547000e+01,-2.946733692921549519e+01,-4.525476079336039703e+01,1.206030799632694084e+01,-3.102579837085203707e+01,-1.323575427513195635e+01,-1.748583107502236089e+01,1.724004547187867331e-01
-4.268493344992913663e+00,-5.090802306868486227e+00,-5.453649814634544235e+00,1.240891737367793901e+00,-1.857233820547536851e+01,-7.243916025277591153e+00,-2.290486187130553475e+01,-1.028144989187020641e+01,-4.397320913528481867e+01,-2.942991052712734756e+01,-4.480574618597821512e+01,1.235897737416273401e+01,-3.073677124143565109e+01,-1.341131377370290778e+01,-1.697335417922849032e+01,1.441493267910903597e+00
-4.158665958396206008e+00,-5.345036027159376424e+00,-5.467708409873976549e+00,1.093956948488179481e+00,-1.890926175473938997e+01,-7.274284696622238755e+00,-2.330838983422837885e+01,-1.031072452338911205e+01,-4.430198220658942887e+01,-2.953044047909763137e+01,-4.474724765609690280e+01,1.259744110637602255e+01,-3.049685553967174201e+01,-1.359391312677350783e+01,-1.655067940444395447e+01,2.432855216644547625e+00
-4.087354939810699861e+00,-5.658878429201003257e+00,-5.543938954878364633e+00,8.930549537486385248e-01,-1.924920931463126550e+01,-7.446116418135106052e+00,-2.391623051948437251e+01,-1.037047096949552305e+01,-4.489670050529687018e+01,-2.975370043407464493e+01,-4.509196917905961755e+01,1.276315126032692859e+01,-3.032506400451315542e+01,-1.377974182054101249e+01,-1.623584272553840080e+01,3.088734447023280261e+00
-4.054221001873510311e+00,-6.027905197819451999e+00,-5.676591399584391517e+00,6.450612062830154425e-01,-1.958838982668438078e+01,-7.751159260933063067e+00,-2.471146500665055612e+01,-1.047435714755014402e+01,-4.572973273964804264e+01,-3.008123566526307258e+01,-4.583507768941576188e+01,1.284121301083248134e+01,-3.023997222746688607e+01,-1.396943944808372606e+01,-1.604585982724475102e+01,3.360497274356233355e+00
-4.058238428327396008e+00,-6.447146591616910172e+00,-5.858196525607795024e+00,3.571168930294355004e-01,-1.992354011101772926e+01,-8.176748636386166780e+00,-2.567153103432470118e+01,-1.063640034433631776e+01,-4.676575018102627013e+01,-3.049194326031608426e+01,-4.695599086624358875e+01,1.281563072875685094e+01,-3.025841577970041385e+01,-1.416754137595199836e+01,-1.599563284179432543e+01,3.211778872526728446e+00
-4.097523516295721535e+00,-6.910962125944835499e+00,-6.079464433726750272e+00,3.661410311543833451e-02,-2.025142852825447193e+01,-8.706016454178969965e+00,-2.676780057969679660e+01,-1.086934835955829115e+01,-4.796213755674071422e+01,-3.096285758571439573e+01,-4.841757049724275674e+01,1.267035745696202298e+01,-3.039387605007183879e+01,-1.438161175797378988e+01,-1.609653675833994768e+01,2.620719266970971351e+00
-4.169241333799552862e+00,-7.412846513831642170e+00,-6.329669204813500372e+00,-3.089668754060750366e-01,-2.056861689606867571e+01,-9.318646268526645571e+00,-2.796770960321000388e+01,-1.118387184210324747e+01,-4.927232264304269904e+01,-3.147038994613197360e+01,-5.016917684923492970e+01,1.239050534396915459e+01,-3.065610287999672323e+01,-1.462117669978497503e+01,-1.635559817428414320e+01,1.581765735570189513e+00
-4.269346848016034812e+00,-7.945102414744177111e+00,-6.596612030998077358e+00,-6.717671417159372105e-01,-2.087097199927365665e+01,-9.991299215931352506e+00,-2.923581675405569413e+01,-1.158709537814708845e+01,-5.064799328584724236e+01,-3.199065271116423403e+01,-5.214907243929316394e+01,1.196414642135886197e+01,-3.104977514591573851e+01,-1.489618066643941319e+01,-1.677420730166251062e+01,1.071902625754459493e-01
-4.392241556008664283e+00,-8.498609195516793946e+00,-6.866452453464109595e+00,-1.043106502761761867e+00,-2.115292170425247775e+01,-1.069787540439440221e+01,-3.053228019992359776e+01,-1.208064815496283018e+01,-5.203828424538909303e+01,-3.249954248473346041e+01,-5.428351611114690911e+01,1.138399936466604778e+01,-3.157249146815698637e+01,-1.521529027815806501e+01,-1.734658470823249843e+01,-1.772280427755429599e+00
-4.530640530248426501e+00,-9.062684431014796260e+00,-7.124026894944487154e+00,-1.413579159988256784e+00,-2.140699720155016905e+01,-1.141028728914387713e+01,-3.181209937506825014e+01,-1.265971461350591554e+01,-5.338952891450603033e+01,-3.297360486869978047e+01,-5.648648531647022963e+01,1.064835484669638177e+01,-3.221431700402952458e+01,-1.558441971364733902e+01,-1.805918118239465997e+01,-4.008289513451379626e+00
-4.675533812830190428e+00,-9.624968157179825567e+00,-7.353477177810585630e+00,-1.772976116135957625e+00,-2.162378642691564323e+01,-1.209952284070007167e+01,-3.302763756015995966e+01,-1.331299969851053078e+01,-5.464850682290202144e+01,-3.339070663134130257e+01,-5.866437484580473694e+01,9.762222283164971870e+00,-3.295847771774566581e+01,-1.600525973868735718e+01,-1.889072634993309308e+01,-6.536030047658030639e+00
-4.816134351035122663e+00,-1.017139618059654538e+01,-7.538575297830417021e+00,-2.110043454099455928e+00,-2.179174596128115837e+01,-1.273648453902604061e+01,-3.412893729599605308e+01,-1.402238123046761586e+01,-5.576302469792619121e+01,-3.373017717729792508e+01,-6.071795517168882128e+01,8.738109275784015750e+00,-3.378104427684289846e+01,-1.647433725226899526e+01,-1.981215428981182924e+01,-9.276103524297646175e+00
-4.940111849485932183e+00,-1.068644477117029190e+01,-7.663499272345536184e+00,-2.412774875639096539e+00,-2.189742133354240394e+01,-1.329314249480404797e+01,-3.506537419174203052e+01,-1.476355177183806511e+01,-5.668363566352356742e+01,-3.397363284899067537e+01,-6.254601020005825518e+01,7.596017056162192915e+00,-3.465207622598118320e+01,-1.698243164018035500e+01,-2.078746195746894543e+01,-1.213754141538905351e+01
-5.034073576566718167e+00,-1.115348334243953587e+01,-7.713940076763952547e+00,-2.668904675029919460e+00,-2.192614941031903442e+01,-1.374396565032486706e+01,-3.579002392798787469e+01,-1.550788669241250517e+01,-5.736807326246955085e+01,-3.410589474541734489e+01,-6.405291009565016225e+01,6.362937137570007451e+00,-3.553810428451311054e+01,-1.751440129256688749e+01,-2.177563967004219947e+01,-1.502166175764866196e+01
-5.084173051054971637e+00,-1.155532198539310684e+01,-7.678141136793864341e+00,-2.866387990600699709e+00,-2.186303981374977923e+01,-1.406730509747802671e+01,-3.626503051510906062e+01,-1.622454617315650083e+01,-5.778675276614381318e+01,-3.411564785504597808e+01,-6.515809034541173617e+01,5.072142368224263898e+00,-3.640462852365293145e+01,-1.804961053639708624e+01,-2.273280361974317998e+01,-1.782588185413550974e+01
-5.076639226596849852e+00,-1.187481344053847820e+01,-7.547324550152999301e+00,-2.993649338979224694e+00,-2.169352880726011179e+01,-1.424610022061579784e+01,-3.646268648854557171e+01,-1.688159408638241388e+01,-5.792319570981938170e+01,-3.399526308777853245e+01,-6.579963230282683639e+01,3.762146786838583612e+00,-3.721682492949398835e+01,-1.856256396843461687e+01,-2.361367772768776518e+01,-2.044767583126066057e+01
-4.998618198088540687e+00,-1.209573988318209636e+01,-7.316618041121929927e+00,-3.040326338747019630e+00,-2.140448635046573855e+01,-1.426898900197233289e+01,-3.636850344872489416e+01,-1.744838035663894971e+01,-5.777664250011429203e+01,-3.374143844672050818e+01,-6.594006022967046476e+01,2.474778830260524476e+00,-3.794202089352030782e+01,-1.902437309626648343e+01,-2.437416808950005276e+01,-2.278926116888694864e+01
-4.839090946963779949e+00,-1.220375932785136897e+01,-6.985688624671994695e+00,-2.997931724093230610e+00,-2.098535415183951613e+01,-1.413115419587823318e+01,-3.598396985033950557e+01,-1.789788324659746621e+01,-5.736411898788686869e+01,-3.335535332962767541e+01,-6.557153781894461986e+01,1.253194299864008432e+00,-3.855187535517401187e+01,-1.940436821173260640e+01,-2.497379235974314327e+01,-2.476192197089905989e+01
-4.589549866371218201e+00,-1.218727256575654216e+01,-6.558694239557803840e+00,-2.860219368747030533e+00,-2.042876894958781619e+01,-1.383433988507501589e+01,-3.532523562126593220e+01,-1.820775540249064761e+01,-5.671800442479091231e+01,-3.284210240620831200e+01,-6.471499713393393449e+01,1.399422562069578824e-01,-3.902262979746494409e+01,-1.967204667774014837e+01,-2.537736288106702887e+01,-2.628949981612998954e+01
-4.244645112105880358e+00,-1.203834083683016054e+01,-6.044032262375733211e+00,-2.623676425595394157e+00,-1.973104827540376505e+01,-1.338665011621133871e+01,-3.441976117416625414e+01,-1.836123180261680687e+01,-5.588127060115870393e+01,-3.221026827267056092e+01,-6.341542264522001915e+01,-8.253003652687775915e-01,-3.933538662381373285e+01,-1.979896658683080801e+01,-2.555641164947556021e+01,-2.731178730261591880e+01
-3.803107105338486171e+00,-1.175363408282547439e+01,-5.454749171268896468e+00,-2.288458701432293463e+00,-1.889327123274915010e+01,-1.280290382255965298e+01,-3.330707038177722268e+01,-1.834935771652915903e+01,-5.490741349969589180e+01,-3.147246124710249404e+01,-6.174197141641536746e+01,-1.608306431551923765e+00,-3.947843478371836312e+01,-1.976114769055727294e+01,-2.549151620633084292e+01,-2.778751976433856896e+01
-3.268211773467737391e+00,-1.133505311184010012e+01,-4.807923869609179057e+00,-1.858588171423756874e+00,-1.792164548856323592e+01,-1.210403398953817167e+01,-3.203588109748415036e+01,-1.817146411081705892e+01,-5.385653943667512777e+01,-3.064462820936028820e+01,-5.978294520875306262e+01,-2.182185586909844766e+00,-3.944713168820804583e+01,-1.954107579676723816e+01,-2.517335716320549466e+01,-2.769615576046005145e+01
-2.648047107714050163e+00,-1.079010977377487457e+01,-4.123992448153609658e+00,-1.342182510254706251e+00,-1.682764345658084437e+01,-1.131627881204366126e+01,-3.066065107236268972e+01,-1.783540955602961020e+01,-5.279089398497003316e+01,-2.974560438779462856e+01,-5.763933249031174455e+01,-2.529164334006790860e+00,-3.924393715609803479e+01,-1.912936004674106982e+01,-2.460333439894817786e+01,-2.703899042533755193e+01
-1.955778832300071102e+00,-1.013211997044191826e+01,-3.426355791965658426e+00,-7.518485037999977916e-01,-1.562829463951714715e+01,-1.047056047844160176e+01,-2.924069607985047625e+01,-1.735830912944002691e+01,-5.177363084650030345e+01,-2.879722005613312774e+01,-5.542167457961942034e+01,-2.642180621737522550e+00,-3.887946350444220656e+01,-1.852628062335093162e+01,-2.379450320620320625e+01,-2.583953741413279559e+01
-1.209687427447277308e+00,-9.380137218529471355e+00,-2.740877631139271742e+00,-1.048489069190103873e-01,-1.434644772832092485e+01,-9.601762436331137351e+00,-2.784076987570453099e+01,-1.676688902359650868e+01,-5.086949565842326137e+01,-2.782436606200869988e+01,-5.324902512876455063e+01,-2.525859259307840610e+00,-3.837348989302221725e+01,-1.774298003025702997e+01,-2.277223276658469686e+01,-2.414296836470271046e+01
-4.325133782086121315e-01,-8.558294737754120973e+00,-2.094280833376950035e+00,5.777568967964962221e-01,-1.300986762140212072e+01,-8.746882012690550212e+00,-2.652657502299177850e+01,-1.609547891239942174e+01,-5.014020455661235331e+01,-2.685337266608655682e+01,-5.124159774090377084e+01,-2.196182992339235973e+00,-3.775270246123247375e+01,-1.680123637876047482e+01,-2.157260292550424907e+01,-2.201380214865884000e+01
3.494378001911009335e-01,-7.694831373062885227e+00,-1.512927551995368880e+00,1.271820584901675488e+00,-1.165021423970413217e+01,-7.943434576899344179e+00,-2.536186494994132090e+01,-1.538441229225576734e+01,-4.964183150861583016e+01,-2.591133240988614972e+01,-4.951509053378006797e+01,-1.680045531669432490e+00,-3.704973268110937568e+01,-1.573288197109917874e+01,-2.024093385500415820e+01,-1.953324613854795544e+01
1.107181256406725378e+00,-6.821045784947413537e+00,-1.021837749277345608e+00,1.950860162985013968e+00,-1.030223981778402376e+01,-7.228126489616569117e+00,-2.440744512263783150e+01,-1.467857854399397688e+01,-4.942452969561439602e+01,-2.502548184086431604e+01,-4.817792875676857989e+01,-1.014260079091883870e+00,-3.630252809270021430e+01,-1.457877695205930735e+01,-1.883031223547360966e+01,-1.679608264916285520e+01
1.810543543870338112e+00,-5.969830907086413951e+00,-6.429389224273638348e-01,2.587615670066209184e+00,-9.001988342432779788e+00,-6.634691659424660770e+00,-2.371583909363597797e+01,-1.402390594133917645e+01,-4.952759778806941426e+01,-2.422128890156813696e+01,-4.732289978472131509e+01,-2.434083636122768013e-01,-3.555103474882674419e+01,-1.338677206308830847e+01,-1.739839144781803171e+01,-1.390628073800349718e+01
2.429958512167536888e+00,-5.173937524630131790e+00,-3.932653451187109184e-01,3.155736806241224102e+00,-7.784581949042834736e+00,-6.191642887463078004e+00,-2.332475581673013920e+01,-1.346357565660385092e+01,-4.997317294932692988e+01,-2.352068232141441584e+01,-4.701689836440863246e+01,5.826813421524228431e-01,-3.483367208050950126e+01,-1.220895346511957236e+01,-1.600366723044533046e+01,-1.097230119964626383e+01
2.937968581264343459e+00,-4.464311133363594308e+00,-2.843383003243946661e-01,3.630782658824103670e+00,-6.682741967821995033e+00,-5.921271977737609049e+00,-2.325606668035783287e+01,-1.303620871075120746e+01,-5.076600704454278912e+01,-2.294188780319052867e+01,-4.729789397065280809e+01,1.411066603737447744e+00,-3.418677016163846361e+01,-1.109918191817144084e+01,-1.470323565884623385e+01,-8.102967174808981099e+00
3.310860053552590720e+00,-3.868403792485514803e+00,-3.212169109462807981e-01,3.991828468117463835e+00,-5.725016964499024752e+00,-5.838236450708603975e+00,-2.351341494421442135e+01,-1.277309878956108236e+01,-5.189170251194882155e+01,-2.249807201226051134e+01,-4.817089120320336093e+01,2.188722774414938677e+00,-3.364205591673525220e+01,-1.010999039356547513e+01,-1.354962094957218710e+01,-5.402772680705812292e+00
3.530276735591374226e+00,-3.408568022140876508e+00,-5.018280281568294754e-01,4.222869561675040018e+00,-4.933974471208065538e+00,-5.948539230819312351e+00,-2.407998317997048687e+01,-1.269575598781455383e+01,-5.331492996709665988e+01,-2.219641053917012030e+01,-4.960438586981367592e+01,2.865402939167847052e+00,-3.322450807513200743e+01,-9.289471232617774632e+00,-1.258772724744191862e+01,-2.967557974089269912e+00
3.584392604565704410e+00,-3.100689297148983226e+00,-8.171818341281484877e-01,4.313591326005830950e+00,-4.325096092973209849e+00,-6.249400167201722311e+00,-2.492045785023189097e+01,-1.281504945409919571e+01,-5.498222422137764198e+01,-2.203827951907713256e+01,-5.153282184302386781e+01,3.396053894249794425e+00,-3.295219410767992230e+01,-8.678700267262804857e+00,-1.185309713299922763e+01,-8.808646343022017433e-01
3.468638967586552546e+00,-2.953258425539916132e+00,-1.252240496926836144e+00,4.259689202134098629e+00,-3.906279316227371012e+00,-6.729837171926360107e+00,-2.598598689139380014e+01,-1.313141074952226361e+01,-5.682787064431505542e+01,-2.201994845832192382e+01,-5.386397648174330755e+01,3.742766675270736254e+00,-3.283705690587478898e+01,-8.309687565416986388e+00,-1.137119744267395660e+01,7.887677274117947945e-01
3.186420729243981675e+00,-2.966618191092635470e+00,-1.786214322579217750e+00,4.063683357829179776e+00,-3.677118860176551429e+00,-7.370758234330052616e+00,-2.721663075015212385e+01,-1.363408373454309697e+01,-5.877685205691535941e+01,-2.213196378361585204e+01,-5.648403804867071187e+01,3.877162396061181848e+00,-3.288364130613722836e+01,-8.203143872705233264e+00,-1.115586816516536217e+01,1.990618398944021372e+00
2.749276413326966040e+00,-3.132754628393937146e+00,-2.393624152946081551e+00,3.734879644409128119e+00,-3.628766438341506806e+00,-8.145955427386407877e+00,-2.854481739779387439e+01,-1.430168019122864465e+01,-6.074875906603192277e+01,-2.235981857444235743e+01,-5.926406419454751529e+01,3.781569724936256538e+00,-3.308929157398436161e+01,-8.367231398018610378e+00,-1.120883526585171808e+01,2.693219760974275623e+00
2.176544317594760081e+00,-3.435553409987276208e+00,-3.045771022385300952e+00,3.288914071364771985e+00,-3.744389702106915685e+00,-9.023616277327672464e+00,-2.990099610218267756e+01,-1.510387704562207212e+01,-6.266394751840202559e+01,-2.268508708013114017e+01,-6.206968083572012773e+01,3.449690666979990272e+00,-3.344543275818271866e+01,-8.797222830743102406e+00,-1.152033922856518622e+01,2.885189399461184578e+00
1.494703066391268154e+00,-3.851494525391786716e+00,-3.712004400288300587e+00,2.747288186238474594e+00,-3.999764005165021175e+00,-9.967678377364288522e+00,-3.121697176318185285e+01,-1.600261232322362304e+01,-6.444695349804968032e+01,-2.308585608561987712e+01,-6.476805969908150473e+01,2.886911889688577926e+00,-3.393749799022297253e+01,-9.475654317846476715e+00,-1.206968731979584319e+01,2.575024754284883421e+00
7.364382374094748940e-01,-4.350770046663994250e+00,-4.360759974915183079e+00,2.136674081111389789e+00,-4.363916735838200722e+00,-1.093907124461325964e+01,-3.242643302637515035e+01,-1.695309697409906846e+01,-6.602665301806811726e+01,-2.353707787039116894e+01,-6.723074979007324714e+01,2.110120687651852123e+00,-3.454436563664381765e+01,-1.037295996574444956e+01,-1.282572912828442036e+01,1.790470172630103107e+00
-6.092234386758832443e-02,-4.898873853513707743e+00,-4.961424118695999752e+00,1.487163927673007091e+00,-4.800647725701175261e+00,-1.189794465749860564e+01,-3.346861668842329607e+01,-1.790678741507173655e+01,-6.733964126175442289e+01,-2.401269205520786443e+01,-6.933982218129214914e+01,1.146013599216016754e+00,-3.524052636780120906e+01,-1.144950048727598002e+01,-1.374921679896486815e+01,5.762736590004493564e-01
-8.571775957863128070e-01,-5.458354020194033041e+00,-5.485885410716509369e+00,8.309267715307839808e-01,-5.270238972884378370e+00,-1.280559477230313448e+01,-3.429147943669738652e+01,-1.881400389030488540e+01,-6.833322428014703576e+01,-2.448671026203638945e+01,-7.099369467639061781e+01,2.970548389673055567e-02,-3.599737105275839610e+01,-1.265779617838387594e+01,-1.479500532211499220e+01,-1.008064950267798743e+00
-1.611071791475205295e+00,-5.990780800264833950e+00,-5.909667851532157457e+00,2.007129103751028598e-01,-5.731116747895612207e+00,-1.362610546586988391e+01,-3.485234736748940065e+01,-1.962612160820800966e+01,-6.896555012768024540e+01,-2.493414046780475957e+01,-7.210919617874708365e+01,-1.197213343918052342e+00,-3.678380026656495261e+01,-1.394510749397828064e+01,-1.591407302532314638e+01,-2.891119258864475405e+00
-2.282455808026221611e+00,-6.458833835069781593e+00,-6.213465941860400577e+00,-3.721534763318961048e-01,-6.142019740755825907e+00,-1.432843723646472966e+01,-3.512091620310533102e+01,-2.029875088956451634e+01,-6.920835391974709694e+01,-2.533303579533937722e+01,-7.262615850502777448e+01,-2.489389260969364415e+00,-3.756879798576211016e+01,-1.525680284329395420e+01,-1.705670952077394986e+01,-4.993230744558874612e+00
-2.834419235543927940e+00,-6.828310886787360090e+00,-6.384355744398842347e+00,-8.596672636093094511e-01,-6.464281179510894759e+00,-1.488815969151016461e+01,-3.508227101806421899e+01,-2.079471751860801021e+01,-6.904998845450927547e+01,-2.566596461626161840e+01,-7.251221115331924238e+01,-3.800353049770668790e+00,-3.832377687125465826e+01,-1.653954577226220479e+01,-1.817553435828137864e+01,-7.230220970612263542e+00
-3.235203747159279164e+00,-7.069971251148444047e+00,-6.416435495224007468e+00,-1.238568109488774827e+00,-6.663884523164526286e+00,-1.528861800117296532e+01,-3.473892862388777303e+01,-2.108620499266248771e+01,-6.849752745039469914e+01,-2.592082108114978922e+01,-7.176634686652460005e+01,-5.084753330343994904e+00,-3.902406326703626860e+01,-1.774431517794971214e+01,-1.922812622111137770e+01,-9.516811231831878715e+00
-3.459680177584295802e+00,-7.160942639966735968e+00,-6.310809033775434784e+00,-1.491373293715694714e+00,-6.712901107258927524e+00,-1.552143475601485356e+01,-3.410965011544089975e+01,-2.115572281404477550e+01,-6.757542174797663392e+01,-2.609115026723107178e+01,-7.041770457315803355e+01,-6.300570616517870093e+00,-3.964941624896492556e+01,-1.882896120526596206e+01,-2.017873005780818119e+01,-1.177007730168887178e+01
-3.490629667494538069e+00,-7.085896925211637054e+00,-6.075584972186939936e+00,-1.607364918039053681e+00,-6.590937476992767330e+00,-1.558692296125790122e+01,-3.322909116056850820e+01,-2.099726497604625308e+01,-6.632529376785134900e+01,-2.617666974819204384e+01,-6.852500151283987861e+01,-7.411195048441372890e+00,-4.018535159895647269e+01,-1.976033971755007101e+01,-2.099989658522439839e+01,-1.391263008993832173e+01
-3.319568930435809140e+00,-6.837785882432118711e+00,-5.725119592788459499e+00,-1.582868032103730727e+00,-6.286040844174346276e+00,-1.549372312184916645e+01,-3.214556062559721283e+01,-2.061611653025568813e+01,-6.480374479942719290e+01,-2.618267130925219988e+01,-6.617321322126990424e+01,-8.386725171292594538e+00,-4.062306845632083707e+01,-2.051579969358910205e+01,-2.167331063698630089e+01,-1.587524251170002643e+01
-2.946848512758891037e+00,-6.418005679977841993e+00,-5.278606453499019580e+00,-1.420924187795833848e+00,-5.794701069777447699e+00,-1.525749618449984446e+01,-3.091502313195174878e+01,-2.002717861746348404e+01,-6.307599682273823305e+01,-2.611870253522297247e+01,-6.346463355988610289e+01,-9.204708053770108478e+00,-4.095791489843517041e+01,-2.108360402138512057e+01,-2.218936286177711636e+01,-1.759898384674533744e+01
-2.381351486721511534e+00,-5.836109810415672783e+00,-4.758697744088653536e+00,-1.131007330007994138e+00,-5.121607679328222140e+00,-1.489969620758589564e+01,-2.959551469524112832e+01,-1.925348207002461365e+01,-6.120997895388912013e+01,-2.599791278046428289e+01,-6.050939262725218981e+01,-9.850861542432657103e+00,-4.118885981653464512e+01,-2.146294006700353663e+01,-2.254653472617578558e+01,-1.903675093715786204e+01
-1.640036554570608374e+00,-5.109211351794576750e+00,-4.190366391130359247e+00,-7.283678661745978111e-01,-4.279388577633271851e+00,-1.444632421585145110e+01,-2.824442624960171244e+01,-1.832499481314963674e+01,-5.927360763873706162e+01,-2.583610950488377256e+01,-5.741984669481747261e+01,-1.031909666915489865e+01,-4.131855724077947656e+01,-2.166335205816892184e+01,-2.275100402185312021e+01,-2.015444734348422173e+01
-7.467528628380268874e-01,-4.260813982273502276e+00,-3.599103101579361308e+00,-2.327106641942564558e-01,-3.287530993333946938e+00,-1.392593458922037897e+01,-2.691309478474914840e+01,-1.727599626959739254e+01,-5.732893346991417616e+01,-2.564997603659745451e+01,-5.430126556444906072e+01,-1.061088729341209103e+01,-4.135165700080230522e+01,-2.170310062885119251e+01,-2.281486358631184075e+01,-2.093131512870949251e+01
2.691547324692558085e-01,-3.319387438496936849e+00,-3.009562077788265455e+00,3.329310587166958157e-01,-2.171165724677912578e+00,-1.336798757102274315e+01,-2.564346791210699195e+01,-1.614312273659057695e+01,-5.542857978909275118e+01,-2.545618439921452847e+01,-5.124512271269408359e+01,-1.073470061455969926e+01,-4.129446851831734477e+01,-2.160744596474336987e+01,-2.275483162001167514e+01,-2.136020938876111330e+01
1.374196113091293636e+00,-2.316870928760306203e+00,-2.444704286181547559e+00,9.432194801329742972e-01,-9.601073549570875443e-01,-1.280154292591417331e+01,-2.446805432463954233e+01,-1.496413398468822287e+01,-5.361561477543286003e+01,-2.527076986050103358e+01,-4.832703346673686440e+01,-1.070514803816084815e+01,-4.115546031392671011e+01,-2.140668843468949945e+01,-2.259128092252019115e+01,-2.144727584061015335e+01
2.532392206300565718e+00,-1.286882671433065894e+00,-1.924881140988278005e+00,1.571907179391011322e+00,3.124077227866077777e-01,-1.225382594302749517e+01,-2.341106388141002270e+01,-1.377637568640014720e+01,-5.192477959846193869e+01,-2.510810489330039275e+01,-4.560726788814802291e+01,-1.054149926664176462e+01,-4.094521538313775011e+01,-2.113366544531538693e+01,-2.234694461789500153e+01,-2.121071734471504655e+01
3.707150798893422916e+00,-2.629494473159565970e-01,-1.466697560856378146e+00,2.193390767660208240e+00,1.611539020806016964e+00,-1.174854103873919797e+01,-2.248662652885642288e+01,-1.261448024194108974e+01,-5.038023662252530244e+01,-2.497957880267675534e+01,-4.312762894415920556e+01,-1.026613141440299515e+01,-4.067489076831971317e+01,-2.082115421707683112e+01,-2.204473319939796738e+01,-2.067921014916208478e+01
4.862921092187450611e+00,7.231841613280278747e-01,-1.082649475416838314e+00,2.783872704000154741e+00,2.902329438950790319e+00,-1.130494188007379819e+01,-2.170023731738035622e+01,-1.150923164110743357e+01,-4.899690816353555078e+01,-2.489327504557915205e+01,-4.091282603170354548e+01,-9.903224265328162801e+00,-4.035640638651889844e+01,-2.049967743759469130e+01,-2.170660936436625832e+01,-1.989040804828981734e+01
5.966717392869783865e+00,1.643038368059059451e+00,-7.808914664003321349e-01,3.322489625120554457e+00,4.151072918993192751e+00,-1.093707148160692810e+01,-2.105080363360497131e+01,-1.048666202057136232e+01,-4.778225434856933873e+01,-2.485339674458143122e+01,-3.897319763459142905e+01,-9.477252547406392225e+00,-4.000213814355257824e+01,-2.019525233649597240e+01,-2.135233400479724608e+01,-1.888877240793534185e+01
6.989455752515731035e+00,2.472514165627257565e+00,-5.649995699051180154e-01,3.792280702005780491e+00,5.326874423192005992e+00,-1.065304374268995602e+01,-2.053020083279191255e+01,-9.566647343777253454e+00,-4.673526874103943385e+01,-2.485970119673358170e+01,-3.730432474149043998e+01,-9.011598793338469804e+00,-3.962342794310649197e+01,-1.992778750853987191e+01,-2.099805119238263273e+01,-1.772333488479263153e+01
7.907176728803339216e+00,3.192842495258255475e+00,-4.339348668026863365e-01,4.180853919974703459e+00,6.403197543039055084e+00,-1.045463648576544458e+01,-2.012203032204591580e+01,-8.761788453757139550e+00,-4.584447843946531975e+01,-2.490737160850046195e+01,-3.588525176482284706e+01,-8.527544183694210744e+00,-3.922938683395587134e+01,-1.970984430070196680e+01,-2.065516292132329212e+01,-1.644556137541200869e+01
8.701538179237644499e+00,3.790999845694880133e+00,-3.830826035886545355e-01,4.480265705023638745e+00,7.358389956813688570e+00,-1.033811595974503028e+01,-1.980560127245667346e+01,-8.078518216978473276e+00,-4.509172948715040263e+01,-2.498825869942783839e+01,-3.468388944877798963e+01,-8.043871194453231510e+00,-3.882816467495887736e+01,-1.954652375809304488e+01,-2.033077979440918881e+01,-1.510756420858415261e+01
9.360131176119073970e+00,4.259814585882564231e+00,-4.048867180714186276e-01,4.687117800956769997e+00,8.176345748678318870e+00,-1.029473844394214765e+01,-1.955706283553255531e+01,-7.517227778328178900e+00,-4.445287614703952528e+01,-2.509120501150631455e+01,-3.365908424771114937e+01,-7.576215529429402906e+00,-3.842618305782023924e+01,-1.943544674604547851e+01,-2.002751151002608410e+01,-1.375986637112936251e+01
9.876477718083267021e+00,4.597740512074754093e+00,-4.897263097418402822e-01,4.802095756658748549e+00,8.846816148244380784e+00,-1.031178626201614712e+01,-1.935074210504532033e+01,-7.072973754697844839e+00,-4.389880291596813322e+01,-2.520320975385730478e+01,-3.276296084160100719e+01,-7.137201843246787192e+00,-3.802830746316131894e+01,-1.936760676773922185e+01,-1.974410515776578023e+01,-1.245004628310201156e+01
1.024944550184910597e+01,4.808262511307898279e+00,-6.273983650560088776e-01,4.829017509288680898e+00,9.365019777711063753e+00,-1.037421985449028661e+01,-1.916346472577668791e+01,-6.737435975635301055e+00,-4.340001370080392462e+01,-2.531119254076561376e+01,-3.194752121223423558e+01,-6.736781918677692715e+00,-3.763929489942344730e+01,-1.932891780349178745e+01,-1.947689351321463391e+01,-1.122138716640315437e+01
1.048249503612976952e+01,4.899129203306198832e+00,-8.084199043443582866e-01,4.773825740831835418e+00,9.730865737787411263e+00,-1.046644128978095978e+01,-1.897993241909055584e+01,-6.501062921878423495e+00,-4.293262868452054448e+01,-2.540366436357299662e+01,-3.117340818487677012e+01,-6.382625771262077308e+00,-3.726532173424681815e+01,-1.930202808319788943e+01,-1.922158674218043473e+01,-1.011163046205602711e+01
1.058294174425216383e+01,4.881438829028337700e+00,-1.024566243222295725e+00,4.644034011944378371e+00,9.948580197203309439e+00,-1.057328790326602608e+01,-1.879294664233640333e+01,-6.353494124568067392e+00,-4.247891217569438993e+01,-2.547113958857543992e+01,-3.041203604100596181e+01,-6.080328267164668787e+00,-3.691310310634374758e+01,-1.926798475815255784e+01,-1.897392251828081200e+01,-9.151988158931150252e+00
1.056089523918506501e+01,4.768554908289407201e+00,-1.269774151342831559e+00,4.447674582235771723e+00,1.002584609875082222e+01,-1.068157242983864741e+01,-1.860505770713272611e+01,-6.284918721715932577e+00,-4.202963888417720284e+01,-2.550746936042409985e+01,-2.964929446635652965e+01,-5.834139755313533016e+00,-3.659058103913213955e+01,-1.920835643714433161e+01,-1.873105064074019666e+01,-8.366618504171803750e+00
1.042819352103239794e+01,4.575029552878884687e+00,-1.540747019854507016e+00,4.192465161695990261e+00,9.972791133742022751e+00,-1.078138323631709738e+01,-1.843011798008638635e+01,-6.287355992017010564e+00,-4.158660509821573470e+01,-2.551066011723486682e+01,-2.888915298904132811e+01,-5.647472218344899986e+00,-3.630745703541447256e+01,-1.910722372607096275e+01,-1.849275534297486701e+01,-7.772396501586975148e+00
1.019766186997980029e+01,4.315730115003245437e+00,-1.836675202218193803e+00,3.885515317586469397e+00,9.801441025537355856e+00,-1.086647482969885381e+01,-1.829061881365597486e+01,-6.354354257261602079e+00,-4.116057472345195123e+01,-2.548251694701475145e+01,-2.815145045096247856e+01,-5.522976849016542289e+00,-3.607380089419542912e+01,-1.895238465696868957e+01,-1.826149527782367699e+01,-7.378532876243239613e+00
9.882491934637162245e+00,4.005017660817417280e+00,-2.158644573877799289e+00,3.533177855179892468e+00,9.525477169210651240e+00,-1.093422503987002514e+01,-1.821225239164231979e+01,-6.480002355872200859e+00,-4.076619738187979181e+01,-2.542796047917435232e+01,-2.746509750441015285e+01,-5.462628843782360022e+00,-3.589816622076682506e+01,-1.873630429070179559e+01,-1.804203838979866248e+01,-7.186797187111552354e+00
9.495458662896190560e+00,3.656033508495585949e+00,-2.509633348928014485e+00,3.140401086265178776e+00,9.159266822774050354e+00,-1.098624433417415602e+01,-1.822288481083328193e+01,-6.659694227742344097e+00,-4.042184998092340464e+01,-2.535564926728033797e+01,-2.686637358168838574e+01,-5.468315174207925899e+00,-3.578849800293150452e+01,-1.845729495303976364e+01,-1.784215836269217803e+01,-7.192303167600021752e+00
9.048515899620463543e+00,3.280274318367056630e+00,-2.893747283624712452e+00,2.710981069555920442e+00,8.717397257030787827e+00,-1.102796331863308765e+01,-1.834894888047450223e+01,-6.889443754020135202e+00,-4.014658583281426729e+01,-2.527684819125580162e+01,-2.639392545240987431e+01,-5.541542932880846983e+00,-3.575099909977915758e+01,-1.811959804975949595e+01,-1.767201839646318717e+01,-7.383959538320382876e+00
8.552635379997539644e+00,2.887389599056864320e+00,-3.315288727864148299e+00,2.247863202252273762e+00,8.214451161398473644e+00,-1.106794405102738210e+01,-1.861090273347267043e+01,-7.164854294523385292e+00,-3.995586883427842650e+01,-2.520434100867423766e+01,-2.608190840404596855e+01,-5.683282020962602488e+00,-3.578892711347469913e+01,-1.773293105547472592e+01,-1.754318360610036720e+01,-7.745367659615331135e+00
8.017598002928826517e+00,2.485093968602255732e+00,-3.778332116291716503e+00,1.753142425951357275e+00,7.664376818340200792e+00,-1.111743137447922258e+01,-1.902233701341471672e+01,-7.481198472214273920e+00,-3.986121928456253016e+01,-2.515210805592591825e+01,-2.595774344912698695e+01,-5.894009846719745482e+00,-3.590335969504146618e+01,-1.731199518397973591e+01,-1.746846492402290707e+01,-8.256189364903791628e+00
7.451891724732206512e+00,2.079325796242340374e+00,-4.286405785063884366e+00,1.228138835396386241e+00,7.079800329051010976e+00,-1.118986544117460902e+01,-1.959127583672843897e+01,-7.833907767547741763e+00,-3.987214969479917670e+01,-2.513492863453421933e+01,-2.604314661508494311e+01,-6.173647502860395875e+00,-3.609437483595656460e+01,-1.687553678031160587e+01,-1.746183498916441579e+01,-8.893529138781623544e+00
6.863045815712263575e+00,1.674612074277931573e+00,-4.841438653069601195e+00,6.742861991752805428e-01,6.472056951184029572e+00,-1.129932324799198717e+01,-2.031819685614745197e+01,-8.217382217045919646e+00,-3.999424198257609220e+01,-2.516642990913838318e+01,-2.635117396164898196e+01,-6.520732901192287656e+00,-3.635972148217965128e+01,-1.644474729043025008e+01,-1.753681687031044945e+01,-9.632717423129937728e+00
6.257997143741206969e+00,1.274529768436598154e+00,-5.443163152388969195e+00,9.364944601768410148e-02,5.851220362790323648e+00,-1.145938134564723221e+01,-2.119543676090713902e+01,-8.624618831169986066e+00,-4.022848399892900773e+01,-2.525826617043178501e+01,-2.688473855646054744e+01,-6.932205191887135243e+00,-3.669492809214263218e+01,-1.604158371484895440e+01,-1.770540112599394433e+01,-1.044857404268914536e+01
5.643344993730027070e+00,8.821644613020891423e-01,-6.088983137585008976e+00,-5.107613346216148820e-01,5.225910847976684259e+00,-1.168220654508752432e+01,-2.220894490579363634e+01,-9.047485195385196022e+00,-4.057293320022160543e+01,-2.541951881531715784e+01,-2.763823467842701120e+01,-7.403212193811313568e+00,-3.709415537015213715e+01,-1.568724004444899123e+01,-1.797732444241421135e+01,-1.131654877802073145e+01
5.025765901589839935e+00,5.005156753923676316e-01,-6.773505442894034445e+00,-1.134365115857280060e+00,4.603528992650812057e+00,-1.197716193425318210e+01,-2.333788034987479421e+01,-9.476111175025462074e+00,-4.102170928717207232e+01,-2.565537059358992167e+01,-2.859654522452994740e+01,-7.926602573789630846e+00,-3.754940992651327036e+01,-1.540041843884138117e+01,-1.835870491441025365e+01,-1.221335898194476854e+01
4.412531248831142783e+00,1.329657736003668767e-01,-7.488004471402172513e+00,-1.770384894964048605e+00,3.990919889612766447e+00,-1.234929935471611806e+01,-2.455221186965207636e+01,-9.897915114461195429e+00,-4.156149343830510645e+01,-2.596581344224227905e+01,-2.973106652366553959e+01,-8.492529695946938517e+00,-3.804914368568508820e+01,-1.519556488989498177e+01,-1.885037391060831879e+01,-1.311751195739840625e+01
3.811676186844213277e+00,-2.164434790979273826e-01,-8.220977289773250263e+00,-2.410166171191482132e+00,3.394472826565520407e+00,-1.279893788934541199e+01,-2.581457858481363843e+01,-1.029852070698447442e+01,-4.217245760280827938e+01,-2.634628566154816909e+01,-3.100084650420512844e+01,-9.089027275570158437e+00,-3.857970572840748957e+01,-1.508210048528253466e+01,-1.944777522453726348e+01,-1.401028903107743773e+01
3.232048547452444964e+00,-5.429283490819891700e-01,-8.958641387563011094e+00,-3.043127077687664883e+00,2.820219796848353333e+00,-1.332124659142479572e+01,-2.708232854586138671e+01,-1.066236990580898514e+01,-4.282930057992846429e+01,-2.678748616616687173e+01,-3.235450978901191377e+01,-9.701992692180038347e+00,-3.912560343279440644e+01,-1.506369904368638757e+01,-2.014064714654180932e+01,-1.487575531886754732e+01
2.683308250782779680e+00,-8.409238191313064270e-01,-9.685422462438546987e+00,-3.656967441099720162e+00,2.274117608046260841e+00,-1.390603374930225122e+01,-2.830833731204987913e+01,-1.097317084773720630e+01,-4.350088699936470960e+01,-2.727559700907179163e+01,-3.373071349710088640e+01,-1.031559627281375313e+01,-3.966948157523361118e+01,-1.513810405525298286e+01,-2.091284961694493560e+01,-1.570095097460191980e+01
2.175655003570817758e+00,-1.104232725175837704e+00,-1.038509353077161457e+01,-4.238436693958866464e+00,1.761961569615312584e+00,-1.453827841044607538e+01,-2.944470555213838026e+01,-1.121542183765357592e+01,-4.415308100514850764e+01,-2.779364633304790644e+01,-3.506250533222285526e+01,-1.091312530750828458e+01,-4.019368361854110105e+01,-1.529761203730439689e+01,-2.174323097494831813e+01,-1.647604606817858652e+01
1.719281011518111857e+00,-1.326342380350909789e+00,-1.104218873296614234e+01,-4.774333007334382373e+00,1.288946792942668118e+00,-1.519923019286785504e+01,-3.044852804031496163e+01,-1.137648711140008828e+01,-4.475408992929038021e+01,-2.832321420410387702e+01,-3.628519234169712604e+01,-1.147797015506311524e+01,-4.068245468323268454e+01,-1.553011938458025831e+01,-2.260734654901623486e+01,-1.719438780069006256e+01
1.323790176608681257e+00,-1.500869427429788683e+00,-1.164291876362192646e+01,-5.252129597089258084e+00,8.594521777652897043e-01,-1.586726402533751212e+01,-3.128558892913288147e+01,-1.144756397257574143e+01,-4.527776538361783309e+01,-2.884517510450190159e+01,-3.734231073224805897e+01,-1.199408100080219342e+01,-4.112240944956810296e+01,-1.582011225126519705e+01,-2.347851411479764394e+01,-1.785185385643959322e+01
9.978003688185010933e-01,-1.621905661448303615e+00,-1.217597916952549042e+01,-5.660684934921230038e+00,4.770302473834711066e-01,-1.651894683548102449e+01,-3.193226669300945275e+01,-1.142434422626810253e+01,-4.570505244490233565e+01,-2.934086962225221384e+01,-3.818909281120038912e+01,-1.244677715341642532e+01,-4.150284766393446034e+01,-1.614993447017469563e+01,-2.432891916069160487e+01,-1.844627789031638798e+01
7.482214208479618378e-01,-1.684586173178285629e+00,-1.263353961858378938e+01,-5.991177252151731025e+00,1.440402460889043113e-01,-1.713062381511477739e+01,-3.237878717579462773e+01,-1.130819427670450494e+01,-4.602745106957503651e+01,-2.979374835203632443e+01,-3.879797033488074476e+01,-1.282365476994015907e+01,-4.181704295861323573e+01,-1.650151586136185955e+01,-2.513141753581973603e+01,-1.897707235654826619e+01
5.798241458784825220e-01,-1.685441177710686134e+00,-1.301153205226994203e+01,-6.237468605713884173e+00,-1.383901345653217874e-01,-1.767951657260252674e+01,-3.262981176463338073e+01,-1.110615331891944635e+01,-4.624763745955714001e+01,-3.018980080995340387e+01,-3.916081551200171873e+01,-1.311489218762401698e+01,-4.206193262818277390e+01,-1.685758301686084337e+01,-2.586067864486020795e+01,-1.944445622745404023e+01
4.949579873919749406e-01,-1.622786975898697470e+00,-1.330947769907315603e+01,-6.396311034615126623e+00,-3.700762373097452596e-01,-1.814458081774549925e+01,-3.270143079114988183e+01,-1.082981879083513022e+01,-4.637656124254931456e+01,-3.051773465031291721e+01,-3.928603114429000698e+01,-1.331340732768871149e+01,-4.223662453730420907e+01,-1.720277562764325552e+01,-2.649367426815451410e+01,-1.984853681544123560e+01
4.933417279942251543e-01,-1.496975533750143583e+00,-1.353036871936054553e+01,-6.467738937878801053e+00,-5.515995261586357223e-01,-1.850767367923256046e+01,-3.261860301358606762e+01,-1.049478328928845983e+01,-4.643103671317714998e+01,-3.076986727487643236e+01,-3.919540383101967507e+01,-1.341539161182414830e+01,-4.234223750567177547e+01,-1.752479794772634847e+01,-2.701070560553969457e+01,-2.018889212865157035e+01
5.718029050300893479e-01,-1.310600086202275527e+00,-1.368051214312541042e+01,-6.455173938872316164e+00,-6.844945722913502451e-01,-1.875471167940266426e+01,-3.241391138475415801e+01,-1.012014470565075541e+01,-4.643321002711926582e+01,-3.094240914089208161e+01,-3.892294116540697502e+01,-1.342033736048970027e+01,-4.238192288437060284e+01,-1.781521373734158686e+01,-2.739657557388982667e+01,-2.046427791548311603e+01
7.244574521244797616e-01,-1.068442650261500093e+00,-1.376871640178989509e+01,-6.364998772765381396e+00,-7.709011006348429618e-01,-1.887622528214070172e+01,-3.212346729060124062e+01,-9.726939172448847870e+00,-4.640687306800363388e+01,-3.103503013148980116e+01,-3.850964271607730183e+01,-1.333074402048523766e+01,-4.235957624490597340e+01,-1.806957541002164902e+01,-2.764075233139931953e+01,-2.067224163860396047e+01
9.429289614264428909e-01,-7.772984858630715976e-01,-1.380559415173407878e+01,-6.206335192266241307e+00,-8.134695126536399812e-01,-1.886797009081685417e+01,-3.178398770570140641e+01,-9.337027289666323782e+00,-4.637519105539848852e+01,-3.105097089927890153e+01,-3.799940872525928626e+01,-1.315207914392497557e+01,-4.227968984774859962e+01,-1.828740894808888129e+01,-2.773786383996514360e+01,-2.080932821521672338e+01
1.216428493491190199e+00,-4.458401714339770283e-01,-1.380317931213583371e+01,-5.990947688760615009e+00,-8.156955186905605615e-01,-1.873166788057757515e+01,-3.143230799546330445e+01,-8.972615129909149445e+00,-4.636123316707274711e+01,-3.099724904612372356e+01,-3.743836130159021991e+01,-1.289266396765993328e+01,-4.214814648970760658e+01,-1.847213028480872410e+01,-2.768866335639937759e+01,-2.087172310090642924e+01
1.532275335794079041e+00,-8.413147724989600285e-02,-1.377404071932835450e+01,-5.732440217808797200e+00,-7.819561544509885387e-01,-1.847499696582751838e+01,-3.110489860994552913e+01,-8.655196747158480974e+00,-4.638856983954453028e+01,-3.088385590556057636e+01,-3.687468048373878560e+01,-1.256292530748272007e+01,-4.197215870677877092e+01,-1.863025306841973716e+01,-2.750020644243944545e+01,-2.085554496838371819e+01
1.876579298643122673e+00,2.968824980063158314e-01,-1.373004334470020282e+01,-5.445343154518083928e+00,-7.171763583505246231e-01,-1.811095864481433892e+01,-3.083418480108396764e+01,-8.403665190718111688e+00,-4.647801196360491360e+01,-3.072258541575170909e+01,-3.635377121021087987e+01,-1.217466964977088573e+01,-4.175895219907925338e+01,-1.877003684263510763e+01,-2.718496222978843591e+01,-2.075719506517369339e+01
2.234817213954543025e+00,6.858636268704736416e-01,-1.368173034951073497e+01,-5.144452337075708925e+00,-6.268578366558821280e-01,-1.765748747627519322e+01,-3.064764801639437763e+01,-8.233597613374076474e+00,-4.664751009479333277e+01,-3.052650802111364214e+01,-3.591698629045176006e+01,-1.174065893572161379e+01,-4.151606485863938190e+01,-1.890042599306310223e+01,-2.676041166427803830e+01,-2.057417114462925056e+01
2.592582638941703266e+00,1.071696716202672484e+00,-1.363747870177367361e+01,-4.843849746603599016e+00,-5.169526314436656556e-01,-1.713643024755941724e+01,-3.056689669784202579e+01,-8.156293689631043620e+00,-4.691171236888266094e+01,-3.030877872624036229e+01,-3.560030761139753253e+01,-1.127376442726579953e+01,-4.125100496067756239e+01,-1.902966104052432073e+01,-2.624820414719326322e+01,-2.030569155570579909e+01
2.936399968226637291e+00,1.443988733094689669e+00,-1.360253279503961465e+01,-4.555903298709301552e+00,-3.934176361200316663e-01,-1.657205713794555635e+01,-3.060417207219752100e+01,-8.177227414248374515e+00,-4.727833045441427373e+01,-3.008110221089213354e+01,-3.542923167517535177e+01,-1.078615243273374347e+01,-4.096964550782487891e+01,-1.916382490393099403e+01,-2.567244911581172673e+01,-1.995307435014907327e+01
3.254445759767526258e+00,1.793537339232511130e+00,-1.357840978414577293e+01,-4.290602242295683766e+00,-2.617437632648598189e-01,-1.598948508141290148e+01,-3.075894126941509299e+01,-8.295079382802759582e+00,-4.774434581781351739e+01,-2.985287723349908617e+01,-3.541303487234679892e+01,-1.028886746819900466e+01,-4.067534219913658688e+01,-1.930581491433284924e+01,-2.505814570894280635e+01,-1.952032398094089416e+01
3.536983628157550630e+00,2.112634638662989506e+00,-1.356314087860885920e+01,-4.055267705522871857e+00,-1.270690503800482318e-01,-1.541369768194221201e+01,-3.101940941707167454e+01,-8.502487838694586131e+00,-4.829734438832265653e+01,-2.963105394561722150e+01,-3.554555905807851701e+01,-9.791619266330677362e+00,-4.036993373874885549e+01,-1.945457606451658350e+01,-2.443050649652150241e+01,-1.901477286135710187e+01
3.776772574571218399e+00,2.395317204102260789e+00,-1.355128788195451328e+01,-3.854070544384038843e+00,6.029489080320971084e-03,-1.486803821066854780e+01,-3.136204722814514767e+01,-8.786101662275269675e+00,-4.891446489617697324e+01,-2.941943115757195670e+01,-3.580352204882040468e+01,-9.302426898354175577e+00,-4.005323884113786903e+01,-1.960478137121074838e+01,-2.381348333771104464e+01,-1.844718263092351762e+01
3.969329226224517004e+00,2.637497576653960341e+00,-1.353445558662155790e+01,-3.688093602716942421e+00,1.336843122751654178e-01,-1.437304424651750878e+01,-3.175250868288961215e+01,-9.127439084428567995e+00,-4.956265962797604629e+01,-2.921881776124307706e+01,-3.614651747386579927e+01,-8.827686903391779083e+00,-3.972335145084853281e+01,-1.974691466748204860e+01,-2.322874454094721841e+01,-1.783183859925623693e+01
4.112817303583729434e+00,2.836916191989833358e+00,-1.350230970854614654e+01,-3.555641354889017336e+00,2.524626456244227768e-01,-1.394572376717017548e+01,-3.214931003867538806e+01,-9.504653667061605304e+00,-5.020201836787641980e+01,-2.902763381850210322e+01,-3.652120702282155662e+01,-8.372377718066632113e+00,-3.937786621692077915e+01,-1.986817180962695772e+01,-2.269541823711442774e+01,-1.718635930541969969e+01
4.207658531697104465e+00,2.992914291002262139e+00,-1.344406385991209874e+01,-3.453044563510986098e+00,3.588217651585909884e-01,-1.359928131655746952e+01,-3.251026868175107865e+01,-9.895117034245208387e+00,-5.079207779867928707e+01,-2.884310873577899770e+01,-3.686972149997544079e+01,-7.940529053075643162e+00,-3.901599071107483496e+01,-1.995351219137298671e+01,-2.223028354028663500e+01,-1.653134941442375805e+01
4.256401894300934963e+00,3.106356191179396653e+00,-1.334911252313428065e+01,-3.374724479574540581e+00,4.492883839333394747e-01,-1.334224853823931412e+01,-3.279463108268200244e+01,-1.027621979197730262e+01,-5.129342195692430550e+01,-2.866118612875058247e+01,-3.713299386430836080e+01,-7.535030861657034507e+00,-3.863783495754546493e+01,-1.998676126684220122e+01,-2.184674749373023062e+01,-1.588907511250392801e+01
4.263253121072377638e+00,3.179331225933897720e+00,-1.320822065829075953e+01,-3.313932269045759327e+00,5.203572011187800328e-01,-1.317832167339800975e+01,-3.296672957678305238e+01,-1.062711850974896954e+01,-5.167114037511689162e+01,-2.847750895857364029e+01,-3.725616243248601478e+01,-7.158080024237874817e+00,-3.824522243991399506e+01,-1.995218969900588135e+01,-2.155473265331273325e+01,-1.528253744781978263e+01
4.233545818611451850e+00,3.214853226069567249e+00,-1.301468242957048460e+01,-3.263417340767140296e+00,5.682717061604614095e-01,-1.310657825414655164e+01,-3.300036408315492054e+01,-1.093059455679175507e+01,-5.189928306921015633e+01,-2.828829947689450819e+01,-3.719528039374568351e+01,-6.811467817822202342e+00,-3.784253451245913169e+01,-1.983616961015473379e+01,-2.136093287012020525e+01,-1.473439127299897855e+01
4.173378430054150101e+00,3.216621203424788078e+00,-1.276469722782792360e+01,-3.215702934629741883e+00,5.893580727744938130e-01,-1.312128319124083653e+01,-3.287912376457278896e+01,-1.117333425179021589e+01,-5.196088370328120476e+01,-2.809032678918210735e+01,-3.691878323711725329e+01,-6.496425675265772526e+00,-3.743548609348788148e+01,-1.962840662785406209e+01,-2.126803463129893146e+01,-1.426512812431545463e+01
4.089354005254645763e+00,3.188840262585904028e+00,-1.245751466037351207e+01,-3.163387209582031900e+00,5.806613350497178416e-01,-1.321191781803293708e+01,-3.259437922994362680e+01,-1.134574872333932305e+01,-5.184562253462324577e+01,-2.788097041137774568e+01,-3.640537933044496555e+01,-6.213565563484619858e+00,-3.702967519973403654e+01,-1.932320204764414484e+01,-2.127412776301947517e+01,-1.389144052851803224e+01
3.987977654959135698e+00,3.135914882424034378e+00,-1.209617410780329294e+01,-3.099978400455377425e+00,5.398277607111197085e-01,-1.336426696373466783e+01,-3.214752164364257681e+01,-1.144329467012447843e+01,-5.155241182019140922e+01,-2.765943829707062562e+01,-3.564741773418563753e+01,-5.963296586549489575e+00,-3.663166650211789488e+01,-1.892069052616164271e+01,-2.137354118422257443e+01,-1.362524771005504931e+01
3.875368723724175624e+00,3.062353137528817548e+00,-1.168735117390453482e+01,-3.019988909024879931e+00,4.653643866847110289e-01,-1.356112874600057694e+01,-3.154901177925782463e+01,-1.146610642987273110e+01,-5.108853333390389651e+01,-2.742656533908024841e+01,-3.465027825240968440e+01,-5.745593701538211917e+00,-3.624799258706245553e+01,-1.842738121500976334e+01,-2.155683542421844123e+01,-1.347253820696776749e+01
3.757144674061142720e+00,2.972750819297024005e+00,-1.124088207694301111e+01,-2.918983832012361557e+00,3.571164296607403088e-01,-1.378307450582327931e+01,-3.081618005247491965e+01,-1.141829920868806347e+01,-5.046761295291852889e+01,-2.718463960032203985e+01,-3.342989371053519676e+01,-5.559805650308208058e+00,-3.588416117836607810e+01,-1.785618948054064958e+01,-2.181084945049304480e+01,-1.343252947964188948e+01
3.638032814512242474e+00,2.871661150904926352e+00,-1.076972245652028803e+01,-2.794073342762922074e+00,2.161504556123876597e-01,-1.400995061764991689e+01,-2.997379248384435613e+01,-1.130815832289510681e+01,-4.971084606707857745e+01,-2.693803244727332569e+01,-3.201400262591663903e+01,-5.404839408769199771e+00,-3.554536335564426963e+01,-1.722632128201119173e+01,-2.211989175026251786e+01,-1.349753627566814629e+01
3.521604621407801616e+00,2.763609229018651359e+00,-1.028967763657061596e+01,-2.644220316852901931e+00,4.437493225716782064e-02,-1.422251305687652589e+01,-2.905601241100398724e+01,-1.114835323004726853e+01,-4.884978322217281743e+01,-2.669359199639026059e+01,-3.044550227651385654e+01,-5.279256215504520178e+00,-3.523759708676271885e+01,-1.656261562318956493e+01,-2.246722757366547540e+01,-1.365336410706881054e+01
3.410492725476624187e+00,2.653251162730782653e+00,-9.818049066900567112e+00,-2.469650876618572077e+00,-1.551269697769326328e-01,-1.440300866405988778e+01,-2.810373981349934525e+01,-1.095404686510994274e+01,-4.792410768234852725e+01,-2.645926745258026713e+01,-2.878008054286757300e+01,-5.180591461526251607e+00,-3.496602533891569919e+01,-1.589386677815894977e+01,-2.283511581258231615e+01,-1.387933325099647064e+01
3.306428583228511187e+00,2.545423232040048944e+00,-9.372723153400359664e+00,-2.271806471371855540e+00,-3.781658067173214732e-01,-1.453625979166569238e+01,-2.716280261908702798e+01,-1.074182076856047985e+01,-4.698039391228176243e+01,-2.624389734767363436e+01,-2.708448135417475555e+01,-5.105467190801666888e+00,-3.473499216231119391e+01,-1.525133438544990838e+01,-2.320574050365114616e+01,-1.414958452497438124e+01
3.210343120245500614e+00,2.445177250223415921e+00,-8.971295289162824815e+00,-2.053181767972626304e+00,-6.197338654232704691e-01,-1.461074909538976740e+01,-2.628339858241522009e+01,-1.052891673014358709e+01,-4.607208281013765827e+01,-2.605682281334545891e+01,-2.543612537394678697e+01,-5.049623936612306352e+00,-3.454846061459420525e+01,-1.466680392751381490e+01,-2.356219508420006292e+01,-1.443445585842534484e+01
3.122692468778421215e+00,2.357837227412127312e+00,-8.629609927261627789e+00,-1.816717862171302933e+00,-8.739126487111659181e-01,-1.461879170018002938e+01,-2.551622889701727459e+01,-1.033122846307963627e+01,-4.525565809098050352e+01,-2.590647588443779981e+01,-2.391830319228321144e+01,-5.007580027924863231e+00,-3.440871147006921404e+01,-1.417015703889376788e+01,-2.388860029315564049e+01,-1.470192124935739741e+01
3.043838640700057940e+00,2.288926485987821557e+00,-8.360287015199936889e+00,-1.565245462127477172e+00,-1.133664198202913642e+00,-1.455645820069723939e+01,-2.490647295365627301e+01,-1.016105691739138983e+01,-4.458421755632350170e+01,-2.579902209287098458e+01,-2.261163869029629581e+01,-4.972533166460793019e+00,-3.431466338988303733e+01,-1.378721316254421758e+01,-2.416998483574710122e+01,-1.491939517265389092e+01
2.974174955513258389e+00,2.243964201121568358e+00,-8.172222348359674982e+00,-1.301693792783570114e+00,-1.391280565295968330e+00,-1.442397774539631605e+01,-2.449200306572435792e+01,-1.002685094318443504e+01,-4.410534442796546273e+01,-2.573863214676516264e+01,-2.159024987586536426e+01,-4.937092376516288184e+00,-3.426305007885073906e+01,-1.353801626188523244e+01,-2.439336034093646433e+01,-1.505624933066576432e+01
2.914265581232861280e+00,2.228266696099809430e+00,-8.069920097445054452e+00,-1.028756873340322509e+00,-1.638710311754353111e+00,-1.422559076078820262e+01,-2.430096901001525111e+01,-9.932395988058789982e+00,-4.385823234138950255e+01,-2.572675768130402574e+01,-2.091732226169852993e+01,-4.893476169047861646e+00,-3.424827180234073865e+01,-1.343546289934270987e+01,-2.454813991364503778e+01,-1.508580353015969244e+01
2.865004549834774039e+00,2.246607235467205310e+00,-8.052990001475814452e+00,-7.487415711851790334e-01,-1.867800370038465996e+00,-1.396901212240881307e+01,-2.434849131228021335e+01,-9.876065683535045991e+00,-4.386945301935633523e+01,-2.576160884075792978e+01,-2.063910455753897466e+01,-4.833889766098377727e+00,-3.426202437731427608e+01,-1.348400470917806437e+01,-2.462619347939671499e+01,-1.498721918082995330e+01
2.827449299883753930e+00,2.302778364598719207e+00,-8.116588652578323959e+00,-4.640164730848808095e-01,-2.071044211791726930e+00,-1.366534878902937322e+01,-2.463715553770854783e+01,-9.851654797246482076e+00,-4.415278787791586268e+01,-2.583894911462419941e+01,-2.078368890470617814e+01,-4.751513750561890070e+00,-3.429492577990332336e+01,-1.367953484880491288e+01,-2.462287683937027083e+01,-1.474749451702463610e+01
2.802614230180358490e+00,2.399216835949721904e+00,-8.252138774423187328e+00,-1.774479954856975628e-01,-2.242386130361509800e+00,-1.332880156217016676e+01,-2.515980249981083361e+01,-9.849846981803571211e+00,-4.471157121430231030e+01,-2.595300354795584497e+01,-2.136337096869067409e+01,-4.641344075109585354e+00,-3.433857816068568525e+01,-1.400976833714918968e+01,-2.453812143267665036e+01,-1.436315893626050411e+01
2.791335665425228818e+00,2.536622800021119506e+00,-8.447815188021795763e+00,1.076130326738251597e-01,-2.377732076581691167e+00,-1.297572614115365930e+01,-2.590078805597114808e+01,-9.858823802423112070e+00,-4.553929509840074275e+01,-2.609642493004777464e+01,-2.237567687971161234e+01,-4.500441874479580662e+00,-3.438576261295919778e+01,-1.445499196073341253e+01,-2.437659661543413137e+01,-1.384089731625002884e+01
2.794046449869417081e+00,2.713602610634861190e+00,-8.689386452508767178e+00,3.870449344229207611e-01,-2.475310050424733177e+00,-1.262382076554674626e+01,-2.683688685603442536e+01,-9.865261916558500488e+00,-4.661984897206401968e+01,-2.626101577736464421e+01,-2.380365982167926120e+01,-4.328549674697211636e+00,-3.443100903392191015e+01,-1.498952072975444594e+01,-2.414759254299858071e+01,-1.319768131255199428e+01
2.810532543584232990e+00,2.926465884246382210e+00,-8.961431203533315681e+00,6.556616418432814619e-01,-2.536059188116460028e+00,-1.229134838492273474e+01,-2.794045833849864380e+01,-9.856034299613577687e+00,-4.793031312621926787e+01,-2.643875660464647126e+01,-2.561955614593215813e+01,-4.128599417077351674e+00,-3.447194336757835487e+01,-1.558355564071369770e+01,-2.386522466301633116e+01,-1.246054524750058334e+01
2.839826210264077222e+00,3.169153201171798440e+00,-9.248184454258865372e+00,9.073650500519061524e-01,-2.563615000260714538e+00,-1.199601572698291818e+01,-2.918082926503672070e+01,-9.819058243569045885e+00,-4.944195051950408981e+01,-2.662196463405945579e+01,-2.778650731832125587e+01,-3.906561351687999561e+00,-3.450903967190320287e+01,-1.620507907892358901e+01,-2.354772513392348188e+01,-1.166537737168785327e+01
2.880250592443905688e+00,3.433326585635511297e+00,-9.534117346297584561e+00,1.135465274183588225e+00,-2.563815540239254176e+00,-1.175351445954470009e+01,-3.052312991459790581e+01,-9.743402333537012794e+00,-5.111836410519762808e+01,-2.680321245727428447e+01,-3.025671259723714002e+01,-3.671095309973810394e+00,-3.454430406718098823e+01,-1.682192893196690164e+01,-2.321597716122240485e+01,-1.085499248305061393e+01
2.929450954591500622e+00,3.708622236311705400e+00,-9.804963948691405307e+00,1.332629977387734144e+00,-2.544256361282157819e+00,-1.157671132105095779e+01,-3.192896128156002078e+01,-9.620349844817090101e+00,-5.291598786116649222e+01,-2.697632411649318485e+01,-3.297172209683633781e+01,-3.433557778814094519e+00,-3.458152282938748101e+01,-1.740418336338241190e+01,-2.289273106257893531e+01,-1.007721393236995233e+01
2.984386713666142832e+00,3.983065116269004946e+00,-1.004862604453201236e+01,1.491244919177063810e+00,-2.513892998113037791e+00,-1.147500156463649645e+01,-3.335867857146800475e+01,-9.444379769302877037e+00,-5.478650935929999832e+01,-2.713669340210528702e+01,-3.586542151798613531e+01,-3.207275249286061225e+00,-3.462625300208697610e+01,-1.792620465214598013e+01,-2.260159979090319027e+01,-9.382211175380177792e+00
3.041568199058763078e+00,4.243667695597773459e+00,-1.025560620214270813e+01,1.603993747798264202e+00,-2.482245003079450285e+00,-1.145356324909849199e+01,-3.477129441591002035e+01,-9.213224739992620371e+00,-5.667687900491107200e+01,-2.728106578690601225e+01,-3.886416082470976363e+01,-3.006663449742476235e+00,-3.468458054169823868e+01,-1.836824219596240226e+01,-2.236537557788981445e+01,-8.819616972816392675e+00
3.097257888973843798e+00,4.477171948071953622e+00,-1.041962911415567383e+01,1.664192525499853748e+00,-2.458689642883106430e+00,-1.151316741988573433e+01,-3.612637060556923529e+01,-8.928461598517092312e+00,-5.853171840538573178e+01,-2.740812564786727279e+01,-4.188957254859088408e+01,-2.846519553265544289e+00,-3.476324749101943468e+01,-1.871778973563409565e+01,-2.220504616614902460e+01,-8.435852735892858334e+00
3.147701764935380453e+00,4.670935750402274600e+00,-1.053814635569978719e+01,1.666180384493168631e+00,-2.451993321077171828e+00,-1.165044869387184967e+01,-3.738778708363771131e+01,-8.596297938153941942e+00,-6.029812640315245886e+01,-2.751885455274459247e+01,-4.486461281196061890e+01,-2.741089621004397792e+00,-3.487007622173990740e+01,-1.897040674449490893e+01,-2.213909129188265723e+01,-8.271326168638058363e+00
3.189440946099401764e+00,4.813817860468197374e+00,-1.061237229903286305e+01,1.605974446370784792e+00,-2.469729336720002166e+00,-1.185807940490084533e+01,-3.852717049923321468e+01,-8.227503134762596204e+00,-6.193025206100902835e+01,-2.761604701521436667e+01,-4.771994731363344044e+01,-2.702722010347538451e+00,-3.501365354428001808e+01,-1.912974151763318531e+01,-2.218257991930369855e+01,-8.357831427633342969e+00
3.219825115392322523e+00,4.897138987589718440e+00,-1.064674700732954449e+01,1.482079557936588410e+00,-2.517401583913812857e+00,-1.212491945995838272e+01,-3.952392427637175132e+01,-7.836370089496107028e+00,-6.339023234403143192e+01,-2.770357829813948314e+01,-5.039583827772346325e+01,-2.740705016233707436e+00,-3.520185528671248676e+01,-1.920676048040009931e+01,-2.234559318987025023e+01,-8.716223178346762523e+00
3.237319089185369592e+00,4.915445496933992686e+00,-1.064863859589783601e+01,1.295886770141268185e+00,-2.597983948649481789e+00,-1.243684204211717947e+01,-4.036719483697727640e+01,-7.440266811611292219e+00,-6.465141553685707265e+01,-2.778613821261970784e+01,-5.284659691885444488e+01,-2.860441829182099660e+00,-3.544181108141341952e+01,-1.921869368890352092e+01,-2.263268087067076451e+01,-9.354983300848385142e+00
3.241942988077246568e+00,4.867235174748250515e+00,-1.062746698342099450e+01,1.052344957140476822e+00,-2.711416322607998808e+00,-1.277727691506852103e+01,-4.105656666631253415e+01,-7.058436746601118195e+00,-6.570008930970270455e+01,-2.786809655611941849e+01,-5.504348550901897141e+01,-3.062298624185022966e+00,-3.573885998862713365e+01,-1.918704519759769056e+01,-2.304195756568744713e+01,-1.026880642987869052e+01
3.235771394383897714e+00,4.755476298593269924e+00,-1.059339278844204557e+01,7.605536062276603282e-01,-2.853969271518090878e+00,-1.312758446024250780e+01,-4.159928430940765764e+01,-6.709870698948110501e+00,-6.653327922912745862e+01,-2.795209630872741968e+01,-5.697259287281932671e+01,-3.340748605314201036e+00,-3.609454689801924587e+01,-1.913520064067143522e+01,-2.356403031735438702e+01,-1.143812283802495955e+01
3.223202946636716693e+00,4.587785096075213787e+00,-1.055618939319119676e+01,4.337516324188939731e-01,-3.017850538881738487e+00,-1.346775496824194107e+01,-4.200682820825316810e+01,-6.411484657703025114e+00,-6.715556269972418590e+01,-2.803832456721351107e+01,-5.863087704101157982e+01,-3.684236930200289528e+00,-3.650548470572961435e+01,-1.908601188718386510e+01,-2.418147829093657109e+01,-1.282946456318267359e+01
3.210851358662140775e+00,4.376219792121727181e+00,-1.052468276516314027e+01,8.894161133507871853e-02,-3.191685792222676454e+00,-1.377771817441325908e+01,-4.229524585773266665e+01,-6.177601825096266097e+00,-6.757990449645451747e+01,-2.812439856543560879e+01,-6.002695072818325883e+01,-4.075468365219591327e+00,-3.696409668392558956e+01,-1.905977221631520990e+01,-2.486981106290195243e+01,-1.439699516165610405e+01
3.207498815522085600e+00,4.136902063741656477e+00,-1.050569672912337005e+01,-2.534035556469609318e-01,-3.360744210486742212e+00,-1.403800654110828638e+01,-4.248211955494387126e+01,-6.018397059372705193e+00,-6.782452546020866180e+01,-2.820452989753299988e+01,-6.117721951237977152e+01,-4.491660636728484590e+00,-3.745757611466459025e+01,-1.907180950468087133e+01,-2.559765105391052487e+01,-1.608393991544416934e+01
3.223774209916288491e+00,3.889254218562776977e+00,-1.050346844338215746e+01,-5.703013081676342466e-01,-3.507629476502351018e+00,-1.423083633508225887e+01,-4.258454226902535567e+01,-5.939203250982543203e+00,-6.791054845448098831e+01,-2.826976299198350517e+01,-6.210259047169558499e+01,-4.905715332537120332e+00,-3.796836622495634117e+01,-1.913082049334364854e+01,-2.632799037933395425e+01,-1.782524941608141944e+01
3.271433623336525542e+00,3.654914369636070859e+00,-1.051965375737925612e+01,-8.376941376974338382e-01,-3.613573064084085296e+00,-1.434133316350068199e+01,-4.261981047737726414e+01,-5.940844757543325194e+00,-6.786256418207382524e+01,-2.830877156265279382e+01,-6.282886490698003001e+01,-5.287739007684152170e+00,-3.847591100456976676e+01,-1.923791933404202581e+01,-2.702044940830278819e+01,-1.955083002212828802e+01
3.362496072759776133e+00,3.456438567091384861e+00,-1.055354653886192651e+01,-1.031935416207907519e+00,-3.660011533649774940e+00,-1.435866593426662874e+01,-4.260743738351540344e+01,-6.020337234012021810e+00,-6.771037275732719252e+01,-2.830882996365189541e+01,-6.338902574928667377e+01,-5.606685380765833671e+00,-3.895866077410406803e+01,-1.938625090096989823e+01,-2.763383911970367990e+01,-2.118887793635123984e+01
3.508553885389215754e+00,3.315983653377210238e+00,-1.060177219803185622e+01,-1.130970261346335271e+00,-3.629552014741292076e+00,-1.427624196624874742e+01,-4.256673981795066908e+01,-6.170409049444676164e+00,-6.748579139788466819e+01,-2.825598215530462198e+01,-6.381965249195214085e+01,-5.831884921963331081e+00,-3.939398328939833505e+01,-1.956099769817552669e+01,-2.812774809157064837e+01,-2.266905590682101845e+01
3.719817060248305829e+00,3.253796377787997685e+00,-1.065881770318813260e+01,-1.115970567338694597e+00,-3.507406237452340925e+00,-1.409232650989820712e+01,-4.251686135811313250e+01,-6.380384015477252646e+00,-6.722196739139052113e+01,-2.813637785398668711e+01,-6.416005820800425852e+01,-5.935123071316951382e+00,-3.975996848346660784e+01,-1.974036174887482886e+01,-2.846504209973188182e+01,-2.392606531440996775e+01
4.004038984321432793e+00,3.286715402706796851e+00,-1.071771575773661667e+01,-9.728578862967578456e-01,-3.282871221716560761e+00,-1.381038350074880228e+01,-4.247740794225457961e+01,-6.637303083021246053e+00,-6.695327665651279858e+01,-2.793749037153568082e+01,-6.445222709549254603e+01,-5.892530370847238963e+00,-4.003709757927896362e+01,-1.989714724834175286e+01,-2.861426183638674559e+01,-2.490289182695123671e+01
4.365883055163727100e+00,3.426931767546030017e+00,-1.077030172408507802e+01,-6.932652458369621407e-01,-2.950060013141832194e+00,-1.343853864467148362e+01,-4.246581103886862962e+01,-6.926013192261324392e+00,-6.671162384858223504e+01,-2.764864394454098218e+01,-6.473641633711548593e+01,-5.686041563559674827e+00,-4.020837186921119155e+01,-2.000083445348168354e+01,-2.855112043148729839e+01,-2.555359192457500939e+01
4.806364112135011801e+00,3.680941733539210503e+00,-1.080748392921059775e+01,-2.753094030335025977e-01,-2.508247327196333032e+00,-1.298877779713076563e+01,-4.249311771225077905e+01,-7.229192257290252499e+00,-6.652087194938349057e+01,-2.726159100521010004e+01,-6.504386564346941668e+01,-5.304678425272837394e+00,-4.025893441078935098e+01,-2.001982249455149798e+01,-2.825942740773207618e+01,-2.584530493208704272e+01
5.322153669272827514e+00,4.048677603098685296e+00,-1.082052077132454571e+01,2.753473969939086441e-01,-1.962676725137558975e+00,-1.247687514278128162e+01,-4.256512607668789627e+01,-7.529392904210037152e+00,-6.639736712198381952e+01,-2.677239411376009670e+01,-6.539656195990536958e+01,-4.746054376282007325e+00,-4.017849905686131251e+01,-1.992473621744921175e+01,-2.773320737969953598e+01,-2.576037224924808555e+01
5.905300804391858449e+00,4.523110574449408006e+00,-1.080161237536666619e+01,9.454453028734917108e-01,-1.324672194621906662e+00,-1.192143544366029673e+01,-4.268121837644527972e+01,-7.809764556438367755e+00,-6.634784962215471182e+01,-2.618171466684559334e+01,-6.580429905494227683e+01,-4.016812689621895416e+00,-3.996145125679332466e+01,-1.969095434937245059e+01,-2.697713468786381696e+01,-2.529726335412918914e+01
6.543249296257585890e+00,5.090249999615755527e+00,-1.074450484483966584e+01,1.714362563359039360e+00,-6.113156288716430353e-01,-1.134290929318112973e+01,-4.283305273899269139e+01,-8.054790296543158590e+00,-6.636750391264699545e+01,-2.549536537040273743e+01,-6.626170374840064881e+01,-3.132931964208631737e+00,-3.960704512648895559e+01,-1.930126659636475139e+01,-2.600667755101412126e+01,-2.447098728870562567e+01
7.219051878726542526e+00,5.729649715503585483e+00,-1.064541503206765860e+01,2.554492942750810514e+00,1.549176794459619089e-01,-1.076293971233895164e+01,-4.300703296291790423e+01,-8.251959428323019097e+00,-6.644246313255311520e+01,-2.472517665943090037e+01,-6.675069814421112824e+01,-2.119496478565463082e+00,-3.912083593615593458e+01,-1.874829610987676887e+01,-2.484837307631277525e+01,-2.331272742413321453e+01
7.911662229688935177e+00,6.415178859549095947e+00,-1.050397833284237592e+01,3.431966956174378858e+00,9.464842711685594878e-01,-1.020386091552625629e+01,-4.318889507974837016e+01,-8.393667070699205368e+00,-6.655475160285124048e+01,-2.388957920947438396e+01,-6.724657454924738431e+01,-1.010146599015152358e+00,-3.851627303024390869e+01,-1.803650453211206894e+01,-2.354000333619199381e+01,-2.186912910306057256e+01
8.596801328904403405e+00,7.116269058269873327e+00,-1.032325490130121182e+01,4.308406255641520133e+00,1.732097771298634292e+00,-9.687372739654847464e+00,-4.336424119596998850e+01,-8.477038017099207678e+00,-6.668312698859621435e+01,-2.301246555342383004e+01,-6.771962377566595137e+01,1.546353552312550450e-01,-3.781331187627034751e+01,-1.718292249192320753e+01,-2.212869008498349999e+01,-2.020006966949609151e+01
9.248002411345479956e+00,7.799483855474873550e+00,-1.010980956317539636e+01,5.142673184195047931e+00,2.478061964082683311e+00,-9.233734625630001247e+00,-4.352054832437809750e+01,-8.504400370112191965e+00,-6.680574200195543710e+01,-2.212256476359147683e+01,-6.813873276397160339e+01,1.329179199863351091e+00,-3.703813465296828156e+01,-1.621719903908349281e+01,-2.066901811815190726e+01,-1.837630146566056055e+01
9.837802393035063986e+00,8.430294087944810499e+00,-9.873685968024838999e+00,5.892844521708948236e+00,3.149746909956110841e+00,-8.861034683229799924e+00,-4.365020894452894851e+01,-8.483728039675217047e+00,-6.690409433045927301e+01,-2.125243159442235807e+01,-6.847677007382282000e+01,2.464740368109869184e+00,-3.622277529043312683e+01,-1.518063743261066278e+01,-1.922091144551752961e+01,-1.647657002431958517e+01
1.033921024015582724e+01,8.975019588235726431e+00,-9.627767987312246589e+00,6.518593369484749545e+00,3.713408413195047331e+00,-8.584235155639204251e+00,-4.375123375067461495e+01,-8.427794952164358477e+00,-6.696451160637805344e+01,-2.043645766726138646e+01,-6.871316528909447641e+01,3.512091981286121989e+00,-3.540321773415190165e+01,-1.412435665087947356e+01,-1.784657622387832632e+01,-1.458426010925061966e+01
1.072736282028511923e+01,9.402743005223651807e+00,-9.386478699909291734e+00,6.983839658387768878e+00,4.138482134660252498e+00,-8.413861225711396941e+00,-4.382398088988371399e+01,-8.352008706766657298e+00,-6.697530079002503101e+01,-1.970809575418134330e+01,-6.883101839330814187e+01,4.424436228200480770e+00,-3.461573675934276650e+01,-1.310621549086796556e+01,-1.660631101768121098e+01,-1.278330838994906671e+01
1.098081186509388196e+01,9.687025870171090958e+00,-9.165397735588818762e+00,7.258308534554854141e+00,4.399023469025769018e+00,-8.356005188355860369e+00,-4.387249356234124775e+01,-8.274338626936259544e+00,-6.692885562290221912e+01,-1.909899473411788762e+01,-6.881953032743504650e+01,5.159328563379147248e+00,-3.389660409863313362e+01,-1.218781762738319330e+01,-1.555599066430369071e+01,-1.115499506086696435e+01
1.108287774382408486e+01,9.807534358280438624e+00,-8.980214054742493346e+00,7.319619336916678876e+00,4.475230297675929947e+00,-8.411976335907464630e+00,-4.390435463791866511e+01,-8.214055813367091119e+00,-6.682221546101743570e+01,-1.863667524644812801e+01,-6.867493789262265125e+01,5.681263043956485070e+00,-3.327986147566258524e+01,-1.143053546484701855e+01,-1.474384586147112408e+01,-9.774151456873186206e+00
1.102275346744826656e+01,9.751201810413608229e+00,-8.845630376556297136e+00,7.154745579096204011e+00,4.354766457734005058e+00,-8.578144115744771980e+00,-4.392867311461103697e+01,-8.190037476190564547e+00,-6.665541892895186038e+01,-1.834253196991321389e+01,-6.839861349528513301e+01,5.963678881607732407e+00,-3.279484318219510897e+01,-1.089156994861579442e+01,-1.420741439514165982e+01,-8.705827072946469514e+00
1.079619035353088385e+01,9.513030420286423094e+00,-8.774804522556475916e+00,6.760644082132284183e+00,4.033366636619000190e+00,-8.846480138245381042e+00,-4.395696154125657529e+01,-8.220249568447055566e+00,-6.643296777997892377e+01,-1.823105336133859566e+01,-6.799875240633038231e+01,5.990208722961951615e+00,-3.246570594698830803e+01,-1.062007294698090298e+01,-1.397174035551863014e+01,-8.002583988779848667e+00
1.040580701042362932e+01,9.096465874588847811e+00,-8.778984357964866092e+00,6.144304210806707189e+00,3.514815905104947902e+00,-9.205383398207821699e+00,-4.400540159460462064e+01,-8.321562988785061066e+00,-6.616672149788814750e+01,-1.830929644891585895e+01,-6.749410776237077414e+01,5.755462667817457856e+00,-3.231145774199080734e+01,-1.065374017619599911e+01,-1.404857747817545821e+01,-7.702321002348686996e+00
9.861161191845912555e+00,8.513243353850530326e+00,-8.866626427701540081e+00,5.322828442788799741e+00,2.810870638699603852e+00,-9.640098535597111606e+00,-4.409402605472658365e+01,-8.508443790116661631e+00,-6.587529290041732111e+01,-1.857554111137888597e+01,-6.691385714034643684e+01,5.265895432938803467e+00,-3.234416942475760237e+01,-1.101549413921280873e+01,-1.443508028040307067e+01,-7.826023863803612812e+00
9.178535420821392066e+00,7.782880128437666301e+00,-9.042849165773755971e+00,4.322643022307499194e+00,1.940838706990379414e+00,-1.013340394377365072e+01,-4.424521559335613574e+01,-8.791958670119825570e+00,-6.558252824113964152e+01,-1.901915415976537105e+01,-6.629589654292919931e+01,4.539566463853945244e+00,-3.256815446811999948e+01,-1.171112461043884778e+01,-1.511343636466085449e+01,-8.376521746872628071e+00
8.380143124133601518e+00,6.931602773827687081e+00,-9.309382063726506118e+00,3.178075319320172287e+00,9.304867952776483264e-01,-1.066668934941861480e+01,-4.448362122235420912e+01,-9.179492423763260689e+00,-6.531747317926212304e+01,-1.962112289889018513e+01,-6.568671906296233942e+01,3.605311858445096274e+00,-3.298025328923575472e+01,-1.272797697192807220e+01,-1.605178669020949656e+01,-9.338147939366805872e+00
7.493254250798464966e+00,5.991017963393602486e+00,-9.664085571597492930e+00,1.929953727978616307e+00,-1.890137380908432085e-01,-1.122045241206406452e+01,-4.483350890919107457e+01,-9.673728518961915768e+00,-6.511138556560290169e+01,-2.035414215059691756e+01,-6.513777446919431213e+01,2.501783984134001493e+00,-3.356899325083800534e+01,-1.403459004779304387e+01,-1.720514041010930839e+01,-1.067683595046629819e+01
6.549159593355296849e+00,4.996470840774504651e+00,-1.010052730546977706e+01,6.238969654402941600e-01,-1.382148033273894683e+00,-1.177463314131252758e+01,-4.531342556805992672e+01,-1.027118218504033997e+01,-6.499162459532800540e+01,-2.118297063598132013e+01,-6.469749880988550217e+01,1.276078197130885883e+00,-3.431323830126758878e+01,-1.558125168664296822e+01,-1.851645204452881188e+01,-1.234070844405310652e+01
5.581682745051345762e+00,3.985149928858688906e+00,-1.060832066935847173e+01,-6.922494270557417728e-01,-2.610664982798789779e+00,-1.230948953053835027e+01,-4.593335360853635052e+01,-1.096237669999310249e+01,-6.497803310578649416e+01,-2.206655287749783056e+01,-6.440562632301374890e+01,-1.879983583705779893e-02,-3.518338850144504448e+01,-1.730194503037897391e+01,-1.991930766248701445e+01,-1.426212969310605772e+01
4.625635144447424629e+00,2.994230544723950782e+00,-1.117354398405500504e+01,-1.970629108439307275e+00,-3.835357843129411748e+00,-1.280631128292848686e+01,-4.669307847690092217e+01,-1.173209251447973500e+01,-6.508076349144964468e+01,-2.295967690965233032e+01,-6.428943790234812639e+01,-1.326169511404942547e+00,-3.614254809226365239e+01,-1.911735862127103758e+01,-2.134110404171930853e+01,-1.636013622552642843e+01
3.715260594795367410e+00,2.058949023709906623e+00,-1.177909980446375471e+01,-3.165543018112259688e+00,-5.017692569186452900e+00,-1.324782859152187697e+01,-4.757904765761136190e+01,-1.255933853109051235e+01,-6.529632698878228325e+01,-2.381472067433394102e+01,-6.435778408066684619e+01,-2.588168596654090159e+00,-3.714717235643541926e+01,-2.093869768851737945e+01,-2.270614155901789388e+01,-1.854356518441974444e+01
2.882537804826110772e+00,1.210812488574542156e+00,-1.240570746238604727e+01,-4.235916951965831956e+00,-6.121597147283965867e+00,-1.361901745788595264e+01,-4.856413313052043179e+01,-1.341852567228829862e+01,-6.560689903900683362e+01,-2.458455962160832797e+01,-6.459885368622659030e+01,-3.748700178655560933e+00,-3.814957182202757480e+01,-2.267238326951722627e+01,-2.393958691985203302e+01,-2.071485976392949979e+01
2.155600980429153601e+00,4.761230017958351102e-01,-1.303310336256760849e+01,-5.147500625862807766e+00,-7.115377098844248849e+00,-1.390786732660458114e+01,-4.961040753026276917e+01,-1.428136381869961014e+01,-6.598300323355582009e+01,-2.522547755890032306e+01,-6.498258278970399715e+01,-4.756274263764580290e+00,-3.910139947147010275e+01,-2.422533793453252571e+01,-2.497203637897111150e+01,-2.277452954427145926e+01
1.557435387185676756e+00,-1.251816071297893185e-01,-1.364096733376636017e+01,-5.874271812279276972e+00,-7.973202746948025776e+00,-1.410572149249426133e+01,-5.067190458293414679e+01,-1.511820941112850214e+01,-6.638641351236302057e+01,-2.569912849847692016e+01,-6.546400208747324712e+01,-5.566042095599219586e+00,-3.995592616626423421e+01,-2.551006425759618068e+01,-2.574318527664273759e+01,-2.462509303717283160e+01
1.104964545601716752e+00,-5.802607720080250608e-01,-1.420960412599140810e+01,-6.399374581368990178e+00,-8.675962130484458967e+00,-1.420731147295867203e+01,-5.169548541613616521e+01,-1.589896919182931967e+01,-6.677097954421350323e+01,-2.597436782588937376e+01,-6.598417570159540446e+01,-6.141782738468265279e+00,-4.066967968748058126e+01,-2.644954491774224081e+01,-2.620468251402941462e+01,-2.617533536804999272e+01
8.082414336564029966e-01,-8.837698657991743811e-01,-1.472121699037063536e+01,-6.715968527679009981e+00,-9.212232032245976754e+00,-1.421122235907352582e+01,-5.262574655212996788e+01,-1.659528194588708772e+01,-6.708798884468879464e+01,-2.602960866587536515e+01,-6.647682311237890929e+01,-6.457900626764775609e+00,-4.120593765942403763e+01,-2.698193394737317519e+01,-2.632343929556100193e+01,-2.734509334831747651e+01
6.701450263446200317e-01,-1.037814166278765882e+00,-1.516041650845199129e+01,-6.826878187528622632e+00,-9.578507432911470332e+00,-1.411957162038978630e+01,-5.340787131174273838e+01,-1.718147002739830498e+01,-6.728943504739505954e+01,-2.585336446754562090e+01,-6.687301166786339479e+01,-6.500096337543103786e+00,-4.153593082761148025e+01,-2.706424962456299710e+01,-2.608327970189210987e+01,-2.806879651575735579e+01
6.866897134802689706e-01,-1.051386797911574522e+00,-1.551439028973422296e+01,-6.743822774580251256e+00,-9.778624699259909292e+00,-1.393740299843467767e+01,-5.398844886973243717e+01,-1.763487459272961289e+01,-6.732902260959284035e+01,-2.544441617346324236e+01,-6.710303537247678207e+01,-6.265722596128329158e+00,-4.163921315977699322e+01,-2.667488628710341914e+01,-2.548537815671654272e+01,-2.829859281693286377e+01
8.473761839762232739e-01,-9.396522570002430186e-01,-1.577338191764299147e+01,-6.486509463196879821e+00,-9.823128166518870330e+00,-1.367233547108373415e+01,-5.431696185330316951e+01,-1.793679585713458735e+01,-6.716376204717568044e+01,-2.481216591326772303e+01,-6.709872536161722678e+01,-5.764013644869297792e+00,-4.150467005721955616e+01,-2.581529555976181811e+01,-2.454831049790012543e+01,-2.800733968389252126e+01
1.135866052792447789e+00,-7.228694185349444634e-01,-1.593121131659435719e+01,-6.081376113575937659e+00,-9.728605958349456628e+00,-1.333444922226225238e+01,-5.435037819004332960e+01,-1.807393259448221201e+01,-6.675909086757336297e+01,-2.397657442351480483e+01,-6.680031463407669889e+01,-5.015636548039100973e+00,-4.113201216215163925e+01,-2.451046875117123136e+01,-2.330774891193203757e+01,-2.719051652940888175e+01
1.531059932582651051e+00,-4.250258526102796974e-01,-1.598524445030339258e+01,-5.559604267462623817e+00,-9.516401755433626874e+00,-1.293568025477660122e+01,-5.405495214756348332e+01,-1.803867010065701137e+01,-6.609083184235865360e+01,-2.296686581509319325e+01,-6.615981518460782240e+01,-4.051428363520901854e+00,-4.053130221890161522e+01,-2.280798089253772076e+01,-2.181452961929678480e+01,-2.586695459997267932e+01
2.008238326815587449e+00,-7.248308388589297380e-02,-1.593649442694646368e+01,-4.955476877175859052e+00,-9.211302729409366563e+00,-1.248947174885207723e+01,-5.340849394283243612e+01,-1.782971549104759745e+01,-6.514762304390580994e+01,-2.182059455745857690e+01,-6.514478468102858244e+01,-2.911207835303002422e+00,-3.972290930519520202e+01,-2.077600844547686165e+01,-2.013236737958724731e+01,-2.407889368177334433e+01
2.540266587120317165e+00,3.074908745909554764e-01,-1.578989227657244143e+01,-4.304677837269341723e+00,-8.840436087212028227e+00,-1.201071478894187194e+01,-5.240476551042974762e+01,-1.745314488060126124e+01,-6.393561373272689252e+01,-2.058247677545954701e+01,-6.374512449411773218e+01,-1.642102260854468199e+00,-3.873799020570817220e+01,-1.850016042249229287e+01,-1.833552052388210285e+01,-2.189104722929900504e+01
3.098834474723806576e+00,6.881448210097171891e-01,-1.555431594644146109e+01,-3.642551260052748319e+00,-8.432180273493305123e+00,-1.151558007852650078e+01,-5.105795009504736015e+01,-1.692303843883344783e+01,-6.248322828937655515e+01,-1.930265640708476482e+01,-6.198049989986520814e+01,-2.964459399617149771e-01,-3.761815935741060457e+01,-1.607938395235980877e+01,-1.650584179105003813e+01,-1.938827323886455645e+01
3.655915926734316646e+00,1.044551968992080582e+00,-1.524186557281953647e+01,-3.002107951467155367e+00,-8.014537649007021258e+00,-1.102076985558329802e+01,-4.940180156894292196e+01,-1.626046574778388631e+01,-6.083997437168439859e+01,-1.803396801431732399e+01,-5.990042107507247238e+01,1.070740001889290305e+00,-3.641270727626713466e+01,-1.362084955708090916e+01,-1.472832007350690375e+01,-1.667200839930470480e+01
4.185011748371946894e+00,1.354752460008254777e+00,-1.486752343650726793e+01,-2.412629403611796342e+00,-7.613887015797767610e+00,-1.054324957726744749e+01,-4.749000158666413540e+01,-1.549318301524936459e+01,-5.907648934440221922e+01,-1.682987699863639719e+01,-5.758540875076609211e+01,2.403972624811215208e+00,-3.517703385901929636e+01,-1.123454825004865221e+01,-1.308719113403045853e+01,-1.385615438695165125e+01
4.662254900660194323e+00,1.600629569125581408e+00,-1.444858123900068669e+01,-1.898410105048968788e+00,-7.253960762888612912e+00,-1.009985109123348757e+01,-4.539543903849559570e+01,-1.465482311680666072e+01,-5.728339132520139287e+01,-1.574200984923781910e+01,-5.514655905993354423e+01,3.649799728173700686e+00,-3.397035144155435660e+01,-9.027654764100610407e+00,-1.166195197586629817e+01,-1.106196516986758027e+01
5.067606501395708563e+00,1.768642439335564198e+00,-1.400343337756160089e+01,-1.477532642961647991e+00,-6.954509069233593799e+00,-9.706308888274419289e+00,-4.320486479502676502e+01,-1.378260231597350582e+01,-5.556483366845385063e+01,-1.481709140769146948e+01,-5.271829680605107171e+01,4.759427669535221561e+00,-3.285156973577002759e+01,-7.098704430849487323e+00,-1.052267929667162782e+01,-8.412120807127534405e+00
5.385769762418254558e+00,1.850196308118766897e+00,-1.355034571572986124e+01,-1.161169216100366608e+00,-6.730069170661113986e+00,-9.376332512531297070e+00,-4.101126589109415477e+01,-1.291491542258251357e+01,-5.402944943998940630e+01,-1.409437398507777850e+01,-5.044702449705251723e+01,5.690849669708300418e+00,-3.187516422038031649e+01,-5.532256928579991850e+00,-9.725847162384745559e+00,-6.024722996285404975e+00
5.606553006995060429e+00,1.841650923880757462e+00,-1.310706021816019984e+01,-9.537847693935288529e-01,-6.589758546329092859e+00,-9.121571982087328223e+00,-3.891017437220238406e+01,-1.209028870311355064e+01,-5.278567103929414372e+01,-1.360446183821085597e+01,-4.848437182209328000e+01,6.410318952034818274e+00,-3.108958722679626163e+01,-4.394805164237823192e+00,-9.312015294622055350e+00,-4.007786059553667180e+00
5.725221382935400172e+00,1.744260874137097295e+00,-1.268970376399206224e+01,-8.530894036363527722e-01,-6.536862169559958247e+00,-8.950929890688248847e+00,-3.699286838103704866e+01,-1.134508911776729079e+01,-5.193361250277729368e+01,-1.336738200790718345e+01,-4.697619964867580222e+01,6.893986378152599848e+00,-3.053390313826734825e+01,-3.731028553015327986e+00,-9.303240727977927449e+00,-2.453557634667519416e+00
5.742580511565984480e+00,1.563801122908951680e+00,-1.231192602729810659e+01,-8.505674296849956573e-01,-6.568720287444421047e+00,-8.870074761570036159e+00,-3.533938884841609251e+01,-1.071156840622910877e+01,-5.155677465700006934e+01,-1.339153420457892629e+01,-4.605092961154250730e+01,7.128776392769729853e+00,-3.023528952198262587e+01,-3.561384703425699350e+00,-9.701549692602034369e+00,-1.433604846532738897e+00
5.664509171573459234e+00,1.309943416563070784e+00,-1.198463605149803790e+01,-9.326871177700764015e-01,-6.677374922955928938e+00,-8.881515416577846267e+00,-3.401511855982590760e+01,-1.021702373464964175e+01,-5.171792201932078115e+01,-1.367389670525874834e+01,-4.581261445399816523e+01,7.112602115770742195e+00,-3.020850198356370342e+01,-3.881416981817904066e+00,-1.048932001951705040e+01,-9.950644167196998069e-01
5.501270507127460796e+00,9.955352435885753692e-01,-1.171596487257574282e+01,-1.082264782420615079e+00,-6.850653765901196124e+00,-8.984978923481113711e+00,-3.306978096352472818e+01,-9.883383485874531971e+00,-5.245785386540283923e+01,-1.420081751651332169e+01,-4.633787230810405333e+01,6.854096096637195323e+00,-3.045633499772252151e+01,-4.662353598128168741e+00,-1.163098557097492147e+01,-1.158145051389518621e+00
5.266918797906524397e+00,6.358874462762567070e-01,-1.151053130502141286e+01,-1.279361435470594222e+00,-7.072758611718033883e+00,-9.176903629946455254e+00,-3.253278509048092104e+01,-9.725253589348900718e+00,-5.379027141915839394e+01,-1.494778456414073986e+01,-4.766847517242970866e+01,6.372494697826372345e+00,-3.096804903188441216e+01,-5.852135570067115822e+00,-1.307400995225245488e+01,-1.914362563299224718e+00
4.978438814537861745e+00,2.479711444237249207e-01,-1.136937475880259996e+01,-1.502657030918776560e+00,-7.325258801150079435e+00,-9.450651568301106309e+00,-3.241146710512283136e+01,-9.749418660822808391e+00,-5.570025939346338362e+01,-1.588093020482182993e+01,-4.980799230550895373e+01,5.696432987285440674e+00,-3.172017418413100032e+01,-7.378376547020140563e+00,-1.475170330026847942e+01,-3.226715580942381756e+00
4.654732641289649031e+00,-1.504321679108267251e-01,-1.129015488193489603e+01,-1.730803587815346267e+00,-7.588401972371610071e+00,-9.796910356833018696e+00,-3.269181245342397801e+01,-9.954917063464353788e+00,-5.814559612644054454e+01,-1.695873041716366458e+01,-5.272217700647023975e+01,4.862548553012444152e+00,-3.267819346495211619e+01,-9.152228102267386589e+00,-1.658680048056555023e+01,-5.031225936394552178e+00
4.315702156817163626e+00,-5.414978089480576573e-01,-1.126696292731576854e+01,-1.943340924791119306e+00,-7.842004117037959077e+00,-1.020365986550365989e+01,-3.333721709522588839e+01,-1.033228817430290469e+01,-6.105618820115097378e+01,-1.813330427034427572e+01,-5.633735118693308408e+01,3.914004953187508740e+00,-3.379709651212451149e+01,-1.107290923507211744e+01,-1.849483344675100227e+01,-7.239625982168270468e+00
3.981482713536058871e+00,-9.080718851319087292e-01,-1.129016963554552433e+01,-2.121416878810796547e+00,-8.066042800369263688e+00,-1.065610575542142868e+01,-3.428656100477194002e+01,-1.086289924108399241e+01,-6.433288351460124943e+01,-1.935192754639364665e+01,-6.053794700090077185e+01,2.898739271561389774e+00,-3.502196894054279852e+01,-1.303267085984951379e+01,-2.038743019563391812e+01,-9.743317032711807713e+00
3.671415160232909258e+00,-1.234333274058870167e+00,-1.134731479493103556e+01,-2.249034432421217478e+00,-8.241846660632376143e+00,-1.113755355608787667e+01,-3.545813635971729383e+01,-1.152045753477709589e+01,-6.785280411361983965e+01,-2.056020295189087577e+01,-6.517192058436444313e+01,1.866843221671953268e+00,-3.629197564591031977e+01,-1.492260739724497931e+01,-2.217732614871320607e+01,-1.241941333105489065e+01
3.403201390114916514e+00,-1.506390473848703504e+00,-1.142366283381039338e+01,-2.313533864561441167e+00,-8.352962311638442827e+00,-1.162998757706078479e+01,-3.675312214309246883e+01,-1.227198089733034081e+01,-7.147433926579708441e+01,-2.170414164206453833e+01,-7.005648371835147259e+01,8.684558660984564860e-01,-3.754281634455078631e+01,-1.663831844067785681e+01,-2.378241915480376889e+01,-1.513688296482655460e+01
3.192307129043537195e+00,-1.712685323585588559e+00,-1.150275796999041589e+01,-2.305811837091834349e+00,-8.385652643094179126e+00,-1.211456082651043076e+01,-3.805893034456618551e+01,-1.307883703616739623e+01,-7.504206958860770271e+01,-2.273229670008579717e+01,-7.498407190703105130e+01,-4.840274563406676833e-02,-3.870923182095753390e+01,-1.808516953209617384e+01,-2.512938237300169320e+01,-1.776328108831815200e+01
3.051241800751583355e+00,-1.844374337316773360e+00,-1.156769825316958311e+01,-2.220906950183244799e+00,-8.329747463077161740e+00,-1.257276625466184328e+01,-3.925663761596944568e+01,-1.389939139284226854e+01,-7.839611613964605397e+01,-2.359874474076578821e+01,-7.973402981656889210e+01,-8.403570256186880805e-01,-3.972934311770849547e+01,-1.918328384761638716e+01,-2.615779262702386632e+01,-2.017218987699624932e+01
2.988904129850791236e+00,-1.895690590390777697e+00,-1.160262794153391042e+01,-2.058420215232256822e+00,-8.179532465535640284e+00,-1.298776146283472599e+01,-4.023061004906388405e+01,-1.469209721732912755e+01,-8.138396345176272462e+01,-2.426593141249989927e+01,-8.408808579436268360e+01,-1.470899784178973047e+00,-4.054927485493493577e+01,-1.987199702273249002e+01,-2.682389081649224494e+01,-2.225020838566385351e+01
3.010456409964950897e+00,-1.863972802199396206e+00,-1.159335516804804733e+01,-1.821906190255891511e+00,-7.933850938535616848e+00,-1.334477367160296168e+01,-4.087481686693485017e+01,-1.541703478982951836e+01,-8.386850281272643315e+01,-2.470558173552276315e+01,-8.784217591321440466e+01,-1.911525352706857639e+00,-4.112493119980126011e+01,-2.011260747011125716e+01,-2.710227333745593370e+01,-2.390273705630258760e+01
3.117318714661540646e+00,-1.749646571110910376e+00,-1.152820394780512814e+01,-1.518551172290214524e+00,-7.596033812724167333e+00,-1.363186626819737945e+01,-4.109876903998139852e+01,-1.603798835356645824e+01,-8.573549430342943367e+01,-2.490014531428827738e+01,-9.081743120754356369e+01,-2.143124036308575064e+00,-4.142431111489354123e+01,-1.989030612406068599e+01,-2.698692822602363606e+01,-2.505921749855541947e+01
3.307122413926042448e+00,-1.556238666064182485e+00,-1.139909011509038805e+01,-1.158836992539772792e+00,-7.173959419199618992e+00,-1.384076397787533530e+01,-4.083441930318285529e+01,-1.652489983218177727e+01,-8.690190116091265793e+01,-2.484400404617291258e+01,-9.287236390854204160e+01,-2.156910502653870854e+00,-4.142995367766877024e+01,-1.921503014986480196e+01,-2.649184703751571135e+01,-2.567711807070815055e+01
3.574127845838431128e+00,-1.290135720856601331e+00,-1.120173206487593376e+01,-7.555776510062219842e-01,-6.679458065108607734e+00,-1.396694466311540950e+01,-4.003913876021677254e+01,-1.685484093243369585e+01,-8.731945590992202710e+01,-2.454296151160998463e+01,-9.390960931451438398e+01,-1.954327542566161036e+00,-4.113878897668111279e+01,-1.812050238835584892e+01,-2.564962392070429331e+01,-2.574396276729035904e+01
3.909914623020791069e+00,-9.602783709245834576e-01,-1.093543154882129365e+01,-3.228029846204461539e-01,-6.127182356973779775e+00,-1.400920724783347993e+01,-3.869459293967523195e+01,-1.701201657357120922e+01,-8.697347244113595366e+01,-2.401307132786230625e+01,-9.387640267619488554e+01,-1.546481772618628181e+00,-4.056054510643728861e+01,-1.666192145828438953e+01,-2.450867627647470925e+01,-2.527762394012762925e+01
4.303882252357602134e+00,-5.778286326548007779e-01,-1.060340877897927570e+01,1.246482851077064247e-01,-5.533915200277101931e+00,-1.396991809977648202e+01,-3.680727062197588140e+01,-1.698892016341924105e+01,-8.588294626167630952e+01,-2.328053012657098719e+01,-9.276577101560458516e+01,-9.538245552841120301e-01,-3.971775717738490385e+01,-1.491334487936953401e+01,-2.313089431494186954e+01,-2.432544042533017148e+01
4.743917913076485249e+00,-1.557182334394062728e-01,-1.021255484348447418e+01,5.720956731088634450e-01,-4.917703813176254712e+00,-1.385466764318057287e+01,-3.440753993635611607e+01,-1.678651734037160637e+01,-8.409879012648619323e+01,-2.237994100245969875e+01,-9.061563083249312456e+01,-2.047311394748394520e-01,-3.864417724645994667e+01,-1.296347333073909525e+01,-2.158812205159360786e+01,-2.296119180462045506e+01
5.217230354040045981e+00,2.918793730331217251e-01,-9.772790716261447130e+00,1.005951596673822390e+00,-4.296682547269414343e+00,-1.367155674112027341e+01,-3.154555590581592384e+01,-1.641348153583625447e+01,-8.169828802898256015e+01,-2.135216190115801282e+01,-8.750282510806432867e+01,6.662532365569151516e-01,-3.738189847593276482e+01,-1.091074164807522351e+01,-1.995783675540501179e+01,-2.128051215303788624e+01
5.710997444683608926e+00,7.501226797562527970e-01,-9.296716205757522999e+00,1.414127369935828105e+00,-3.688316313155171944e+00,-1.343086648029013652e+01,-2.828855218131300120e+01,-1.588605359794838634e+01,-7.878074635984515339e+01,-2.024277954100412913e+01,-8.353812474041561131e+01,1.620026515180147619e+00,-3.597963297589932097e+01,-8.858228578098495731e+00,-1.831930149216624670e+01,-1.939536025780662598e+01
6.212785022156056769e+00,1.204016905673611859e+00,-8.799294719351467009e+00,1.786199594664133361e+00,-3.108993798927920160e+00,-1.314482859535884529e+01,-2.471917221184983049e+01,-1.522800332015481217e+01,-7.546419936407849605e+01,-1.910053778396909507e+01,-7.886246101303908063e+01,2.614659111156162563e+00,-3.449135110865114484e+01,-6.908551047979537785e+00,-1.675024173735518218e+01,-1.742784437425134314e+01
6.711093065632388388e+00,1.639049175520956636e+00,-8.296971720393610639e+00,2.113981337844721864e+00,-2.573465678332939710e+00,-1.282677627655676211e+01,-2.093210118567352040e+01,-1.446929712746869612e+01,-7.188023607546247717e+01,-1.797466653284424964e+01,-7.364107356345203925e+01,3.607927118563985402e+00,-3.297327586356107787e+01,-5.158440016409279849e+00,-1.532294187831588061e+01,-1.550242286781559642e+01
7.195992350395177262e+00,2.041937339912814231e+00,-7.806472837198973558e+00,2.391965952858899680e+00,-2.094037381290944744e+00,-1.249009845627928783e+01,-1.702809764169495210e+01,-1.364408823819870875e+01,-6.816584822692294665e+01,-1.691230162632698608e+01,-6.805357370773955950e+01,4.559537079774114154e+00,-3.148037153298214363e+01,-3.693494923665801899e+00,-1.410026821867757363e+01,-1.373847609449811813e+01
7.659326656503309572e+00,2.401150003199564509e+00,-7.344091867236085314e+00,2.617265220503072420e+00,-1.680407658435053797e+00,-1.214777158676983149e+01,-1.311036855303450466e+01,-1.278941191144693690e+01,-6.445805996004051508e+01,-1.595677085188144417e+01,-6.228692046215588363e+01,5.432856741429370473e+00,-3.006450775357750160e+01,-2.584094159139216806e+00,-1.313319935092997426e+01,-1.224351002542587885e+01
