5.794433575519384760e+00,3.242542849417643147e+00,-5.330507049007925247e+01,-2.786078197472510709e+01,-3.175837572626338812e+01,-2.903187826609505695e-01,-1.177219822768982382e+01,-2.687165893750003320e+01,-2.943501146263659507e+01,-1.905189258445091127e+01,-2.020467684621108972e+01,-2.880656415069843490e+01,-2.737590090029226175e+01,-1.038658778109808090e+01,-2.142935459213324734e+01,-2.245142581246068048e+01
5.530472312372094024e+00,2.914802424657246593e+00,-5.327663089892401160e+01,-2.811456643885572504e+01,-3.191337273111647477e+01,-6.616652600749608482e-01,-1.202076640861485402e+01,-2.694836051147302669e+01,-2.907106045362320046e+01,-1.980303633543629616e+01,-2.088827769224241493e+01,-2.931119190186794299e+01,-2.756140543421817313e+01,-1.050984692304827206e+01,-2.172442872455170004e+01,-2.248037803204730878e+01
5.271444818083685924e+00,2.574106025181272628e+00,-5.343812226293459844e+01,-2.847036387237598376e+01,-3.216478189713198788e+01,-1.068234997755083127e+00,-1.248474052655202371e+01,-2.709381626243421692e+01,-2.885656633658211945e+01,-2.055994090216402981e+01,-2.174454663147810152e+01,-2.992138635437265748e+01,-2.780502078404308008e+01,-1.072394293862985748e+01,-2.207816512073081583e+01,-2.255674614796982524e+01
5.019232024213456711e+00,2.227684189462993736e+00,-5.377736523604016838e+01,-2.891772321291462688e+01,-3.250877336560614594e+01,-1.506736107765057398e+00,-1.315364438581465123e+01,-2.730035858072486477e+01,-2.877537564808455528e+01,-2.130257904713106498e+01,-2.274704649862077943e+01,-3.061793881820099017e+01,-2.809576345818881293e+01,-1.101431430251070509e+01,-2.247911960808047738e+01,-2.267701814772001967e+01
4.775042067759872388e+00,1.883752900937286423e+00,-5.428061936194371384e+01,-2.944500236113966096e+01,-3.294014138126630087e+01,-1.972195690642555510e+00,-1.401432362510356455e+01,-2.755843644576656715e+01,-2.880951294116961492e+01,-2.201192779433116797e+01,-2.386672519860012898e+01,-3.137936461675001709e+01,-2.842194474712933427e+01,-1.136372290480194636e+01,-2.291533390458213404e+01,-2.283583910506218473e+01
4.540956005455278444e+00,1.552063968706744568e+00,-5.492143297822988046e+01,-3.003027564842218311e+01,-3.344633595458390829e+01,-2.457414005626700426e+00,-1.503699241003010556e+01,-2.785357260188980177e+01,-2.893283301690968656e+01,-2.266700082577163755e+01,-2.506196875237154842e+01,-3.217503194893233598e+01,-2.876766343777265078e+01,-1.175152777311657459e+01,-2.336940671975947481e+01,-2.302178276049414052e+01
4.319507350897632492e+00,1.242899133628304176e+00,-5.566774350043047548e+01,-3.064715255696711793e+01,-3.401094687118953175e+01,-2.953014832258572309e+00,-1.618378911314316326e+01,-2.816865761774120713e+01,-2.911561097356747752e+01,-2.324724179971765636e+01,-2.628635694503044462e+01,-3.297053576146366538e+01,-2.911586110449331599e+01,-1.215508211140909722e+01,-2.382190363331148575e+01,-2.322010621541945596e+01
4.114462303612912208e+00,9.669341711651866511e-01,-5.647612900757303578e+01,-3.126047692255253452e+01,-3.461111406078711639e+01,-3.447878889013535009e+00,-1.740157032069668119e+01,-2.848323080321071643e+01,-2.932193483479714047e+01,-2.373180576377555440e+01,-2.748431471496137846e+01,-3.372503961030832897e+01,-2.944716755316017043e+01,-1.255047227278555511e+01,-2.424932217732762041e+01,-2.341116615233609721e+01
3.929090575308779254e+00,7.332637626445153156e-01,-5.730856642485801444e+01,-3.184034166994408466e+01,-3.522648220968099508e+01,-3.930033347569655167e+00,-1.864221893903806659e+01,-2.877912283532425519e+01,-2.952031047641806794e+01,-2.410500043911906687e+01,-2.860794311177000537e+01,-3.440331218371687783e+01,-2.974674974981863329e+01,-1.291540629049539035e+01,-2.463233998641533873e+01,-2.357737100608671454e+01
3.768166951348259186e+00,5.503501362428422361e-01,-5.811826418462295862e+01,-3.235027614422775599e+01,-3.583104409093934350e+01,-4.385971162949187985e+00,-1.984621940488246850e+01,-2.903611435865012425e+01,-2.967475116586019013e+01,-2.435114328382320892e+01,-2.960382867818456276e+01,-3.496626406327899161e+01,-2.999854932863591017e+01,-1.322732520742545859e+01,-2.494872221681628588e+01,-2.369735626792011374e+01
3.635816939358901934e+00,4.239087762188906705e-01,-5.886809349143903347e+01,-3.276301361481581154e+01,-3.640360002718284704e+01,-4.802596701415945191e+00,-2.096513996352047116e+01,-2.923865983055684126e+01,-2.975693616320549850e+01,-2.446127889979749881e+01,-3.043164569294330590e+01,-3.538464059343224477e+01,-3.019298149967917411e+01,-1.346732068515827763e+01,-2.518274328189341915e+01,-2.375410882382761812e+01
3.536797652928707514e+00,3.576163756608976563e-01,-5.952146679785162320e+01,-3.305278907597610782e+01,-3.692237726619135429e+01,-5.166975138356543873e+00,-2.195151153059884663e+01,-2.937301199336575763e+01,-2.974030228196167513e+01,-2.442935822328736606e+01,-3.105545836862175335e+01,-3.563271764782802364e+01,-3.032275193647011946e+01,-1.361876988219275475e+01,-2.532042412024776468e+01,-2.373119586690934568e+01
3.474761349422259560e+00,3.516767258460031798e-01,-6.005650184239205913e+01,-3.320739658214727541e+01,-3.737297208923079950e+01,-5.467848530411613339e+00,-2.277616655335972240e+01,-2.943217905247071542e+01,-2.960921555790510951e+01,-2.425687336704446295e+01,-3.145757338235029366e+01,-3.569848394076007025e+01,-3.038829493334025500e+01,-1.367006703378355859e+01,-2.535659651918957991e+01,-2.361897208159124517e+01
3.454396671910540562e+00,4.045532554359991817e-01,-6.044823521821675172e+01,-3.321311682290669154e+01,-3.773818752913622632e+01,-5.694828958365467209e+00,-2.340780741784552177e+01,-2.940989549105222522e+01,-2.934750317475764092e+01,-2.394583170839763397e+01,-3.162116240096518283e+01,-3.557089953691499318e+01,-3.038954928778575848e+01,-1.361158005925227954e+01,-2.528554658295068691e+01,-2.340697630512536165e+01
3.478610544614378242e+00,5.111020772831551540e-01,-6.068770540929730828e+01,-3.307128400550492842e+01,-3.800988636886462047e+01,-5.841239902669043360e+00,-2.383544819676460946e+01,-2.930806488700127233e+01,-2.895172436422583573e+01,-2.350647134700553664e+01,-3.154900521657081214e+01,-3.525417672582905482e+01,-3.033410920576502434e+01,-1.344034175033895018e+01,-2.511121803225786309e+01,-2.309302258773999483e+01
3.550476356696961489e+00,6.645211798452304031e-01,-6.076595149305794052e+01,-3.278431213329372440e+01,-3.817946347082366998e+01,-5.902778766844191338e+00,-2.404982584809710744e+01,-2.913052541098790016e+01,-2.842033134658847260e+01,-2.295002814337276931e+01,-3.124710509522250135e+01,-3.475542606581277028e+01,-3.022917994680528864e+01,-1.315635643971552504e+01,-2.483829452035517704e+01,-2.267592152421699581e+01
3.671286477512108792e+00,8.554429178367413122e-01,-6.068584232269223833e+01,-3.236585615501500968e+01,-3.824555527065549398e+01,-5.879535485562058739e+00,-2.405702209403617786e+01,-2.888762820045561597e+01,-2.776199815776387680e+01,-2.229357721641501655e+01,-3.073599799145153710e+01,-3.409330363731842084e+01,-3.008642788622800879e+01,-1.276556460449482699e+01,-2.447844609477204969e+01,-2.216115783848915299e+01
3.842073078214559345e+00,1.073798951464365548e+00,-6.044840624793079797e+01,-3.182869476618884264e+01,-3.820608036113279127e+01,-5.774894788728982320e+00,-2.386238567246567754e+01,-2.859075503956695741e+01,-2.698644273183212405e+01,-2.155425384009305390e+01,-3.003656806262862844e+01,-3.328736958603179374e+01,-2.991514957540465858e+01,-1.227686054310586883e+01,-2.404262292746721386e+01,-2.155468838741442994e+01
4.060507586241455691e+00,1.307212264017039605e+00,-6.007269795017557357e+01,-3.120147751872767117e+01,-3.807058824456795776e+01,-5.598030145862471940e+00,-2.349343634780994705e+01,-2.825952630315453717e+01,-2.611773917181293925e+01,-2.075710288959185945e+01,-2.918870241956778244e+01,-3.237216082243571691e+01,-2.973074243496017033e+01,-1.170636873190004934e+01,-2.355147559879102204e+01,-2.087209160043708778e+01
4.323555901197273954e+00,1.543787565542406259e+00,-5.957601193783159488e+01,-3.051076983415778088e+01,-3.784777772232839510e+01,-5.360917946696906355e+00,-2.297694446518474720e+01,-2.791295610578674058e+01,-2.517990069718004520e+01,-1.992557916026254361e+01,-2.823045428748895702e+01,-3.138101131249584341e+01,-2.954450182840147932e+01,-1.107164264456622327e+01,-2.302363928775706370e+01,-2.012865942759936289e+01
4.624877607379966449e+00,1.770798513144985264e+00,-5.899041422522864764e+01,-2.979501315803760519e+01,-3.755612123704580796e+01,-5.080597586637387586e+00,-2.235758246473547928e+01,-2.757559095513231640e+01,-2.420822392991708938e+01,-1.908885246596707930e+01,-2.721365101142556853e+01,-3.035808381394235766e+01,-2.937125424431543053e+01,-1.039576168809984580e+01,-2.248470242124759721e+01,-1.934725341812320210e+01
4.956922909597258453e+00,1.976923461102867208e+00,-5.834820538198584927e+01,-2.909095738474607629e+01,-3.721431171861254228e+01,-4.776252601775773599e+00,-2.168125033121061307e+01,-2.727039641963281724e+01,-2.323806498640759699e+01,-1.827425976848699918e+01,-2.618821020629377117e+01,-2.934589140277962827e+01,-2.922178260348601242e+01,-9.702452081876103307e+00,-2.195831780145707057e+01,-1.855061674056560506e+01
5.309033848704521219e+00,2.151207985212558516e+00,-5.769466888779840019e+01,-2.844437749333626897e+01,-3.684939865742460086e+01,-4.470373836230507436e+00,-2.100915404736395686e+01,-2.702328445408280544e+01,-2.231325748138098675e+01,-1.751272430308411288e+01,-2.521399890606280536e+01,-2.839430660703062870e+01,-2.910903205263061722e+01,-9.018738923371337535e+00,-2.147312834675442517e+01,-1.776726710950581634e+01
5.670599713457542101e+00,2.285760135854168595e+00,-5.706641161684827068e+01,-2.789054857991666125e+01,-3.648301582348225480e+01,-4.184755105226392935e+00,-2.039249145674600427e+01,-2.685349691224167401e+01,-2.147017600997449094e+01,-1.682853801463436483e+01,-2.433854589817893554e+01,-2.754314158953675928e+01,-2.903783428707642145e+01,-8.368558206689804990e+00,-2.105027929975222634e+01,-1.702058580399341636e+01
6.028990657768863670e+00,2.374301347338175994e+00,-5.650423672880209836e+01,-2.746576613816228374e+01,-3.614044988355878729e+01,-3.942304116952110249e+00,-1.988608585509314608e+01,-2.677938057085961887e+01,-2.074717268913592250e+01,-1.624624876475514057e+01,-2.360988423996355579e+01,-2.683237500942732368e+01,-2.901252285557503541e+01,-7.776726884160943598e+00,-2.071138706663573714e+01,-1.633561766255761327e+01
6.372101976280392321e+00,2.413963844587282193e+00,-5.603776632449077511e+01,-2.719337640835390246e+01,-3.584035846424004035e+01,-3.763090268585977505e+00,-1.953042737568185316e+01,-2.681106670004798076e+01,-2.017265337531632952e+01,-1.578260057767092306e+01,-2.306071360517889701e+01,-2.628931462697545740e+01,-2.902964499918741836e+01,-7.263358818089741042e+00,-2.046936427789180257e+01,-1.573073986098730792e+01
6.687249711106465710e+00,2.404146091551708775e+00,-5.569280293028149487e+01,-2.709078135192756420e+01,-3.560038504313690311e+01,-3.665274288952630855e+00,-1.935889674327379595e+01,-2.695433571573266107e+01,-1.977068995557054620e+01,-1.545096636180554306e+01,-2.271609890174973145e+01,-2.593486442799336089e+01,-2.908333852392956231e+01,-6.846354156355081599e+00,-2.033349600168445193e+01,-1.522186473680336150e+01
6.963574399771691681e+00,2.347883643976719004e+00,-5.547743330213950230e+01,-2.715717682026156155e+01,-3.542803173130722882e+01,-3.661887836901500659e+00,-1.938168585079254314e+01,-2.720464318633437983e+01,-1.955058565368403478e+01,-1.525467608813055698e+01,-2.257985407084425944e+01,-2.577257623093847272e+01,-2.915931430634964627e+01,-6.536791099247229120e+00,-2.030155037912804161e+01,-1.481515186133159823e+01
7.189768246106538641e+00,2.249499892693777703e+00,-5.539817629408769051e+01,-2.738842049459904615e+01,-3.533142790282460055e+01,-3.762872344181571904e+00,-1.960370886151006786e+01,-2.755469698666421152e+01,-1.951852342124942297e+01,-1.519516746993381950e+01,-2.265117841030783907e+01,-2.580174945456998969e+01,-2.924432830649698900e+01,-6.343476819798965494e+00,-2.036975092318193248e+01,-1.451531305370433778e+01
7.356646903730011289e+00,2.115890964119065742e+00,-5.544750605985817060e+01,-2.776577495120164230e+01,-3.531007180120251121e+01,-3.971331183692437872e+00,-2.001102694468814747e+01,-2.798851162528769976e+01,-1.966730187520674988e+01,-1.526464086546031496e+01,-2.291212365025909037e+01,-2.600697699314436306e+01,-2.932000809554273957e+01,-6.267666325649598136e+00,-2.052509655830076341e+01,-1.431832469922186490e+01
7.455668453666709716e+00,1.954587388271280091e+00,-5.561448469917496595e+01,-2.826652215865473394e+01,-3.536250450832494607e+01,-4.285977945550206059e+00,-2.058269893070438528e+01,-2.848762021460297689e+01,-1.998484816463161806e+01,-1.545265219855326322e+01,-2.333932437595416332e+01,-2.636792931402670703e+01,-2.937004211985891544e+01,-6.307138148718825832e+00,-2.075281350126589786e+01,-1.421762441751838502e+01
7.480469406328399629e+00,1.774226785507324600e+00,-5.587968418571624341e+01,-2.885935359230528974e+01,-3.548153117077036001e+01,-4.698874574925540060e+00,-2.128644614470626806e+01,-2.902831821682424618e+01,-2.044932559621370416e+01,-1.574213099637175617e+01,-2.389912798731639043e+01,-2.685481310153436851e+01,-2.937715160871551490e+01,-6.453008613449568109e+00,-2.103280911110026352e+01,-1.420043084903785768e+01
7.425556265813601620e+00,1.582752319383312845e+00,-5.622555105353428928e+01,-2.951464370485158994e+01,-3.566124924571325039e+01,-5.197822384035985621e+00,-2.209052095066687826e+01,-2.958758791636858021e+01,-2.103727939644022626e+01,-1.611530647273700367e+01,-2.455881829778765990e+01,-2.743774363960636009e+01,-2.932948625051913183e+01,-6.693572416252717261e+00,-2.134677087377772153e+01,-1.425369232908789741e+01
7.288344435462413173e+00,1.388376013680670873e+00,-5.662689960358932240e+01,-3.019625831592672682e+01,-3.588978056828273822e+01,-5.764362784629081915e+00,-2.295424260555239471e+01,-3.013895890623158635e+01,-2.171631937503507004e+01,-1.654826978245477420e+01,-2.527755216832400365e+01,-2.807931584059505781e+01,-2.921524138229338519e+01,-7.010584057063336871e+00,-2.167239571252137864e+01,-1.435864484799279950e+01
7.068036385587213033e+00,1.198170758151025916e+00,-5.705713868205277350e+01,-3.086866687890736571e+01,-3.615466335741211878e+01,-6.377071478229664692e+00,-2.383476774045028534e+01,-3.065775237193119551e+01,-2.245167713425185951e+01,-1.701653950106086199e+01,-2.601399291162664440e+01,-2.874180863575320899e+01,-2.902744198310747237e+01,-7.383697245171196855e+00,-2.198881731542213203e+01,-1.449570417329418248e+01
6.766376899132369616e+00,1.018300486608881616e+00,-5.748758464781971611e+01,-3.149627122989729600e+01,-3.644093466196782316e+01,-7.010841025705287777e+00,-2.468777141430932076e+01,-3.112018127737886886e+01,-2.320508368240098918e+01,-1.749324090291385403e+01,-2.672583090216190271e+01,-2.938621675903233310e+01,-2.876201258148793727e+01,-7.788974938851488616e+00,-2.227540355659893123e+01,-1.464318028649036840e+01
6.387048314076819722e+00,8.533159358258365357e-01,-5.788978814155702679e+01,-3.204675754904300078e+01,-3.673387501099798413e+01,-7.639704623619289592e+00,-2.546963421500900893e+01,-3.150652981344601500e+01,-2.393857161860745819e+01,-1.795261121481980737e+01,-2.737319561261873346e+01,-2.997610611168946093e+01,-2.841989364876722135e+01,-8.202113823880770482e+00,-2.251463248741094958e+01,-1.478015560875663148e+01
5.936493905274430105e+00,7.067767321465241448e-01,-5.823248778049826768e+01,-3.248826561234103139e+01,-3.701605680004682597e+01,-8.236669155616056059e+00,-2.613508714168533942e+01,-3.179943950596479141e+01,-2.461231699919787985e+01,-1.836795067843610596e+01,-2.791587716451116563e+01,-3.047513847588414038e+01,-2.800384949746538865e+01,-8.597243604969671438e+00,-2.268961573829763623e+01,-1.488444318771119868e+01
5.422338151347648072e+00,5.801744793357562768e-01,-5.848983912453483214e+01,-3.279745774661854085e+01,-3.727368363233210857e+01,-8.777386792442516850e+00,-2.664631695087972929e+01,-3.198893647911648230e+01,-2.519243362325739000e+01,-1.871764164007463194e+01,-2.832226081224852976e+01,-3.085509658897959540e+01,-2.752282311483364197e+01,-8.951684852239843337e+00,-2.278986625158354329e+01,-1.493818404371093500e+01
4.853485803069085947e+00,4.733153541212364313e-01,-5.864368646950980235e+01,-3.296046498008689696e+01,-3.749606815225226342e+01,-9.239751351572119020e+00,-2.697704782651241118e+01,-3.207147842477328936e+01,-2.565151481460980420e+01,-1.898403560758892894e+01,-2.857093496902885477e+01,-3.109624806408233155e+01,-2.699007017424497690e+01,-9.244886422640696821e+00,-2.281075645227561921e+01,-1.492758308790448751e+01
4.239918603351265247e+00,3.845394546619013698e-01,-5.868156272375296112e+01,-3.297172434401215924e+01,-3.767575796576863922e+01,-9.606386442605934661e+00,-2.710961245701346201e+01,-3.205059954484163143e+01,-2.596934415586144240e+01,-1.915524230473025113e+01,-2.864921682496315469e+01,-3.118741131674815037e+01,-2.642254404106449073e+01,-9.460848830543826082e+00,-2.275342063644233548e+01,-1.484365594339723593e+01
3.592122937582267195e+00,3.108428918105707872e-01,-5.860263238287127763e+01,-3.283783987377522351e+01,-3.781051237751098881e+01,-9.864715670584391916e+00,-2.704310792578295874e+01,-3.193698236228967602e+01,-2.613595290001721594e+01,-1.922584032557969635e+01,-2.855829164697042799e+01,-3.112900069595047370e+01,-2.584081943774982904e+01,-9.588232354755316322e+00,-2.262615715602203537e+01,-1.468373008252982004e+01
2.920693320045619767e+00,2.481358187529010273e-01,-5.841654058194502852e+01,-3.257658198278366513e+01,-3.790354595834740081e+01,-1.000863562804264717e+01,-2.679140397706768084e+01,-3.174851545606576053e+01,-2.615215424582940784e+01,-1.919804466564218615e+01,-2.831202827432141333e+01,-3.093286046841528147e+01,-2.526848916105254261e+01,-9.622125402018978590e+00,-2.244424424755130687e+01,-1.445210985625083211e+01
2.236360110142215696e+00,1.918228074547955742e-01,-5.814388847158578244e+01,-3.221590527921429725e+01,-3.796242936228345144e+01,-1.003752227152065046e+01,-2.638438545555515802e+01,-3.150802329995236306e+01,-2.602874635784213808e+01,-1.908006667613830132e+01,-2.793655251898342939e+01,-3.062101808062656616e+01,-2.472990115147985790e+01,-9.562693299338675956e+00,-2.222834276972987055e+01,-1.415900668274474938e+01
1.550575507101508599e+00,1.378608379863003330e-01,-5.780610439227315567e+01,-3.178532951792148964e+01,-3.799459376217681950e+01,-9.956778374015325284e+00,-2.585482614116622813e+01,-3.124008117810367224e+01,-2.578120723277202941e+01,-1.888414032178741309e+01,-2.746050479327691818e+01,-3.021906363100303494e+01,-2.424623540120222032e+01,-9.415305279175299802e+00,-2.199977872671323809e+01,-1.381732099363099664e+01
8.742560453664136588e-01,8.232128296248009125e-02,-5.743376010921623021e+01,-3.132186164974850584e+01,-3.801150112948150195e+01,-9.777376043715424458e+00,-2.524818356825935695e+01,-3.097198142837762802e+01,-2.543434902778573559e+01,-1.862830866799808405e+01,-2.692245777666328621e+01,-2.976074673211844868e+01,-2.383764354502329041e+01,-9.191015051402363412e+00,-2.178347129217237210e+01,-1.344534232669671070e+01
2.186884574583487506e-01,2.249851393994850568e-02,-5.705443778021785306e+01,-3.085944236275814490e+01,-3.802264830540822516e+01,-9.514987028336687302e+00,-2.460699862762445278e+01,-3.072919721709255114e+01,-2.501481908956790789e+01,-1.833258010680896177e+01,-2.635885386469204406e+01,-2.927920102253918344e+01,-2.351852509301080119e+01,-8.904999981975588952e+00,-2.160173087169560446e+01,-1.306196164087227274e+01
-4.051653769373309011e-01,-4.322846082375542132e-02,-5.669600842157167619e+01,-3.043076297019136689e+01,-3.803714635490153739e+01,-9.188761507766859182e+00,-2.397445739410517973e+01,-3.053479484813556155e+01,-2.455229689584043840e+01,-1.801886482847836390e+01,-2.580671874175402536e+01,-2.880798150556579174e+01,-2.329823674375197839e+01,-8.575898732793536539e+00,-2.147489125807358690e+01,-1.268717857014576467e+01
-9.863891041681678296e-01,-1.149773007608244635e-01,-5.637919521205403584e+01,-3.006093422318500430e+01,-3.806065263167984369e+01,-8.820661504421259735e+00,-2.338447553044596816e+01,-3.040696346796579519e+01,-2.407498415485932952e+01,-1.770900331484227053e+01,-2.529636795289714968e+01,-2.837581133899367813e+01,-2.317912761705957081e+01,-8.225036538718565993e+00,-2.141782298099818860e+01,-1.233930950801048887e+01
-1.515947784544271038e+00,-1.926136324363389996e-01,-5.612980382701442750e+01,-2.977702925786357113e+01,-3.810189825030988686e+01,-8.434333421413816367e+00,-2.287605452562358721e+01,-3.036172270562908437e+01,-2.361604211877696002e+01,-1.742746164406374021e+01,-2.486257706987949234e+01,-2.801376194053894508e+01,-2.316149822736880992e+01,-7.876700674085841847e+00,-2.144524735309367003e+01,-1.203907422758800294e+01
-1.984926045214767676e+00,-2.743929870445308561e-01,-5.596232177252525730e+01,-2.959406734446929832e+01,-3.816379552580708889e+01,-8.052795906129791348e+00,-2.247345042383978608e+01,-3.040697401376744580e+01,-2.320234589551652959e+01,-1.719485625903757153e+01,-2.452832049303050255e+01,-2.774306163481557519e+01,-2.323764736932096397e+01,-7.554432598694233114e+00,-2.156337099295007320e+01,-1.180224438327011072e+01
-2.386645788513768185e+00,-3.586276841881619326e-01,-5.589431621799041494e+01,-2.952700203343331964e+01,-3.825165289243233246e+01,-7.698143923106646191e+00,-2.220327504451180189e+01,-3.054699129146966641e+01,-2.286270068979587222e+01,-1.703217448022736846e+01,-2.431849826586904584e+01,-2.758463341202978114e+01,-2.339859083699354869e+01,-7.282318959827605021e+00,-2.177703696538222289e+01,-1.164501567975921503e+01
-2.715465563439756647e+00,-4.429392719986926519e-01,-5.593551208613260428e+01,-2.958155965112243280e+01,-3.836715734526016774e+01,-7.389537637143710924e+00,-2.208157004357852671e+01,-3.077872106935942043e+01,-2.261986866834098819e+01,-1.695595597145511846e+01,-2.424896393167303188e+01,-2.755082212381292806e+01,-2.363058821065325077e+01,-7.081939325529303275e+00,-2.208442460781539651e+01,-1.157891538756923389e+01
-2.968198073397804393e+00,-5.255245813114769460e-01,-5.609838435044065363e+01,-2.976336076940242847e+01,-3.851422730699201935e+01,-7.142578774962480281e+00,-2.212654223691683342e+01,-3.109532532891980594e+01,-2.249629096279601725e+01,-1.698088788857798193e+01,-2.433655722164987267e+01,-2.765240079445528210e+01,-2.392032144911091152e+01,-6.972736899121944276e+00,-2.248251529452933895e+01,-1.161453933472831679e+01
-3.141808659794901093e+00,-6.036566548583816028e-01,-5.637915621471690031e+01,-3.006234508528646643e+01,-3.868847035048456462e+01,-6.967182536629529466e+00,-2.233619178079734979e+01,-3.148041480590850583e+01,-2.250129727958055170e+01,-1.711237464608520398e+01,-2.458065743737525111e+01,-2.788509830143261325e+01,-2.424808998917242775e+01,-6.967848485200117459e+00,-2.295803396417305464e+01,-1.175318070167160656e+01
-3.236005613458679431e+00,-6.758780760498610540e-01,-5.677636859455616047e+01,-3.046934324425486906e+01,-3.888844558636261439e+01,-6.868931140613504738e+00,-2.271002359889271816e+01,-3.191584814444217244e+01,-2.264312261947724636e+01,-1.735359473615426396e+01,-2.498155270843705367e+01,-2.824348942975953136e+01,-2.459719983089570761e+01,-7.077423392116177325e+00,-2.349799529949319066e+01,-1.199500119262427589e+01
-3.250868991479421766e+00,-7.403925395769914708e-01,-5.727391557057001137e+01,-3.096209867440187224e+01,-3.910568763199118791e+01,-6.847005564579517589e+00,-2.322930495288531816e+01,-3.237647009398359188e+01,-2.291720979873484154e+01,-1.769827689435128093e+01,-2.552377147109626421e+01,-2.870878161128279515e+01,-2.494729436814758827e+01,-7.304375312089314676e+00,-2.408146286785571277e+01,-1.233129048007999273e+01
-3.188466489315136432e+00,-7.965299172694637608e-01,-5.785328464126466486e+01,-3.151667165445641317e+01,-3.933225428259521550e+01,-6.895687839340734371e+00,-2.387123042214709301e+01,-3.283606594745789664e+01,-2.331454720526125612e+01,-1.813585339197151569e+01,-2.618843469902310517e+01,-2.925858208216783041e+01,-2.528073891347266056e+01,-7.646973395795336970e+00,-2.468692173824457825e+01,-1.275021665887423339e+01
-3.051084962125315769e+00,-8.434894634565116567e-01,-5.848147143294427508e+01,-3.209769400242989690e+01,-3.955365170587376156e+01,-7.003739136934417964e+00,-2.459496239214987767e+01,-3.326430063289157602e+01,-2.381379121606104121e+01,-1.864701647906075976e+01,-2.694163287778484772e+01,-2.985877328259281072e+01,-2.557786326849802094e+01,-8.096486038527892504e+00,-2.528673440102121006e+01,-1.323166513531790756e+01
-2.843957528220312003e+00,-8.824761496358497492e-01,-5.913275013103728384e+01,-3.267764006347840677e+01,-3.976164845092893785e+01,-7.157267554665566855e+00,-2.536721622862112469e+01,-3.363599585955677185e+01,-2.439597550392514336e+01,-1.921275121027223776e+01,-2.775590705541008418e+01,-3.048023026251190615e+01,-2.582697075844108170e+01,-8.642039170874305398e+00,-2.585938888428235316e+01,-1.375742198393949778e+01
-2.572321260921310859e+00,-9.144720718634797851e-01,-5.977089265898641202e+01,-3.322154257313057002e+01,-3.994273456305191417e+01,-7.338137562410162573e+00,-2.614204093417869501e+01,-3.392492280622700207e+01,-2.503218494454857534e+01,-1.980672773447806634e+01,-2.859249693554400196e+01,-3.108579780784072710e+01,-2.601563446457693018e+01,-9.266266798521822778e+00,-2.637996162430779634e+01,-1.430288059568045611e+01
-2.243854322799303525e+00,-9.420344913122699060e-01,-6.036888124978455039e+01,-3.370450851659680325e+01,-4.008999264167459842e+01,-7.527694679928445431e+00,-2.688390130471745110e+01,-3.411251820910563737e+01,-2.569759985924573087e+01,-2.040468108877091069e+01,-2.942108494529295371e+01,-3.164604156404334034e+01,-2.613967202407943091e+01,-9.950910320449464663e+00,-2.683139938350975484e+01,-1.484689441991973169e+01
-1.866471819861762027e+00,-9.675120723609470508e-01,-6.089726662018290426e+01,-3.410136919656723364e+01,-4.019483922674225340e+01,-7.705917553660506236e+00,-2.755482986108739851e+01,-3.418334522693893263e+01,-2.636332013869449398e+01,-2.097932070770986357e+01,-3.020803513310436728e+01,-3.213060277509954688e+01,-2.619660598546401786e+01,-1.067404764303086395e+01,-2.719787241317257198e+01,-1.536632985522600947e+01
-1.450116199729193811e+00,-9.943248824781490969e-01,-6.134017866331384283e+01,-3.440060188408878616e+01,-4.025643069050083511e+01,-7.854565982760510323e+00,-2.813293879355338589e+01,-3.413167955705863221e+01,-2.700786377561032126e+01,-2.150795817731961534e+01,-3.093227080662413542e+01,-3.252081344725666412e+01,-2.619231246301247751e+01,-1.141472217448178128e+01,-2.747358092373297112e+01,-1.584418422739900478e+01
-1.003594782299566335e+00,-1.024396556366007349e+00,-6.167619442348771486e+01,-3.458733935747702049e+01,-4.026906791687387255e+01,-7.955597831387774654e+00,-2.859052321261530594e+01,-3.395375047903485211e+01,-2.760422266718322959e+01,-2.196473502927844734e+01,-3.156628403176708630e+01,-3.279545122079646546e+01,-2.613088596126869945e+01,-1.214888623470553064e+01,-2.765183541061907491e+01,-1.626087043301407675e+01
-5.368412427040597512e-01,-1.059782839302584545e+00,-6.189513793628528049e+01,-3.465822214953375635e+01,-4.023305790564231899e+01,-7.995137369556134743e+00,-2.891280987750923970e+01,-3.365500135130950810e+01,-2.813297667392242118e+01,-2.233002938000756643e+01,-3.209336000005504275e+01,-3.294458403153779358e+01,-2.602239750127051821e+01,-1.285557291780193978e+01,-2.773468721063106557e+01,-1.660347128682021278e+01
-5.837752927235939637e-02,-1.100650686092520703e+00,-6.198410280643606995e+01,-3.460843099645862253e+01,-4.014500970544440861e+01,-7.961613165338967235e+00,-2.908196514505748098e+01,-3.324332907419400840e+01,-2.857250017838871159e+01,-2.258407740107429618e+01,-3.249351758382509558e+01,-3.295844814650696719e+01,-2.587467153081080795e+01,-1.351328726114933687e+01,-2.772414896569098630e+01,-1.685898667815948926e+01
4.232612394337469386e-01,-1.146378099466019762e+00,-6.193779469412728389e+01,-3.444074261385008384e+01,-4.000485810587261426e+01,-7.848427811693002631e+00,-2.908811633384936357e+01,-3.273323114874459350e+01,-2.890748927432696647e+01,-2.271335473744992228e+01,-3.275426044379236856e+01,-3.283600556234362955e+01,-2.569805746260698598e+01,-1.410428413238963685e+01,-2.762797198014132860e+01,-1.702036481827296655e+01
9.017829412944401435e-01,-1.193873713867828812e+00,-6.174527337952710582e+01,-3.415323225538419649e+01,-3.980710544571853404e+01,-7.652152664993355557e+00,-2.891419560955189993e+01,-3.213923279633059593e+01,-2.911995902181985585e+01,-2.270496625074582653e+01,-3.285756447167996441e+01,-3.257435532285117574e+01,-2.549799926647651205e+01,-1.461147149339933193e+01,-2.745125447488774029e+01,-1.708013201584336826e+01
1.370474652328534937e+00,-1.239740302385546444e+00,-6.140821017265747628e+01,-3.375501007963053723e+01,-3.955271760953279170e+01,-7.375519467290228448e+00,-2.855646707242736682e+01,-3.148270646170284692e+01,-2.920282293588527978e+01,-2.255583371612906518e+01,-3.279830407952544391e+01,-3.218277235266196357e+01,-2.528368688956609844e+01,-1.502408891612217445e+01,-2.720629693622981904e+01,-1.703973853696066243e+01
1.824669321965398883e+00,-1.278565459050247988e+00,-6.092698470631129481e+01,-3.325288209531306904e+01,-3.923928653071682504e+01,-7.024035156937581625e+00,-2.800931430683487378e+01,-3.078386369677808432e+01,-2.914925464708487013e+01,-2.226506828427136497e+01,-3.257002580396336100e+01,-3.167043640388470394e+01,-2.505979399745206848e+01,-1.533271964224314843e+01,-2.690309813740132938e+01,-1.690179654747959859e+01
2.259849912725925059e+00,-1.304670558733113994e+00,-6.031244519875467347e+01,-3.266182477697181241e+01,-3.886960531752984593e+01,-6.608252219225446922e+00,-2.727844887243820438e+01,-3.006646188934006503e+01,-2.896208041826630719e+01,-2.184077903665571441e+01,-3.217726046832918030e+01,-3.105587819150719753e+01,-2.483294598729420244e+01,-1.553377473975152512e+01,-2.655612094722298622e+01,-1.667648552700633502e+01
2.673148674226895949e+00,-1.311306085087510009e+00,-5.957811796399027315e+01,-3.199711219034632492e+01,-3.844567534332501424e+01,-6.140768007723164779e+00,-2.637322912431256583e+01,-2.935223784074294073e+01,-2.864706556177221941e+01,-2.129461283852677411e+01,-3.162737503175351605e+01,-3.035914696218848263e+01,-2.460670185815181910e+01,-1.562570464857598651e+01,-2.617825778975004170e+01,-1.637630028777574864e+01
3.061607435097284835e+00,-1.292368857120114400e+00,-5.875043911102817162e+01,-3.128349796830200091e+01,-3.797624454768409663e+01,-5.637546315117113238e+00,-2.531839747842800392e+01,-2.866487646758245944e+01,-2.822068869758944487e+01,-2.064686692132630341e+01,-3.094110719047223057e+01,-2.960963662617432135e+01,-2.438744602614545443e+01,-1.561224772848162168e+01,-2.578683122860094556e+01,-1.602125669027828891e+01
3.424358693041619439e+00,-1.241133298050060230e+00,-5.785507596238014116e+01,-3.054259099551296686e+01,-3.746762299863403456e+01,-5.114063695015929056e+00,-2.413951497982928984e+01,-2.802270228217303583e+01,-2.769953607998649403e+01,-1.991844460404638539e+01,-3.013875467021913934e+01,-2.883410035805844274e+01,-2.417722837449111495e+01,-1.549720653269728743e+01,-2.539479452789152703e+01,-1.563079147887567366e+01
3.761038720504296773e+00,-1.151873431950807936e+00,-5.692293606326720123e+01,-2.979918553499760492e+01,-3.692967250178968186e+01,-4.586988321895399956e+00,-2.286940136132265877e+01,-2.744248670479296592e+01,-2.710600014481914144e+01,-1.913523994451146493e+01,-2.924706467705733104e+01,-2.806227192511521906e+01,-2.397893085360534116e+01,-1.528790316567358687e+01,-2.501558028395524502e+01,-1.522764257929538445e+01
4.072794343264481753e+00,-1.019464124938076921e+00,-5.598462818110867545e+01,-2.907589108769959552e+01,-3.637163997676675820e+01,-4.071035419171892045e+00,-2.154300024855908902e+01,-2.693563138577824745e+01,-2.646305685727297430e+01,-1.832297015807164797e+01,-2.829343088471048873e+01,-2.732100709371666980e+01,-2.379302480265748088e+01,-1.499145934801099678e+01,-2.465896771095039952e+01,-1.483330366274443790e+01
4.361405389684613887e+00,-8.403726528891839465e-01,-5.507164164930426153e+01,-2.839528862458237413e+01,-3.580494784891548932e+01,-3.579819936172840222e+00,-2.019803812392201081e+01,-2.651039050645705686e+01,-2.579631702943301974e+01,-1.750890481949210908e+01,-2.730776587035856551e+01,-2.663621980198138317e+01,-2.362041564560637497e+01,-1.461666493952732893e+01,-2.433339778177428414e+01,-1.446937487532704836e+01
4.630308327798593027e+00,-6.121040454859101310e-01,-5.420903743115792395e+01,-2.777345914038576780e+01,-3.523827646223544008e+01,-3.123326819696497836e+00,-1.886754811847490032e+01,-2.616838812868698128e+01,-2.512796747751291804e+01,-1.671672550390028533e+01,-2.631520389237454438e+01,-2.602640957779506792e+01,-2.345887259965753202e+01,-1.417064109431999341e+01,-2.404159533333702825e+01,-1.415261978666585030e+01
4.882794593042328657e+00,-3.347038233592406486e-01,-5.342294166387052456e+01,-2.722762788715212423e+01,-3.468400900321351088e+01,-2.709884774299842647e+00,-1.758794425215606338e+01,-2.590975045940108856e+01,-2.448304944056349086e+01,-1.597093590734957758e+01,-2.534411483633584794e+01,-2.550961443935200634e+01,-2.330875546749651051e+01,-1.366231980452852746e+01,-2.378656058622985370e+01,-1.389932845479772716e+01
5.122534105281424388e+00,-1.034104522152551331e-02,-5.273822130466367497e+01,-2.677356040889954514e+01,-3.415530649983528377e+01,-2.343779376714541396e+00,-1.639749085159594699e+01,-2.573117573419489901e+01,-2.388588472527157336e+01,-1.529269524332452690e+01,-2.442304748771500300e+01,-2.510015733574335428e+01,-2.317082407849728298e+01,-1.309930700862548036e+01,-2.356939104000417373e+01,-1.372217107226469146e+01
5.353088927454138002e+00,3.564443051741675861e-01,-5.217659657407638463e+01,-2.642513841851239320e+01,-3.366661773994395901e+01,-2.026815847400194492e+00,-1.533318499187253892e+01,-2.562785360844384996e+01,-2.335996986984831381e+01,-1.470073983301581855e+01,-2.357937210688991669e+01,-2.480901334111248246e+01,-2.304754430507449214e+01,-1.248964895216214543e+01,-2.339041428444880211e+01,-1.363055192502932478e+01
5.577753298825557593e+00,7.588804580432618740e-01,-5.175918127479724262e+01,-2.619597748542742721e+01,-3.323359957486877647e+01,-1.757277295088207625e+00,-1.443464905829869238e+01,-2.559380338076704220e+01,-2.292793779760294726e+01,-1.420994756279984017e+01,-2.284113636861164309e+01,-2.464471716855187466e+01,-2.294302845557554704e+01,-1.184051655885674670e+01,-2.324987646440814615e+01,-1.363019270895552459e+01
5.799043919638279476e+00,1.187951462364687627e+00,-5.150601611760287568e+01,-2.609991188929696904e+01,-3.287373980048929667e+01,-1.531567623889214858e+00,-1.374249985713734645e+01,-2.562396918978489779e+01,-2.261200507807735960e+01,-1.383244684077277498e+01,-2.223672520041695577e+01,-2.461458980107104821e+01,-2.286422193426168548e+01,-1.115986013423446543e+01,-2.314943459971775752e+01,-1.372411214669300605e+01
6.019134056385274434e+00,1.633208130891155685e+00,-5.143399845743169863e+01,-2.614854923116728358e+01,-3.260334707132589926e+01,-1.343063145356561794e+00,-1.329605828589149930e+01,-2.571280347872819050e+01,-2.243091927878970182e+01,-1.357471637817504728e+01,-2.179203843313192834e+01,-2.472241526400896561e+01,-2.281853411631962558e+01,-1.045433850205958137e+01,-2.309034742590936418e+01,-1.391058163471938869e+01
6.240208245426892120e+00,2.083618060189778021e+00,-5.154876985015796009e+01,-2.634529785135137914e+01,-3.243391078718558163e+01,-1.183750571752032688e+00,-1.312202606973386310e+01,-2.585386409821504117e+01,-2.239594039096599687e+01,-1.343685918715881300e+01,-2.152294850910594093e+01,-2.496466357574361794e+01,-2.281175439931174864e+01,-9.730293075991344409e+00,-2.307112293614475362e+01,-1.418143661009017542e+01
6.463607538616294335e+00,2.527514428352915843e+00,-5.185196129811724575e+01,-2.669101765732301601e+01,-3.237490099324121218e+01,-1.044585760162317412e+00,-1.324245147244786303e+01,-2.604199281691371226e+01,-2.251458278784397748e+01,-1.341430551672568328e+01,-2.144184643486222086e+01,-2.533544411472390578e+01,-2.284994853962046690e+01,-8.994204259886471320e+00,-2.309069923708852912e+01,-1.452490267070456298e+01
6.690610418750738475e+00,2.953786935480086306e+00,-5.233185335026570328e+01,-2.717647457213644202e+01,-3.242883285489750023e+01,-9.163858528006157966e-01,-1.366168316004960204e+01,-2.627143827801020848e+01,-2.278528908485816018e+01,-1.349606424799523730e+01,-2.154846081027707072e+01,-2.582108265789230117e+01,-2.293603623626653842e+01,-8.252454676685935908e+00,-2.314459867175038710e+01,-1.492314179951919328e+01
6.922151163691067310e+00,3.352291446159074262e+00,-5.296651763252162226e+01,-2.778445130881092950e+01,-3.259178709140496721e+01,-7.899896363218370521e-01,-1.436918829485952998e+01,-2.653627298883090191e+01,-2.319871702667131075e+01,-1.366548136008191250e+01,-2.183248414545760596e+01,-2.640217818312856224e+01,-2.306984870917391817e+01,-7.511190571703967755e+00,-2.322576893684175658e+01,-1.535359792685436808e+01
7.158864472708470927e+00,3.714445788227961120e+00,-5.372036674659433686e+01,-2.848717980935375493e+01,-3.285204521773930253e+01,-6.578053077345151767e-01,-1.533365507259252958e+01,-2.683031805631412681e+01,-2.373653438169558783e+01,-1.390127105725525603e+01,-2.227031955780823935e+01,-2.705244469778651961e+01,-2.324732267189857282e+01,-6.777390335400941268e+00,-2.332354835299653573e+01,-1.578940061481623225e+01
7.399751904314454620e+00,4.032677331827845713e+00,-5.455687287517816486e+01,-2.925623882789007268e+01,-3.319590539312336830e+01,-5.142356406699785110e-01,-1.651758593199870973e+01,-2.715008904497031494e+01,-2.437858465187416357e+01,-1.418148777396332960e+01,-2.283665288911245383e+01,-2.774696530283791773e+01,-2.346430430914486465e+01,-6.059716310411179307e+00,-2.342889981650285591e+01,-1.620469470838680337e+01
7.643750615056184472e+00,4.301966980763683779e+00,-5.542646100457506009e+01,-3.005222550913539692e+01,-3.360076022110466454e+01,-3.555017811885794465e-01,-1.786196779526402167e+01,-2.749050576864152617e+01,-2.509537347665684237e+01,-1.448036842442711958e+01,-2.349238632828387097e+01,-2.845389587606726067e+01,-2.371134988747077088e+01,-5.366673628603050972e+00,-2.352805594031449488e+01,-1.657055165038823930e+01
7.888049546696853653e+00,4.518796552369877872e+00,-5.628235267286662236e+01,-3.083760272485147880e+01,-3.404332685403623771e+01,-1.805984474175550414e-01,-1.930507831749738301e+01,-2.784894054544482245e+01,-2.585780401137367690e+01,-1.477418083374891999e+01,-2.419963152771016013e+01,-2.914519585153835379e+01,-2.397938504702423756e+01,-4.708518973114458106e+00,-2.360950917173238039e+01,-1.686190788805740581e+01
8.129252992360708419e+00,4.682102284373344858e+00,-5.707355971718593679e+01,-3.157058812651469282e+01,-3.449564485094397526e+01,9.151736394034215571e-03,-2.077409053708229791e+01,-2.822207070219309344e+01,-2.663266606040480156e+01,-1.503931037817265803e+01,-2.491447323394355351e+01,-2.979139562326961865e+01,-2.425648025402898611e+01,-4.095651266178113481e+00,-2.365998042020508763e+01,-1.705522769341427392e+01
8.362381435385316308e+00,4.792406566118451394e+00,-5.775704803668786269e+01,-3.221500874467182740e+01,-3.493139831082530122e+01,2.100894353765469513e-01,-2.220012335669423464e+01,-2.860836050652034857e+01,-2.738999127544731493e+01,-1.525624941946670354e+01,-2.559837871817965649e+01,-3.036931335247128771e+01,-2.453206812597582598e+01,-3.539286877482546778e+00,-2.366943666535181379e+01,-1.713350268670913223e+01
8.583105212846025012e+00,4.853298037321590819e+00,-5.828250291811934858e+01,-3.272743058048543219e+01,-3.531758358796651009e+01,4.176090601352380194e-01,-2.350072731696166883e+01,-2.900205062944333889e+01,-2.809348714464093888e+01,-1.540456371569113614e+01,-2.620328720987031801e+01,-3.085087298785214216e+01,-2.479042801714764366e+01,-3.048239594983303657e+00,-2.362290406915359142e+01,-1.708002321187987604e+01
8.785638236650942900e+00,4.869447061421858791e+00,-5.861179667980700003e+01,-3.307384848109306574e+01,-3.562634153193423003e+01,6.249372443375523778e-01,-2.460372242390366893e+01,-2.939925622094857971e+01,-2.871366879966934249e+01,-1.547055279067027733e+01,-2.669073791454798794e+01,-3.121676285175440313e+01,-2.501908603651279250e+01,-2.632028696030401793e+00,-2.351016586400204744e+01,-1.688697620546388833e+01
8.965082287500996117e+00,4.847895417959477982e+00,-5.870508185919475608e+01,-3.321788619305985435e+01,-3.582717712632192075e+01,8.253643429734756065e-01,-2.543193101378364318e+01,-2.979203741821509865e+01,-2.921876807902178186e+01,-1.544154328793067066e+01,-2.701815014681294969e+01,-3.144562126102495014e+01,-2.520268571459593687e+01,-2.297029202501632561e+00,-2.331801765001366178e+01,-1.654895950632354129e+01
9.116177369974076683e+00,4.796528760456917340e+00,-5.853367274235310447e+01,-3.313209167749627682e+01,-3.589527284093782811e+01,1.011668633797326855e+00,-2.591965482826465461e+01,-3.017255333456840916e+01,-2.958360021389315264e+01,-1.531086152803535683e+01,-2.715175120807699827e+01,-3.152300429363787515e+01,-2.532871475020628438e+01,-2.048363429931591817e+00,-2.303679550078653193e+01,-1.606830826071377771e+01
9.235098281526889608e+00,4.724801491283464827e+00,-5.806953975083128228e+01,-3.278927994448241634e+01,-3.580610190251451996e+01,1.177646877237995104e+00,-2.600188630358408659e+01,-3.052909291914126655e+01,-2.978311352954732172e+01,-1.507370352050763884e+01,-2.705656509217883965e+01,-3.143342088535263912e+01,-2.538329900465457811e+01,-1.887403693097087221e+00,-2.265489803929128243e+01,-1.544996234192856654e+01
9.317001793665692588e+00,4.641231738328505330e+00,-5.730680968957331345e+01,-3.218116220465932287e+01,-3.554873153256732365e+01,1.316752560770964919e+00,-2.564133436707496827e+01,-3.085380414892649981e+01,-2.980685032312883465e+01,-1.473505089659757239e+01,-2.671773773711805333e+01,-3.117562505026364050e+01,-2.536084911542710074e+01,-1.815534176796503640e+00,-2.217012627040788431e+01,-1.471031095525050247e+01
9.358988530182269727e+00,4.555022829981504984e+00,-5.624356486954258827e+01,-3.130273226643171469e+01,-3.511501425461107573e+01,1.424996471520389996e+00,-2.480914988701867330e+01,-3.113557118572612126e+01,-2.964643901879568944e+01,-1.430114061563849504e+01,-2.612264918603079877e+01,-3.074846442944136626e+01,-2.525569803496355092e+01,-1.829312088630120847e+00,-2.157971196353927823e+01,-1.386764258287272078e+01
9.357760976837843359e+00,4.473729196995561708e+00,-5.490072918293692794e+01,-3.016898704234445461e+01,-3.451168973070940638e+01,1.498907669352326444e+00,-2.350863420964481776e+01,-3.136783726649689541e+01,-2.930881824128500313e+01,-1.378713119849197000e+01,-2.528010389558530946e+01,-3.016511963766933491e+01,-2.507113763537395101e+01,-1.924959418260379529e+00,-2.089099785395417896e+01,-1.295005697252334187e+01
9.311815818571723469e+00,4.404427476756362481e+00,-5.330855628668898305e+01,-2.880322790573925218e+01,-3.375205262864970024e+01,1.537675685408739223e+00,-2.176140114457782815e+01,-3.154364631058160739e+01,-2.880669175756183620e+01,-1.321027793579808041e+01,-2.420712962855137818e+01,-2.944258211039827700e+01,-2.481310166079206425e+01,-2.094847883622734663e+00,-2.011416937144606010e+01,-1.198792568370988931e+01
9.219599156070046320e+00,4.351921741790453879e+00,-5.152037911780293911e+01,-2.724925152125191730e+01,-3.286459800727577374e+01,1.541538076062985985e+00,-1.962429070596301628e+01,-3.166181935356761556e+01,-2.816807990761665792e+01,-1.259519843821053797e+01,-2.294302861484864309e+01,-2.861220810279534987e+01,-2.449675869965469133e+01,-2.331161624075799299e+00,-1.927030604020401583e+01,-1.101949382645355868e+01
9.082503584692801724e+00,4.320812889353130792e+00,-4.959020136772596743e+01,-2.555204953979204419e+01,-3.187932396483093100e+01,1.514330302914299375e+00,-1.716412081051403504e+01,-3.171920645965785468e+01,-2.742103153099817803e+01,-1.196393024281442585e+01,-2.152765924753742866e+01,-2.770319500408155733e+01,-2.413627339355187473e+01,-2.621272141797091670e+00,-1.837959607262086337e+01,-1.007951343718540826e+01
8.902309544137789743e+00,4.313429277819642138e+00,-4.758734731098968496e+01,-2.377120289918557816e+01,-3.083764355531371848e+01,1.460346841998548806e+00,-1.447426001413206009e+01,-3.171855085928094553e+01,-2.660478292412698309e+01,-1.134321513589685537e+01,-2.001695009534356018e+01,-2.675499061091815634e+01,-2.375279711492051860e+01,-2.953379890194067325e+00,-1.747072290642457304e+01,-9.206395108200254640e+00
8.683502596175886268e+00,4.331639978397171298e+00,-4.557798246051437019e+01,-2.196460527760486059e+01,-2.978041231326368532e+01,1.386691331428521856e+00,-1.165293910018869106e+01,-3.166189445814401537e+01,-2.575669417450505705e+01,-1.075573514610783477e+01,-1.846486917347087342e+01,-2.580345906223302777e+01,-2.336553926752537080e+01,-3.312432594093220217e+00,-1.657082165604376200e+01,-8.432600993013593893e+00
8.431466408047182171e+00,4.375623564581446523e+00,-4.363262021172587879e+01,-2.019549887819646372e+01,-2.875320488342069325e+01,1.300772037212400312e+00,-8.810238993571468669e+00,-3.155561215894568861e+01,-2.491841790538767043e+01,-1.022461068445673682e+01,-1.693173795571549789e+01,-2.488801995320696747e+01,-2.299641407826256767e+01,-3.684304907936086337e+00,-1.571082555340803566e+01,-7.788818490733836697e+00
8.154265056744716134e+00,4.445543433896336438e+00,-4.180900370421345258e+01,-1.851742943291843702e+01,-2.779529519417760497e+01,1.211754447077145080e+00,-6.047100302481609901e+00,-3.140459659144903526e+01,-2.412408358557701149e+01,-9.766126662305193662e+00,-1.546771459974002561e+01,-2.403928605568312094e+01,-2.266203808517333584e+01,-4.052764840611756014e+00,-1.491621667252510974e+01,-7.295697569509197677e+00
7.859543049048613561e+00,4.539573449607662070e+00,-4.016776777836094681e+01,-1.698801123502730803e+01,-2.694946780245804163e+01,1.127114103339365236e+00,-3.471235029311121600e+00,-3.121999431565779659e+01,-2.341174914469806367e+01,-9.397743103403914944e+00,-1.412883595033561690e+01,-2.329207852145911062e+01,-2.238191957345514282e+01,-4.405368810931611812e+00,-1.421646292347071849e+01,-6.972057617867799095e+00
7.556560888358137440e+00,4.655926875269637222e+00,-3.875470566064789324e+01,-1.565265459904840561e+01,-2.624948630257419069e+01,1.055089757441888931e+00,-1.175248840802838091e+00,-3.101177528855179233e+01,-2.281008078024927244e+01,-9.129378899394069435e+00,-1.295904256874761273e+01,-2.267152963158796908e+01,-2.216925229398742303e+01,-4.728789811690617739e+00,-1.363437923184528167e+01,-6.825946628720525489e+00
7.253731185470332576e+00,4.791478702112595300e+00,-3.761140948947111440e+01,-1.455411805864836161e+01,-2.572711766102816000e+01,1.001417605115469067e+00,7.536311465356032580e-01,-3.079435178218081504e+01,-2.234662235810552033e+01,-8.970086657921514828e+00,-1.200124869769569358e+01,-2.220260922137185133e+01,-2.203706278483062420e+01,-5.013828829920394803e+00,-1.319282685828129864e+01,-6.861183283063139626e+00
6.959855005943063944e+00,4.943237337329377645e+00,-3.676420414862780461e+01,-1.372189169021595134e+01,-2.540360335208458764e+01,9.711034099835426092e-01,2.247634823989862696e+00,-3.058113462474288724e+01,-2.203898853509714684e+01,-8.922270059575003742e+00,-1.128577878843154103e+01,-2.190098529737993260e+01,-2.199202133779133206e+01,-5.252059833312729076e+00,-1.290747080161890992e+01,-7.071834271787130533e+00
6.681825967423465684e+00,5.107059378133830485e+00,-3.623513476876139805e+01,-1.318184764676534293e+01,-2.529661183045278250e+01,9.658879848077451813e-01,3.248232531754212893e+00,-3.038934178379690110e+01,-2.190297009063837308e+01,-8.987848059684061752e+00,-1.084121158559259790e+01,-2.178209881898348144e+01,-2.204039602511833351e+01,-5.439850572849982413e+00,-1.279319323625871085e+01,-7.448910139901016692e+00
6.426637741105002632e+00,5.279654315602227754e+00,-3.602660668839206437e+01,-1.294196712331282839e+01,-2.540928473332910542e+01,9.868673805889510708e-01,3.725018527735551199e+00,-3.023227725976272140e+01,-2.194084681044049034e+01,-9.160677331193276984e+00,-1.067841002893166369e+01,-2.184854994464812705e+01,-2.217983680336099539e+01,-5.573482899743581243e+00,-1.285431614356119390e+01,-7.973006937014260664e+00
6.199433702691025339e+00,5.457430980900786821e+00,-3.613003516268535975e+01,-1.300045740936516481e+01,-2.573694545298578618e+01,1.031670856967251915e+00,3.668182518883801535e+00,-3.012368899288305357e+01,-2.214890045572573030e+01,-9.432948586145165848e+00,-1.079936982557691039e+01,-2.209799410440984246e+01,-2.240512239089658308e+01,-5.653403848011355315e+00,-1.309036402647462616e+01,-8.620799032764583814e+00
6.004528574324391244e+00,5.637579902992777114e+00,-3.652036323224331937e+01,-1.333998991188885341e+01,-2.626220002670842391e+01,1.096812468630622428e+00,3.095279051344739685e+00,-3.007315787619109670e+01,-2.251231398306071796e+01,-9.791104575419318223e+00,-1.119073503929161362e+01,-2.251733872563428918e+01,-2.270421649344364567e+01,-5.680625534652929076e+00,-1.349140592295715813e+01,-9.362065905550576161e+00
5.844394434274997607e+00,5.817442344764813811e+00,-3.716117758924922754e+01,-1.393271131547507302e+01,-2.695950016296412599e+01,1.176094023361233143e+00,2.046974894842811032e+00,-3.008835419911519082e+01,-2.300997043411891951e+01,-1.022000765810485134e+01,-1.182878873527262087e+01,-2.308735456207651282e+01,-2.306205477998365438e+01,-5.659102714627784358e+00,-1.404159337866967405e+01,-1.016417639176304988e+01
5.720940166061581067e+00,5.995555341127703386e+00,-3.799929012219054414e+01,-1.473476676248518125e+01,-2.779101435590417424e+01,1.262805168508539744e+00,5.929114423891512775e-01,-3.017067027950227143e+01,-2.360985537066299145e+01,-1.069935795289201330e+01,-1.267321234819106124e+01,-2.377718512705752829e+01,-2.345695285714712952e+01,-5.592363038637822470e+00,-1.471486714478087521e+01,-1.098921482435485686e+01
5.633737959275988416e+00,6.170274762768142907e+00,-3.897781346917840040e+01,-1.569822616526659331e+01,-2.871616381235286752e+01,1.347606308701069011e+00,-1.183114913765927145e+00,-3.032039966060491309e+01,-2.427917639592152099e+01,-1.121081945157882664e+01,-1.367987317063449382e+01,-2.455465138734428621e+01,-2.386793197418079870e+01,-5.487322363404933512e+00,-1.548291114118122103e+01,-1.180187896463654695e+01
5.581143374854470096e+00,6.340506540389490908e+00,-4.003573232663843839e+01,-1.676957043046838791e+01,-2.968988194651227275e+01,1.421354295679399860e+00,-3.184691567066058049e+00,-3.053342737322689260e+01,-2.498221509926817774e+01,-1.173490431155555491e+01,-1.479898713537924060e+01,-2.538356414754003509e+01,-2.427252490664233875e+01,-5.350555907173406567e+00,-1.631305010332042116e+01,-1.256787070015448471e+01
5.559950768012474676e+00,6.505240214861085057e+00,-4.111255797326185046e+01,-1.789446036411033703e+01,-3.066727545746427808e+01,1.473830045197324523e+00,-5.308706489310004883e+00,-3.080353794213404228e+01,-2.568478169083793361e+01,-1.225466158774412939e+01,-1.597961675830050332e+01,-2.622793438817731726e+01,-2.465023076789990242e+01,-5.190328603255276896e+00,-1.717192408223843358e+01,-1.325759445945256942e+01
5.565960174945544736e+00,6.663735300946687978e+00,-4.215326874666524759e+01,-1.902110548958838621e+01,-3.160545271066679973e+01,1.495711002787504906e+00,-7.454198194211845596e+00,-3.112168692414780935e+01,-2.635590432402587169e+01,-1.275496948211067760e+01,-1.717354338351562149e+01,-2.705368527542895762e+01,-2.498295463470639532e+01,-5.014559306935095329e+00,-1.802676021680147045e+01,-1.384687011161785719e+01
5.593815579611845834e+00,6.815074530663562058e+00,-4.311330841408260994e+01,-2.010523060445069277e+01,-3.246805836596421813e+01,1.477799791259083895e+00,-9.529551205281219239e+00,-3.147839401435877704e+01,-2.697199116803152208e+01,-1.322545122486060798e+01,-1.834007125889277745e+01,-2.783284783835692267e+01,-2.525811722131211212e+01,-4.832440445373842763e+00,-1.884919385212263165e+01,-1.432006494468862456e+01
5.638221888143462479e+00,6.958825999967670484e+00,-4.395796478799154272e+01,-2.110884724617384478e+01,-3.322390032390553216e+01,1.413352803481929820e+00,-1.145482824047113368e+01,-3.186156284559529794e+01,-2.751488311775154472e+01,-1.365759743596373355e+01,-1.944463503490803902e+01,-2.854149279449227450e+01,-2.546661324460028197e+01,-4.651538671101025813e+00,-1.961391375384654268e+01,-1.466806757012659901e+01
5.694569541356555575e+00,7.095228018558049854e+00,-4.465898927487958048e+01,-2.199849228737613771e+01,-3.384714562573904573e+01,1.297359413758982782e+00,-1.315898492572932454e+01,-3.225701371460340994e+01,-2.797110771147918484e+01,-1.404527539543648373e+01,-2.045619615481439268e+01,-2.915874651960851338e+01,-2.560275455621292906e+01,-4.478832063671203123e+00,-2.029877192314394563e+01,-1.488783753159806267e+01
5.758806164903249147e+00,7.224817169024033703e+00,-4.520192524848928883e+01,-2.275117478543099736e+01,-3.432097224956258685e+01,1.127537143582715284e+00,-1.459108156819902291e+01,-3.265022909603234780e+01,-2.833559894854010253e+01,-1.438557632678746856e+01,-2.135423285925544690e+01,-2.967120993552643426e+01,-2.566612306693951240e+01,-4.320369459944040536e+00,-2.088813318008221387e+01,-1.498407705297863757e+01
5.828377195784621989e+00,7.348943700492384323e+00,-4.557910146032413934e+01,-2.334931038435626149e+01,-3.463502039442585811e+01,9.041683906197209852e-01,-1.571281815720806918e+01,-3.302557264467791498e+01,-2.860799072399378673e+01,-1.467724706381062560e+01,-2.212253498569629073e+01,-3.006909656122769547e+01,-2.565942878490114154e+01,-4.181166640525506573e+00,-2.137071728878670740e+01,-1.496653041099994752e+01
5.902480470858167294e+00,7.469793160370174157e+00,-4.579125194447858860e+01,-2.378199894729172570e+01,-3.478585039945566848e+01,6.309240342055961737e-01,-1.650228759069396034e+01,-3.336679106968304609e+01,-2.879278856450794066e+01,-1.492001776673104629e+01,-2.275109462802874916e+01,-3.034707260776708537e+01,-2.558813328029920342e+01,-4.064496017282902329e+00,-2.174018163023366412e+01,-1.484919642877888002e+01
5.981984326883599934e+00,7.590244532349634810e+00,-4.584465533193327502e+01,-2.404366066730064233e+01,-3.477667960797734281e+01,3.136876332309066484e-01,-1.695081784170656292e+01,-3.365832609500905903e+01,-2.889855364253676839e+01,-1.511526261472323185e+01,-2.323440340591206166e+01,-3.050384550204881862e+01,-2.546033901313824543e+01,-3.973322707787371844e+00,-2.199519258150084156e+01,-1.464956442043717644e+01
6.068442972013770920e+00,7.713103232411882892e+00,-4.575984923272746840e+01,-2.414111719955844393e+01,-3.462129632226062625e+01,-3.926547229949672868e-02,-1.707448099311339007e+01,-3.388824340499415655e+01,-2.894221383721731655e+01,-1.526761931227914815e+01,-2.358008495686086547e+01,-3.054785055514165037e+01,-2.528920109245844472e+01,-3.910654319144505564e+00,-2.214327256785567499e+01,-1.439065445066617599e+01
6.165248942265293408e+00,7.841993576973838032e+00,-4.555821182460603325e+01,-2.408293490498258294e+01,-3.433683624197992401e+01,-4.174262736068902191e-01,-1.689797338025339357e+01,-3.404540271848647137e+01,-2.894068485467026619e+01,-1.538114284681183364e+01,-2.379660577932144250e+01,-3.048881141252693894e+01,-2.508772050721242763e+01,-3.878435991605511113e+00,-2.219473356655563379e+01,-1.409517191895583288e+01
6.276003595109483690e+00,7.980207334549394460e+00,-4.527263632319766629e+01,-2.388849859177145873e+01,-3.394899463590716948e+01,-8.088934005932970628e-01,-1.646762173453080891e+01,-3.412353458002739615e+01,-2.891696278741712689e+01,-1.546269970990486087e+01,-2.390424332878249913e+01,-3.034535584087873161e+01,-2.487251894381773099e+01,-3.879198066889822716e+00,-2.216766046327522943e+01,-1.378894294420078559e+01
6.405054892373835074e+00,8.131190242041336447e+00,-4.493764909684767872e+01,-2.358016234725798910e+01,-3.348631280540976007e+01,-1.200794029227749693e+00,-1.583877294285269244e+01,-3.411925715239584633e+01,-2.889374021026026540e+01,-1.551912198422913747e+01,-2.392604952092297665e+01,-3.013873357236141715e+01,-2.466000929595509916e+01,-3.915251199819489436e+00,-2.208323645386895606e+01,-1.349659776745158979e+01
6.556250606626409905e+00,8.297754666219001152e+00,-4.459564073894136982e+01,-2.318851099394981219e+01,-3.298254986453768112e+01,-1.579783966146257379e+00,-1.508259326115633137e+01,-3.403423686445021445e+01,-2.889662909306013461e+01,-1.555889209222595504e+01,-2.389419959783085545e+01,-2.989702311096459653e+01,-2.446826694884684628e+01,-3.989252217558642233e+00,-2.196810953786820164e+01,-1.324322765433489479e+01
6.734416915321832953e+00,8.483307582322773044e+00,-4.427834125826792899e+01,-2.273726594805346934e+01,-3.246606052592691327e+01,-1.931889197998955199e+00,-1.426253556426728508e+01,-3.386998769006937948e+01,-2.894256007747161874e+01,-1.558645207355670514e+01,-2.383262569607951065e+01,-2.964257864688387656e+01,-2.430964216152727886e+01,-4.101893805558224138e+00,-2.184503898913386166e+01,-1.304664855347704133e+01
6.942847093881660214e+00,8.690067828660005489e+00,-4.402100757906242023e+01,-2.225567563726006881e+01,-3.196759761740046457e+01,-2.244526649016165720e+00,-1.344943527615150813e+01,-3.363330530777204075e+01,-2.904920649321112336e+01,-1.560808548008319718e+01,-2.377135481690734409e+01,-2.940244800459275609e+01,-2.419701001059658907e+01,-4.255005279965264009e+00,-2.173988133272861845e+01,-1.292358312334558690e+01
7.184843279286167395e+00,8.920303490712820249e+00,-4.384556687196000269e+01,-2.176439554167554746e+01,-3.151011052607566398e+01,-2.505731809331095405e+00,-1.269968528219404469e+01,-3.333057664110532414e+01,-2.922417112316593091e+01,-1.562596043419302383e+01,-2.373016959990760455e+01,-2.919618268569146124e+01,-2.413669374466440587e+01,-4.448492132927483134e+00,-2.167238141671172258e+01,-1.288243586354750292e+01
7.462040004994233477e+00,9.175148409708214103e+00,-4.376950173426615720e+01,-2.128328503154591900e+01,-3.111360921040217420e+01,-2.705626057614900937e+00,-1.206387046975084232e+01,-3.297088231328207542e+01,-2.947120373385884662e+01,-1.564202378550022488e+01,-2.372751092672503859e+01,-2.904215767599604803e+01,-2.413247132456529798e+01,-4.682221433291734236e+00,-2.166024408443314542e+01,-1.292739228328764511e+01
7.775493243401107257e+00,9.455404792053917262e+00,-4.379412413917298608e+01,-2.082152633122853302e+01,-3.078820136365973781e+01,-2.836193547729439768e+00,-1.157116885655560878e+01,-3.256186325058849462e+01,-2.978312571247604978e+01,-1.565434975883355406e+01,-2.376900841398148501e+01,-2.894902394415948876e+01,-2.418105996304446847e+01,-4.954191611452720245e+00,-2.171272104172106765e+01,-1.305385843676694080e+01
8.122971030698508343e+00,9.759533035740400209e+00,-4.392392400262620100e+01,-2.039395331444202242e+01,-3.054497647600774712e+01,-2.893321393416299792e+00,-1.125076288786280188e+01,-3.211606107613582850e+01,-3.015490106596190500e+01,-1.566460397016571093e+01,-2.386602906370962529e+01,-2.892912751047343534e+01,-2.428059480199304332e+01,-5.264106576876477206e+00,-2.184000513677518995e+01,-1.325729654277298408e+01
8.501461073836443560e+00,1.008546163450040112e+01,-4.414837126140714219e+01,-2.000496963679081119e+01,-3.038450172070031385e+01,-2.874859951012032067e+00,-1.110963312109077350e+01,-3.164313374740218876e+01,-3.057151765720724157e+01,-1.567044841844787584e+01,-2.401705940529046757e+01,-2.898423264098120100e+01,-2.442237974720342919e+01,-5.608903284594177308e+00,-2.204273362332864394e+01,-1.352510596608130378e+01
8.904743436280622149e+00,1.042871858845028044e+01,-4.446137802293355179e+01,-1.966496970522592136e+01,-3.030835661707975959e+01,-2.782959687731147991e+00,-1.115470414294923529e+01,-3.115636877978456809e+01,-3.102160426658124948e+01,-1.567356379618690632e+01,-2.422640746429985370e+01,-2.911940230904452775e+01,-2.459986212864599509e+01,-5.986970835915708555e+00,-2.232202208311971603e+01,-1.384601768441140912e+01
9.325492589007449595e+00,1.078391960890870749e+01,-4.484972418369366665e+01,-1.937952126811079268e+01,-3.031143167954533624e+01,-2.622253882146067916e+00,-1.137927973585101249e+01,-3.066685671049371820e+01,-3.148955033716018193e+01,-1.567412260700904625e+01,-2.449183133664036660e+01,-2.933328858682934737e+01,-2.480309410694109218e+01,-6.394799492111689077e+00,-2.267251748194754413e+01,-1.420479459063784944e+01
9.753668353666848034e+00,1.114344672272103409e+01,-4.530884824957905721e+01,-1.916237143215273875e+01,-3.039128712374822072e+01,-2.401255257470998217e+00,-1.178148444387475635e+01,-3.018842960463615199e+01,-3.196642534226538501e+01,-1.567672895914751408e+01,-2.481926199689007717e+01,-2.962910072038364007e+01,-2.502587021802729694e+01,-6.830098710861165046e+00,-2.309064926141180507e+01,-1.458985376314535642e+01
1.017972717288326123e+01,1.149983682999768675e+01,-4.582366208083685422e+01,-1.901802787284087870e+01,-3.053634354764434988e+01,-2.129584188288277335e+00,-1.234227668340636086e+01,-2.972921969341999926e+01,-3.243718309628211216e+01,-1.568190177361084992e+01,-2.520311556996156455e+01,-2.999963139860216543e+01,-2.525685546980321305e+01,-7.287114592169911198e+00,-2.356404574490460391e+01,-1.498459557204997239e+01
1.059250548529123215e+01,1.184412778868407656e+01,-4.638734800747805309e+01,-1.895770799163051024e+01,-3.073818443319528626e+01,-1.820358458970170901e+00,-1.304743283366996742e+01,-2.929879166286900016e+01,-3.289449143769928696e+01,-1.569449175418777287e+01,-2.564465255648363851e+01,-3.044155767639418997e+01,-2.548893959015632760e+01,-7.761846559538262191e+00,-2.408250977693293393e+01,-1.537713506305249567e+01
1.098209455879936236e+01,1.216797963061019061e+01,-4.698629447976858131e+01,-1.898517592560394718e+01,-3.098202811954732994e+01,-1.487063083983545031e+00,-1.387087668775385296e+01,-2.890110846890832264e+01,-3.332811597667057413e+01,-1.571593493556507681e+01,-2.613623764829486262e+01,-3.094327411459885724e+01,-2.571173632155289113e+01,-8.247613406999580121e+00,-2.462958812093062377e+01,-1.575300663405995394e+01
1.133858060932792000e+01,1.246272824816336566e+01,-4.761202807333835807e+01,-1.910679248799565499e+01,-3.125508896282994442e+01,-1.144983971037378367e+00,-1.478883458631442593e+01,-2.853940840353306641e+01,-3.373389056188541701e+01,-1.574982227339549468e+01,-2.667311848590262713e+01,-3.149440842426409759e+01,-2.591781976584415403e+01,-8.738802874750069449e+00,-2.519007954662924220e+01,-1.610159637722055948e+01
1.165452443346487499e+01,1.272133660922435894e+01,-4.824776546555872159e+01,-1.931896847515519511e+01,-3.153847306157522468e+01,-8.086476814915913858e-01,-1.576539315221134885e+01,-2.821048030195421319e+01,-3.410426478405547357e+01,-1.579550952132067110e+01,-2.723982823697819811e+01,-3.207557505166594325e+01,-2.609621908947155333e+01,-9.227559441378911487e+00,-2.574299013577288520e+01,-1.640968125770284658e+01
1.192240657299772266e+01,1.293653440210970373e+01,-4.888839854456566769e+01,-1.962517454296601471e+01,-3.182038680884773640e+01,-4.940389827954179136e-01,-1.677637399816276442e+01,-2.791299130487920621e+01,-3.444231596496906889e+01,-1.585692258969078594e+01,-2.783008090708333526e+01,-3.267411398816918222e+01,-2.624223885877898255e+01,-9.709282397965733225e+00,-2.627350882708397961e+01,-1.667135929625346336e+01
1.213752657884986697e+01,1.310312196355219072e+01,-4.952386746718246258e+01,-2.002043406887499088e+01,-3.208532591743016837e+01,-2.148327394390064926e-01,-1.779175362622797962e+01,-2.764011821356507426e+01,-3.474893841614015599e+01,-1.593369783954094565e+01,-2.842983979986124510e+01,-3.327097758979787301e+01,-2.634868717400761540e+01,-1.017739958412097145e+01,-2.676363332442620901e+01,-1.687927017475441360e+01
1.229584323855678818e+01,1.321649698667518358e+01,-5.015374933146084402e+01,-2.050428404147930195e+01,-3.232451707321965984e+01,1.530683153258705076e-02,-1.879314242333805396e+01,-2.738666609609541780e+01,-3.503337461663318919e+01,-1.602869885288707508e+01,-2.903245646036371141e+01,-3.385326649856148862e+01,-2.641364663428663562e+01,-1.062847914119016757e+01,-2.720167727378329658e+01,-1.703224110306015149e+01
1.239581348984194520e+01,1.327416528433661647e+01,-5.077679375671082340e+01,-2.107092700179980937e+01,-3.252872942589394256e+01,1.855845860590914498e-01,-1.976349228127912383e+01,-2.714436082201412503e+01,-3.530433654321846149e+01,-1.614190667770341392e+01,-2.962822491806452874e+01,-3.440599878469090811e+01,-2.643449217622817216e+01,-1.105842618483263884e+01,-2.757617658679360062e+01,-1.712923397121542024e+01
1.243641845892797804e+01,1.327436788130032497e+01,-5.140252449363721610e+01,-2.171987873792856760e+01,-3.269660616121076657e+01,2.863356245375867637e-01,-2.070084595525737825e+01,-2.690782580008847447e+01,-3.557799875671546630e+01,-1.627631189824074909e+01,-3.021660042466268692e+01,-3.492227817693741798e+01,-2.641408446749418459e+01,-1.146632741119809396e+01,-2.788353503580905368e+01,-1.717537480600779531e+01
1.241951199069422884e+01,1.321800338914438555e+01,-5.203438014138281176e+01,-2.244123782083172358e+01,-3.282381936219506713e+01,3.122852955096193650e-01,-2.160003828583516494e+01,-2.666779953932331182e+01,-3.586501665671393368e+01,-1.642968809407606656e+01,-3.078986947458025014e+01,-3.539063792685655585e+01,-2.635201872384969235e+01,-1.184937367654007367e+01,-2.811845806130083147e+01,-1.717302805330396609e+01
1.234767641828624818e+01,1.310706729802385695e+01,-5.267899868976151367e+01,-2.322525741548406586e+01,-3.291083642704397505e+01,2.598979288701637191e-01,-2.246281973552980560e+01,-2.641730680021296962e+01,-3.617795054829629464e+01,-1.660106049046738974e+01,-3.134377071639981338e+01,-3.580436826188249455e+01,-2.625068590098580756e+01,-1.220735909386845819e+01,-2.828086235580542507e+01,-1.712752319851304605e+01
1.222542669032382356e+01,1.294558648762387598e+01,-5.333700931585482863e+01,-2.405457475554156233e+01,-3.295647925958581226e+01,1.298971623699909372e-01,-2.328806181799225428e+01,-2.614758648863456258e+01,-3.652334091913095904e+01,-1.678536852789400768e+01,-3.186873497180366499e+01,-3.615421483386548118e+01,-2.610988161539125230e+01,-1.253877281337382144e+01,-2.837003180099406308e+01,-1.704161560068305903e+01
1.205779294215283315e+01,1.273849640945375228e+01,-5.400726279854851697e+01,-2.490961157124308656e+01,-3.296221811058884299e+01,-7.467462100871635755e-02,-2.407549926152312025e+01,-2.585189034599929059e+01,-3.690560511380824948e+01,-1.697754719622031416e+01,-3.235538289630272857e+01,-3.643344288230089489e+01,-2.593027333424946335e+01,-1.284351108863087632e+01,-2.838818644851629713e+01,-1.691866330564387511e+01
1.185145532000830570e+01,1.249243950695163718e+01,-5.467732863364705054e+01,-2.576098459743017344e+01,-3.292567773071604620e+01,-3.466364994174075953e-01,-2.481508989058107773e+01,-2.552149782166018710e+01,-3.731956665131964712e+01,-1.716781728425682729e+01,-3.278563392326821457e+01,-3.663047400759842986e+01,-2.570824754212678442e+01,-1.311934451421779180e+01,-2.833444785035402447e+01,-1.675727002430921075e+01
1.161227570866836167e+01,1.221374628421141395e+01,-5.533535214653846168e+01,-2.658156841707807416e+01,-3.284924712028541904e+01,-6.777299320241572111e-01,-2.549961475673696043e+01,-2.515214273381358367e+01,-3.775967419607029285e+01,-1.734892358382180078e+01,-3.314545566705577784e+01,-3.673922114904706149e+01,-2.544283643929668060e+01,-1.336623519849420560e+01,-2.821222434167696491e+01,-1.655801898550682338e+01
1.134631567083084747e+01,1.190901924244881904e+01,-5.596456147607439391e+01,-2.734185884686334589e+01,-3.273480604967011232e+01,-1.056459201572746531e+00,-2.611897761851005129e+01,-2.474026328379285999e+01,-3.821452594701193561e+01,-1.751166028220325899e+01,-3.341907746268029911e+01,-3.675339644226559699e+01,-2.513145965084703803e+01,-1.358235702101141840e+01,-2.802424987639360054e+01,-1.631920242313209712e+01
1.105867915954899772e+01,1.158404996385527674e+01,-5.654718875842095827e+01,-2.801518386511888181e+01,-3.258731135241181676e+01,-1.470662662085818306e+00,-2.666350863526695747e+01,-2.428616833857677548e+01,-3.867114578733306729e+01,-1.764902578687990342e+01,-3.359366709289139408e+01,-3.667071512145183476e+01,-2.477329435141179914e+01,-1.376681416781400458e+01,-2.777558773887538734e+01,-1.604008973331692545e+01
1.075385102110266722e+01,1.124386828420360374e+01,-5.706517105183115746e+01,-2.857820430784328991e+01,-3.241305204742106838e+01,-1.906493779865611193e+00,-2.712548742676597868e+01,-2.379236669029330642e+01,-3.911409524513268821e+01,-1.775444801555000751e+01,-3.365938800700427436e+01,-3.649157967649789214e+01,-2.436790940956045404e+01,-1.391741124447959166e+01,-2.747195621370187268e+01,-1.571963501560786014e+01
1.043484757224372750e+01,1.089184854480254927e+01,-5.750470499391887813e+01,-2.901610968919445810e+01,-3.222289742829757131e+01,-2.350587482049744992e+00,-2.750335667034219966e+01,-2.326612606648374992e+01,-3.952993290950264793e+01,-1.782523088298744085e+01,-3.361404958544676447e+01,-3.622291068477148457e+01,-2.391842406761441708e+01,-1.403293905400877151e+01,-2.712260252561735996e+01,-1.535967047695156040e+01
1.010433070882621109e+01,1.053041349297734186e+01,-5.785234119128116959e+01,-2.931876504593946464e+01,-3.202761224059726430e+01,-2.788611550813578255e+00,-2.779751346477767626e+01,-2.271580368541082251e+01,-3.990357996680152297e+01,-1.785880085869488454e+01,-3.345827205250390790e+01,-3.587312385620188593e+01,-2.342800248855233747e+01,-1.411015643223583460e+01,-2.673621079205510753e+01,-1.496165998930916885e+01
9.764592323839712762e+00,1.016085046975265449e+01,-5.809299566616284949e+01,-2.948008817572454632e+01,-3.183760175938158454e+01,-3.207401910467996942e+00,-2.800642919473109060e+01,-2.215133029270897325e+01,-4.021921891046454789e+01,-1.785424999486371433e+01,-3.319369361165620091e+01,-3.545148477714786850e+01,-2.290057225272034813e+01,-1.414575133590647482e+01,-2.632078121815467142e+01,-1.452738770639680155e+01
9.417588357573176694e+00,9.783263910690898513e+00,-5.821496086321654673e+01,-2.950142164330886629e+01,-3.166378365653237026e+01,-3.594493384506064704e+00,-2.813264772122739288e+01,-2.158394825488348090e+01,-4.046306476316549094e+01,-1.781227401072350602e+01,-3.282685045368343424e+01,-3.496968966358886632e+01,-2.234151725881411110e+01,-1.413571479084922444e+01,-2.588457168887077486e+01,-1.405994379074986433e+01
9.065459768625961701e+00,9.397003108372979696e+00,-5.820509524146099523e+01,-2.938765308664098086e+01,-3.151515191106328473e+01,-3.939349702209622883e+00,-2.817557622314546961e+01,-2.102504604588731851e+01,-4.062189034774038987e+01,-1.773465768518308394e+01,-3.236410250633021235e+01,-3.443855692651754907e+01,-2.175658619065465160e+01,-1.407616730316606990e+01,-2.543420686447664991e+01,-1.356271028626979458e+01
8.711040766984057271e+00,9.001136033272956638e+00,-5.804988982786355223e+01,-2.914676696158848301e+01,-3.139758662276617329e+01,-4.232757955049157417e+00,-2.813265245503258427e+01,-2.048470963308665560e+01,-4.068337140069868951e+01,-1.762305278002369491e+01,-3.181158853394060415e+01,-3.386702864573354077e+01,-2.115103785102072464e+01,-1.396255701215633849e+01,-2.497390861140068452e+01,-1.303870191017371027e+01
8.357626653922295645e+00,8.594462492302694656e+00,-5.773593022725645341e+01,-2.878991011087788365e+01,-3.131469646542863927e+01,-4.468552274301457850e+00,-2.799850842457739475e+01,-1.997266277420986569e+01,-4.063803619463737959e+01,-1.748061491669613687e+01,-3.117529457983943075e+01,-3.326286097174931911e+01,-2.053091023108926905e+01,-1.379193143773901653e+01,-2.450661126988322991e+01,-1.249188545454179256e+01
8.008424919631547567e+00,8.175404236881201214e+00,-5.725834497804210343e+01,-2.833655766500081796e+01,-3.127070658295161110e+01,-4.643090841056178419e+00,-2.777529043524459240e+01,-1.949921894823016544e+01,-4.048368878001259930e+01,-1.731290107458477934e+01,-3.046788391151673991e+01,-3.263671248673703928e+01,-1.990497979390961092e+01,-1.356308429645177505e+01,-2.403696581702119062e+01,-1.192938230965793522e+01
7.667690638302579131e+00,7.743183314174666876e+00,-5.661111176104428466e+01,-2.780532512210559659e+01,-3.126510632578284188e+01,-4.755455831341642181e+00,-2.746027626850276704e+01,-1.907227246841687318e+01,-4.021987947662567109e+01,-1.712499154517750810e+01,-2.969861085363872633e+01,-3.199535420989064605e+01,-1.928112178017011047e+01,-1.327629651409729483e+01,-2.356696236578708792e+01,-1.135776721767268604e+01
7.339568062915077462e+00,7.297378336700730550e+00,-5.579841478310324021e+01,-2.722171147844212413e+01,-3.129795474123984889e+01,-4.807559311334939522e+00,-2.705972533699222993e+01,-1.869999082754094388e+01,-3.985427702141682005e+01,-1.692419120305126512e+01,-2.888344991518935245e+01,-3.134864396705787826e+01,-1.866992318624218683e+01,-1.293468783651679033e+01,-2.310100379467031217e+01,-1.078682516289719828e+01
7.028713561390303788e+00,6.838764700481409164e+00,-5.482780743598367224e+01,-2.661115996146019924e+01,-3.136626360754415899e+01,-4.804013064751134543e+00,-2.658031319811121662e+01,-1.838877682686386805e+01,-3.939830427894659692e+01,-1.671780805254435620e+01,-2.803784233954257488e+01,-3.070484691156339352e+01,-1.808203120154752241e+01,-1.254395208221933622e+01,-2.264301273596181119e+01,-1.022681848830197637e+01
6.739505274591355288e+00,6.369162666626385416e+00,-5.371683958373280632e+01,-2.600291915914294094e+01,-3.146706630583737407e+01,-4.751520912483162107e+00,-2.603731908512711613e+01,-1.814457204343489849e+01,-3.887016051444425102e+01,-1.651408989512188796e+01,-2.718246296956128205e+01,-3.007456275486047304e+01,-1.752977212911762450e+01,-1.211252654449049793e+01,-2.219923587498794149e+01,-9.690180598789776667e+00
6.477535450372915449e+00,5.892896872832276145e+00,-5.247738222598857050e+01,-2.541610626741002577e+01,-3.158939219443446689e+01,-4.657977741372325120e+00,-2.543570495329754522e+01,-1.796825050546372182e+01,-3.828470479361629231e+01,-1.631715213771907003e+01,-2.632794989899106497e+01,-2.946032212285902574e+01,-1.702093358196002271e+01,-1.164971324208758929e+01,-2.177106334811197286e+01,-9.185047844752123325e+00
6.247415457599329258e+00,5.415435021572069907e+00,-5.112983848290141964e+01,-2.487097841319687674e+01,-3.172309623549731228e+01,-4.533100120199712535e+00,-2.478694054655746015e+01,-1.786075850230137618e+01,-3.766209033275908524e+01,-1.613211068589567887e+01,-2.548891558711272154e+01,-2.886713948802908192e+01,-1.656460804443956647e+01,-1.116809437077474243e+01,-2.136256845652690828e+01,-8.721069278853407880e+00
6.054249628817765405e+00,4.944675191159871197e+00,-4.968808687269162760e+01,-2.437580933909705294e+01,-3.185122967134980598e+01,-4.386787212165959460e+00,-2.409105879535655248e+01,-1.781844416319135149e+01,-3.701748547417290069e+01,-1.595962622423281019e+01,-2.466945506024540080e+01,-2.829236726958878734e+01,-1.616487388122442681e+01,-1.068056703667635254e+01,-2.097324201035439728e+01,-8.302898708273062311e+00
5.902165624121365362e+00,4.489871813202333861e+00,-4.816785076913174635e+01,-2.393392052693138439e+01,-3.195592425383625113e+01,-4.229246066270192728e+00,-2.334668211601363552e+01,-1.783636878123682834e+01,-3.636592877626161169e+01,-1.579914188825354415e+01,-2.387181542491375552e+01,-2.773234360396770626e+01,-1.582429698706922139e+01,-1.020141820933373111e+01,-2.060253295853795663e+01,-7.933585666786946433e+00
5.795100593243716069e+00,4.062148078648649019e+00,-4.657597083817667283e+01,-2.353508297287195106e+01,-3.201388507736521660e+01,-4.070045751807836787e+00,-2.253859399597335056e+01,-1.790561671474242189e+01,-3.571521401476600488e+01,-1.564578149202987412e+01,-2.308672277240113857e+01,-2.717584389813876200e+01,-1.553989611781016755e+01,-9.744334555367625939e+00,-2.024498800926648556e+01,-7.610299514879624638e+00
5.734116164328724174e+00,3.672210499632118985e+00,-4.492867736080057739e+01,-2.317156751966300732e+01,-3.200805365966799343e+01,-3.919023474568650744e+00,-2.165990823549548949e+01,-1.802014100742627534e+01,-3.507725512671654400e+01,-1.549733371036550622e+01,-2.231181878401996954e+01,-2.661787346789276398e+01,-1.531103396628183866e+01,-9.324932703559580816e+00,-1.989985043472336912e+01,-7.332270330734957930e+00
5.719663783713811789e+00,3.331715975292018683e+00,-4.323328688251255869e+01,-2.282329038005732968e+01,-3.191785703528049822e+01,-3.783866936395875680e+00,-2.069155601885231732e+01,-1.817044449876809153e+01,-3.445530086343875098e+01,-1.534714542813521732e+01,-2.153425592490039264e+01,-2.604683026601881934e+01,-1.513137985767341931e+01,-8.955965629631782221e+00,-1.956148217744226159e+01,-7.092599111715972349e+00
5.749038668652822537e+00,3.050822617705160944e+00,-4.150645659363297568e+01,-2.247475478866611809e+01,-3.173121009346608190e+01,-3.671746486936889653e+00,-1.962474706200218577e+01,-1.835084433183563135e+01,-3.385601854587227422e+01,-1.519197945500432212e+01,-2.074957889243607667e+01,-2.545878033477127644e+01,-1.499733706955764134e+01,-8.650486949640228573e+00,-1.922922057907873494e+01,-6.886758917024422999e+00
5.818128771000092847e+00,2.838921708090114571e+00,-3.976187726312151938e+01,-2.210569562799836874e+01,-3.143786710865376932e+01,-3.587483058909057831e+00,-1.844793164015533904e+01,-1.855495882090477267e+01,-3.328090225634130661e+01,-1.502703871698985161e+01,-1.995020305425028084e+01,-2.484870861601288183e+01,-1.490259535058361351e+01,-8.418092516369682698e+00,-1.890076324238340177e+01,-6.707183530749310840e+00
5.919720137350915401e+00,2.702685276495095934e+00,-3.802460343920343178e+01,-2.170489737540358988e+01,-3.103865733789229608e+01,-3.534695616484978764e+00,-1.716471633440963274e+01,-1.878118838649982791e+01,-3.273591439655280766e+01,-1.485189712582955224e+01,-1.914025041615622413e+01,-2.422149162367059461e+01,-1.484476341646981901e+01,-8.267113146671366763e+00,-1.857987180221849144e+01,-6.550122232195268346e+00
6.046495781592852836e+00,2.647639699357768883e+00,-3.631074556435086720e+01,-2.125430864955476196e+01,-3.053380283212725033e+01,-3.513486172172562316e+00,-1.577140367005875987e+01,-1.902523445169055094e+01,-3.221820562506247398e+01,-1.466256750468233605e+01,-1.831627533558058474e+01,-2.357722932428668727e+01,-1.481654275052049918e+01,-8.199660727220493328e+00,-1.826552992447915358e+01,-6.406845914752380189e+00
6.188737185596204782e+00,2.675761265908339404e+00,-3.464571954105952045e+01,-2.074672566489761039e+01,-2.993491895470101127e+01,-3.523121657440177135e+00,-1.427885552339726871e+01,-1.928775944288677024e+01,-3.172971827745772089e+01,-1.446023897481304132e+01,-1.748629444853633430e+01,-2.292570629776368207e+01,-1.481503666642365680e+01,-8.216272290614417884e+00,-1.796240113429005092e+01,-6.273214406413305966e+00
6.337132655588588293e+00,2.786997727671296055e+00,-3.304770233438462412e+01,-2.017268189099028319e+01,-2.925456076271363060e+01,-3.559763719369744894e+00,-1.269425685340554821e+01,-1.956758797580628340e+01,-3.126630558247921243e+01,-1.424398965098421677e+01,-1.665377878205291395e+01,-2.227368261842586605e+01,-1.483418023673707253e+01,-8.311407859560093314e+00,-1.767160844246597406e+01,-6.142270320705061515e+00
6.481578007740444569e+00,2.977854670075670285e+00,-3.153903779670122276e+01,-1.953188699543861517e+01,-2.851355513138327069e+01,-3.618556548663987904e+00,-1.103465326282560888e+01,-1.986655995835248234e+01,-3.082691915278982009e+01,-1.401655284233834919e+01,-1.582968209411151328e+01,-2.163395383912943970e+01,-1.487093364843917342e+01,-8.477039250225564260e+00,-1.739749605775657670e+01,-6.010635027425399457e+00
6.613650302328783148e+00,3.242920637455512178e+00,-3.013199885881417828e+01,-1.882170919457739444e+01,-2.773159326744917763e+01,-3.692226518841081884e+00,-9.311010313184837628e+00,-2.018374365354303634e+01,-3.040472868131682560e+01,-1.377839738764479094e+01,-1.501860331576727070e+01,-2.101439599795850910e+01,-1.491897556354698473e+01,-8.699675298640499932e+00,-1.713978931851599086e+01,-5.872273659933093803e+00
6.724167042788137039e+00,3.572848981479709529e+00,-2.884865714343276011e+01,-1.805513498002879658e+01,-2.693893357065684313e+01,-3.774234168899049280e+00,-7.551397082422196760e+00,-2.052328541455770505e+01,-3.000187218646206944e+01,-1.353662513397956069e+01,-1.423861259254500666e+01,-2.043285319271775791e+01,-1.497855889746805502e+01,-8.966157998524113992e+00,-1.690483842767520173e+01,-5.728609422478309732e+00
6.806342022928875579e+00,3.956760319679828442e+00,-2.770307217173967018e+01,-1.724499247548976655e+01,-2.616347293038932875e+01,-3.856160977144751811e+00,-5.780992333073397660e+00,-2.088625740858224589e+01,-2.961706297482202643e+01,-1.329608848812414124e+01,-1.350307447501465141e+01,-1.990248923029290395e+01,-1.504762326788106819e+01,-9.259102798888442010e+00,-1.669517405298860879e+01,-5.579672670174280924e+00
6.853744850718863191e+00,4.380939969570598613e+00,-2.671661227110937631e+01,-1.641748392310927684e+01,-2.543969456914278737e+01,-3.931076704049561776e+00,-4.039335037239235149e+00,-2.127713289023542842e+01,-2.925746735103633966e+01,-1.306701336266048941e+01,-1.283590743896135145e+01,-1.944364408319204074e+01,-1.512984676965257158e+01,-9.562759279556075853e+00,-1.651863982268039877e+01,-5.432230983969093430e+00
6.862454176836033426e+00,4.830864835706021765e+00,-2.590625854169340059e+01,-1.560085476685530281e+01,-2.479909558328256480e+01,-3.991667594812821740e+00,-2.367173658010409021e+00,-2.169794371668966448e+01,-2.893009627835539987e+01,-1.285844052191782083e+01,-1.225917182925118887e+01,-1.907359158035837510e+01,-1.522834816128534996e+01,-9.860091830811400726e+00,-1.638122531759265144e+01,-5.293440491827242411e+00
6.829247083174078803e+00,5.290378093979286156e+00,-2.529697224362869079e+01,-1.483560820741583441e+01,-2.427702457506460831e+01,-4.032819350971999839e+00,-8.197595896232856560e-01,-2.215342635595487764e+01,-2.865096928745748528e+01,-1.268395142141335263e+01,-1.180491851606103104e+01,-1.881587363011815839e+01,-1.535201137900223678e+01,-1.013765613121450215e+01,-1.629443774801885070e+01,-5.177099473045621458e+00
6.754261935238019987e+00,5.744468292981750324e+00,-2.490357229872622113e+01,-1.415717751885288855e+01,-2.389949664780967709e+01,-4.049066695850375375e+00,5.545451288572333937e-01,-2.264296539893743443e+01,-2.843196771529157019e+01,-1.255262623832691915e+01,-1.149645573798059850e+01,-1.868551371451248855e+01,-1.550618025692698865e+01,-1.038140879527966121e+01,-1.626479590449074664e+01,-5.094157270646218372e+00
6.638816803955046808e+00,6.178412550237279532e+00,-2.474149631146010364e+01,-1.360477703779115899e+01,-2.369026697913940893e+01,-4.037824155059924536e+00,1.703882209025470607e+00,-2.316630531620200273e+01,-2.828954936511661700e+01,-1.247545453537318139e+01,-1.135909046889994656e+01,-1.869816827461266584e+01,-1.569904930737677162e+01,-1.058239683512793050e+01,-1.630109543362147662e+01,-5.058798626372909446e+00
6.486889088378641866e+00,6.579762676309712788e+00,-2.481601694353431853e+01,-1.320996084962674111e+01,-2.366224760138831584e+01,-3.997034902016109559e+00,2.586175981298176829e+00,-2.371815330705507563e+01,-2.823585512886099735e+01,-1.245877174115677555e+01,-1.140838212038062238e+01,-1.886063109301753116e+01,-1.593530361913182780e+01,-1.073342156538058489e+01,-1.640753838672464937e+01,-5.081816956121686601e+00
6.303507537462014199e+00,6.937951215030745189e+00,-2.512772116978767656e+01,-1.300068190611741414e+01,-2.382171208412974295e+01,-3.927272981458014733e+00,3.165282458081318584e+00,-2.429184064982089808e+01,-2.828324342977668238e+01,-1.250813929443494743e+01,-1.165559751300700420e+01,-1.917595701242350259e+01,-1.621973325169765445e+01,-1.083266173068497196e+01,-1.658788891777279417e+01,-5.173807794005313987e+00
6.095962048033577219e+00,7.246027199875947566e+00,-2.566202886555918639e+01,-1.299033708309840662e+01,-2.416083074816437204e+01,-3.829657532324906466e+00,3.424144208024185065e+00,-2.487461366567365673e+01,-2.843571789172284880e+01,-1.262267322805383429e+01,-1.209667986497615288e+01,-1.963483207500289041e+01,-1.655132228640671954e+01,-1.088050146683552732e+01,-1.683896176180321902e+01,-5.338864504718410231e+00
5.871004558545622309e+00,7.499203731512347204e+00,-2.640251540185693813e+01,-1.318863617879794958e+01,-2.466712659917466155e+01,-3.708546025716153327e+00,3.351538175690141230e+00,-2.545439114543635739e+01,-2.869837868276973936e+01,-1.280215360018246074e+01,-1.272541597787782663e+01,-2.022666538795188984e+01,-1.693025946684551997e+01,-1.088413370534882318e+01,-1.715880161336724541e+01,-5.581259911015398423e+00
5.635828601015735906e+00,7.696155817898151952e+00,-2.732359565866475393e+01,-1.359322756332419324e+01,-2.531766407263273067e+01,-3.568668048525727166e+00,2.950853409474954780e+00,-2.601549680443388368e+01,-2.906989156362639548e+01,-1.304139500253039685e+01,-1.352512018710941533e+01,-2.093253543283568874e+01,-1.735256762703923528e+01,-1.085317914112867399e+01,-1.754102495196053724e+01,-5.899772183269662129e+00
5.396361900175949522e+00,7.838069855475875869e+00,-2.839674256642145522e+01,-1.419503509891626436e+01,-2.608491460284659524e+01,-3.417082835174219291e+00,2.234746448698715859e+00,-2.654299015834618558e+01,-2.954725948644545497e+01,-1.333486943879758080e+01,-1.447505771391043794e+01,-2.173143698377408484e+01,-1.781408463768909911e+01,-1.080242223218865227e+01,-1.797925259388689767e+01,-6.291371843917937134e+00
5.157549021137224798e+00,7.928994006001655492e+00,-2.958939397275259253e+01,-1.497583788194159382e+01,-2.693525863617536231e+01,-3.261021877868261143e+00,1.226015784216501370e+00,-2.702091215366181132e+01,-3.012266065632834255e+01,-1.367398977043553465e+01,-1.554860718161861399e+01,-2.259819764838240985e+01,-1.830792575591380000e+01,-1.074841551129100381e+01,-1.846478063402882341e+01,-6.748639067134213576e+00
4.921916548134905867e+00,7.974661085005485539e+00,-3.087172522118576978e+01,-1.591449427583917142e+01,-2.783516922314948161e+01,-3.109205264558536186e+00,-4.905785486181146737e-02,-2.743634771634873459e+01,-3.078830483820385311e+01,-1.405128796985459871e+01,-1.672014534320422996e+01,-2.350970701161954679e+01,-1.882842730703510625e+01,-1.071117079070736899e+01,-1.899093937716440195e+01,-7.263559416273667857e+00
4.690688261832569594e+00,7.983057249345607786e+00,-3.221112472536723459e+01,-1.698152219342199487e+01,-2.874751520668689864e+01,-2.969188332786692808e+00,-1.555068477457867360e+00,-2.777604560028943581e+01,-3.153073350294225463e+01,-1.445608419781149756e+01,-1.795914105709118402e+01,-2.443977401798159832e+01,-1.936677379773650642e+01,-1.070951502451321957e+01,-1.954845885115956960e+01,-7.823374285369176562e+00
4.463190409237415501e+00,7.963494368598315276e+00,-3.357297180095898170e+01,-1.814116570560860353e+01,-2.963499067447602187e+01,-2.848719466156127478e+00,-3.247386238049691620e+00,-2.802891638928123186e+01,-3.233277228627410693e+01,-1.487737352644305133e+01,-1.923180278475648208e+01,-2.536166020215869565e+01,-1.991295912811085245e+01,-1.076220877341642357e+01,-2.012714600186909308e+01,-8.412543924571901144e+00
4.236975338897411625e+00,7.926066505109606197e+00,-3.492432185713846593e+01,-1.935454774421256019e+01,-3.046214139539337040e+01,-2.754039833199622311e+00,-5.077538592395547390e+00,-2.818606779581671873e+01,-3.317464876863117240e+01,-1.530340849376444012e+01,-2.050446575676645011e+01,-2.624976163712789656e+01,-2.045585085843248763e+01,-1.088534691703064183e+01,-2.071630284589032200e+01,-9.013255939838693109e+00
4.008054132252787838e+00,7.881052364491464957e+00,-3.623172198579431580e+01,-2.057948170947717159e+01,-3.119652143093052388e+01,-2.690502394965714750e+00,-6.990278834662150942e+00,-2.824154393730611545e+01,-3.403390592145552773e+01,-1.572269133308057043e+01,-2.174222099252085272e+01,-2.707940816137213602e+01,-2.098350905442129033e+01,-1.109222233023270121e+01,-2.130448556622015488e+01,-9.606004736150527634e+00
3.771694248885631318e+00,7.838658873053113041e+00,-3.746131965408275732e+01,-2.177112262220941830e+01,-3.180861819131208179e+01,-2.661073673336782353e+00,-8.925196847585073812e+00,-2.819121055182197111e+01,-3.488493199483453822e+01,-1.612273345161712967e+01,-2.290911030232864931e+01,-2.782621393558772738e+01,-2.148216518715389256e+01,-1.139079121651866444e+01,-2.187834840867158448e+01,-1.016908323373202805e+01
3.522047600378881427e+00,7.807920582237612983e+00,-3.858207773715394495e+01,-2.288665891964549104e+01,-3.227588193140761064e+01,-2.667823270743983510e+00,-1.082071068052204588e+01,-2.803537924515697455e+01,-3.570291241561771045e+01,-1.649339951506666324e+01,-2.397217093724025716e+01,-2.846977709433376802e+01,-2.193915695593300086e+01,-1.178525720570193513e+01,-2.242540979071592844e+01,-1.068190807514172391e+01
3.252269751519814012e+00,7.795990063704042683e+00,-3.957277020870972706e+01,-2.389159811412762480e+01,-3.258562524491237866e+01,-2.710778257324674811e+00,-1.262446245339715389e+01,-2.777938364291058804e+01,-3.646754575700629175e+01,-1.682746502943461309e+01,-2.490790357066553895e+01,-2.899732785312228600e+01,-2.234454444560790520e+01,-1.227464637478630749e+01,-2.293625147170292067e+01,-1.112736199888730937e+01
2.955736389858206969e+00,7.808305661308196477e+00,-4.041499043173439532e+01,-2.475549696489791529e+01,-3.273209268920123094e+01,-2.788455663140252838e+00,-1.428583524131751048e+01,-2.743198176705179847e+01,-3.716012261386158144e+01,-1.711952336889801529e+01,-2.569603275751425997e+01,-2.939958052017242807e+01,-2.268935667754838903e+01,-1.285266729579352685e+01,-2.340176810691065867e+01,-1.149040600165109360e+01
2.625718742159650176e+00,7.847755131220576885e+00,-4.110296787988442446e+01,-2.546070752935295900e+01,-3.272083952070063617e+01,-2.897737512685305550e+00,-1.576990168689344607e+01,-2.700713311901750657e+01,-3.776952847630548149e+01,-1.736824764445396596e+01,-2.632899827124727921e+01,-2.967672104469428263e+01,-2.296888226485188511e+01,-1.350822358176878879e+01,-2.381733400522504240e+01,-1.176198089465665753e+01
2.256303532262788902e+00,7.914919523539969859e+00,-4.163875971842564638e+01,-2.599949920193970598e+01,-3.256613005150081364e+01,-3.034459364156922412e+00,-1.705270366464301901e+01,-2.652260507741571161e+01,-3.829039408497001773e+01,-1.757544867815424894e+01,-2.680748605237075566e+01,-2.983536365215583785e+01,-2.318159378258209102e+01,-1.422588630026122658e+01,-2.418112262599154860e+01,-1.193827626636939243e+01
1.842547065321428201e+00,8.007947957648633874e+00,-4.203702238529382385e+01,-2.637811796805536346e+01,-3.229190972385407576e+01,-3.193025128506769228e+00,-1.812880062011723936e+01,-2.599989548420268903e+01,-3.872568777891928704e+01,-1.774626578438731528e+01,-2.714479475990929913e+01,-2.989080375905539455e+01,-2.333029244333482666e+01,-1.498611200060463844e+01,-2.449584888171445130e+01,-1.202228399271415071e+01
1.382243295239327541e+00,8.123821822744943688e+00,-4.231081108085886910e+01,-2.660564604230087937e+01,-3.192359964862176014e+01,-3.366600939286522820e+00,-1.899505908426606027e+01,-2.545965483799280804e+01,-3.907884078207354150e+01,-1.788507199404824277e+01,-2.735336606711728180e+01,-2.985742484029700705e+01,-2.341719942229229900e+01,-1.576491235084829867e+01,-2.476255154559591531e+01,-1.201888205563280820e+01
8.746153454381142556e-01,8.257487099641483752e+00,-4.248386752814442957e+01,-2.670436882396015221e+01,-3.149397932419610768e+01,-3.548190764690315468e+00,-1.966610057023265767e+01,-2.492506240440884824e+01,-3.936186090405044524e+01,-1.799949415841078348e+01,-2.745677793381700837e+01,-2.975699213794382203e+01,-2.344908301042409704e+01,-1.653702530150383865e+01,-2.498695452729295852e+01,-1.194009462512534370e+01
3.220073710326405436e-01,8.403443691883019540e+00,-4.257587003156621108e+01,-2.669730384958574021e+01,-3.103403949475504220e+01,-3.730258739606684859e+00,-2.015691690568993977e+01,-2.441655130309808897e+01,-3.958619948028990621e+01,-1.809524384322595836e+01,-2.747530428036047212e+01,-2.960816412406440534e+01,-2.343154732843702703e+01,-1.727504495335228896e+01,-2.517258515210387060e+01,-1.179908340319884985e+01
-2.710020636962220397e-01,8.555506915882030938e+00,-4.260873421829778351e+01,-2.661310365860809668e+01,-3.057541171516666623e+01,-3.905431744285095874e+00,-2.049053696986866413e+01,-2.395323884804642489e+01,-3.976671639155533455e+01,-1.817810368892655859e+01,-2.743204504790646681e+01,-2.943062666840973307e+01,-2.337159839747844003e+01,-1.795178449125434383e+01,-2.532415098394324815e+01,-1.161245869758815630e+01
-8.967850965923633844e-01,8.708022298735340172e+00,-4.259602647687900401e+01,-2.647672504868829435e+01,-3.014399450319933038e+01,-4.066805839164590708e+00,-2.068511141660792418e+01,-2.354955003735005548e+01,-3.991519247331601861e+01,-1.825087017142780610e+01,-2.734270190986610061e+01,-2.923790467261865444e+01,-2.327392504529904471e+01,-1.854070464490219905e+01,-2.544292365075438767e+01,-1.139592232338582889e+01
-1.547128509806666274e+00,8.854611104265527999e+00,-4.255884044363227048e+01,-2.632194684028237930e+01,-2.976796801494573685e+01,-4.209296959665605797e+00,-2.077246291051442029e+01,-2.322017507749577447e+01,-4.004995666890530970e+01,-1.831878596493798028e+01,-2.723070987048771840e+01,-2.904831795661187854e+01,-2.314739415147043999e+01,-1.901980857657417090e+01,-2.553496891566019400e+01,-1.117032943060908856e+01
-2.211304000304417983e+00,8.990369278244035200e+00,-4.250712535902641065e+01,-2.617440453348570273e+01,-2.946607721387287171e+01,-4.328256851603820010e+00,-2.077551340198213836e+01,-2.297306952940891733e+01,-4.018292098034793014e+01,-1.838228255609955042e+01,-2.710860630926061887e+01,-2.887127637625849630e+01,-2.299689013706854013e+01,-1.936904742429158688e+01,-2.560155132863650351e+01,-1.095271062777021065e+01
-2.878754817494930229e+00,9.110464915463117208e+00,-4.245616800043063677e+01,-2.606467020248052435e+01,-2.925683288675495675e+01,-4.421387958902521120e+00,-2.072717399826449736e+01,-2.281536264600785202e+01,-4.032982332711242890e+01,-1.844354785577375111e+01,-2.699404933552806085e+01,-2.871929082039400782e+01,-2.283043290604880582e+01,-1.957467291801746256e+01,-2.564790664691176048e+01,-1.076276337948388218e+01
-3.538036021216232729e+00,9.211594604160758593e+00,-4.241391469861856933e+01,-2.601622429766390354e+01,-2.915049196040893165e+01,-4.487504155061719402e+00,-2.065471728779729332e+01,-2.274856582170569652e+01,-4.050088378442232795e+01,-1.850139863631557091e+01,-2.689696468712225297e+01,-2.859856439110634696e+01,-2.265338047315447767e+01,-1.962712350621509572e+01,-2.567658585121045789e+01,-1.061622362603089798e+01
-4.178975599340976288e+00,9.290877501138318451e+00,-4.239399736107490924e+01,-2.605553215617766583e+01,-2.915644896599465952e+01,-4.527583761235364435e+00,-2.059409674245915056e+01,-2.277321683836167665e+01,-4.070858632475759720e+01,-1.855620943438785986e+01,-2.683208357318164516e+01,-2.851839506568738969e+01,-2.247382862269478920e+01,-1.952374513944848644e+01,-2.569416449738250208e+01,-1.052968581348426014e+01
-4.790603012788293036e+00,9.347880410139246976e+00,-4.239536612735443555e+01,-2.619369631310150481e+01,-2.927128043826940029e+01,-4.542691292217916121e+00,-2.056499272041639159e+01,-2.288166826947617238e+01,-4.095352583794858958e+01,-1.860209164726008169e+01,-2.679882486233341865e+01,-2.847636730332102672e+01,-2.229338366042970065e+01,-1.926467071954307286e+01,-2.570040883264222842e+01,-1.051066644478091661e+01
-5.364204585545865989e+00,9.382600975446223401e+00,-4.242048949689711179e+01,-2.644170512928280559e+01,-2.949055453573135566e+01,-4.536226458196978228e+00,-2.059057918938390941e+01,-2.306578891896663563e+01,-4.123679074403580103e+01,-1.863527849740042797e+01,-2.679949899136774150e+01,-2.847247619325758450e+01,-2.211580261489949706e+01,-1.885726592677110958e+01,-2.569839596340151289e+01,-1.056574333025320911e+01
-5.891413605867382941e+00,9.397104178013798048e+00,-4.245920483112097799e+01,-2.679576127103194239e+01,-2.979922556398864941e+01,-4.511377110808578728e+00,-2.067752322565349488e+01,-2.331090298686451945e+01,-4.154849603150229598e+01,-1.864722410433283528e+01,-2.682317638900315870e+01,-2.849694041131595412e+01,-2.193915935289424368e+01,-1.831140720981867531e+01,-2.568533692519568490e+01,-1.069235524128950132e+01
-6.366292258396520687e+00,9.393956391883966361e+00,-4.250102402732701989e+01,-2.724779414580736514e+01,-3.018019223590351174e+01,-4.472539749675690679e+00,-2.082885300202560686e+01,-2.360137833531389617e+01,-4.187651295926921335e+01,-1.863057954461906007e+01,-2.685816925176216330e+01,-2.853995963764842259e+01,-2.176178715565721689e+01,-1.764209202716590852e+01,-2.565938518082820252e+01,-1.088456903419567645e+01
-6.783618749381411739e+00,9.377464474552512641e+00,-4.252202548249331926e+01,-2.777397076721972979e+01,-3.060698185060492449e+01,-4.423389255349248650e+00,-2.102789382028401732e+01,-2.391609650671955478e+01,-4.219774573184137267e+01,-1.857408118981683742e+01,-2.687928368804236712e+01,-2.858206409751165467e+01,-2.157617449156680678e+01,-1.686549041973072605e+01,-2.561222035344270864e+01,-1.112692673800115628e+01
-7.142032554780429976e+00,9.351092839600065432e+00,-4.250663282252069308e+01,-2.835365878517258409e+01,-3.105779411325378803e+01,-4.369124852909398449e+00,-2.126267845721802630e+01,-2.423750942906692529e+01,-4.249343580010263111e+01,-1.847212228002669576e+01,-2.686946670379005653e+01,-2.861061918439622787e+01,-2.137907051296931371e+01,-1.600307773656754406e+01,-2.554074367450286687e+01,-1.140488109488243040e+01
-7.441298828826777623e+00,9.319259877416065763e+00,-4.243085343705260470e+01,-2.895466103558701931e+01,-3.150504796644991501e+01,-4.313201336112530981e+00,-2.150661190812984813e+01,-2.454477257354005459e+01,-4.273735856604747596e+01,-1.831668839267452853e+01,-2.680294218085118629e+01,-2.860654808517224268e+01,-2.116290869569663613e+01,-1.507544894692462201e+01,-2.543695379505334841e+01,-1.169660632584780302e+01
-7.684760664189200341e+00,9.285145094109008568e+00,-4.228046018952849749e+01,-2.954977292236856812e+01,-3.192764153405862970e+01,-4.259873227606121304e+00,-2.173921552215059094e+01,-2.482184481805045806e+01,-4.290951056371035577e+01,-1.810612243976864733e+01,-2.666365249569464524e+01,-2.855866623550735284e+01,-2.092479320963568767e+01,-1.410633888938517977e+01,-2.529811987140277907e+01,-1.198263906583678740e+01
-7.877175091724232914e+00,9.251968576934565647e+00,-4.204045007667859579e+01,-3.010769546102710592e+01,-3.230386033967071313e+01,-4.211621754955595875e+00,-2.193481893776420577e+01,-2.505274300816166289e+01,-4.298861577869703865e+01,-1.783931347400632106e+01,-2.643453567233653700e+01,-2.845484201019177917e+01,-2.066064036272680227e+01,-1.311782065693262567e+01,-2.512000927620754354e+01,-1.224081722783145310e+01
-8.026562664995131158e+00,9.221186595955769505e+00,-4.171020275748006867e+01,-3.060713533740401004e+01,-3.262141270291087380e+01,-4.171171219522337381e+00,-2.208026672804871993e+01,-2.522809427172767727e+01,-4.296360382673833556e+01,-1.752250152199458455e+01,-2.611269019240534206e+01,-2.829369970021531344e+01,-2.037262620907725363e+01,-1.213344868733351234e+01,-2.490536067961988564e+01,-1.245468109015792990e+01
-8.141010988993427233e+00,9.194549373066916331e+00,-4.128577379653030022e+01,-3.102194518453502070e+01,-3.286605524804542711e+01,-4.138427137574502090e+00,-2.215551467997321566e+01,-2.533771594566610474e+01,-4.282162855762540232e+01,-1.716058051947590002e+01,-2.569181103941649980e+01,-2.807063866347115066e+01,-2.006025063448526780e+01,-1.117236223345882529e+01,-2.465348761860202842e+01,-1.260544984527980006e+01
-8.230529020096824411e+00,9.172355693779870478e+00,-4.077375012048279501e+01,-3.133479514326140958e+01,-3.303156512860562088e+01,-4.113485979883165555e+00,-2.214972352492993579e+01,-2.537755237349281856e+01,-4.255970435177751199e+01,-1.676458079621851383e+01,-2.517660826264873819e+01,-2.778948262833267790e+01,-1.972810299146768998e+01,-1.025381457401590879e+01,-2.436901059137154135e+01,-1.268076750355194982e+01
-8.304694073722725278e+00,9.154932761658496787e+00,-4.017990700362243217e+01,-3.152774163912879501e+01,-3.311185756099410327e+01,-4.094075470702892794e+00,-2.204955995143736658e+01,-2.534421064512014254e+01,-4.217657615637313029e+01,-1.634491558926954013e+01,-2.457129266298375825e+01,-2.745285771717318113e+01,-1.937957422991582490e+01,-9.392654506664900538e+00,-2.405472854218193746e+01,-1.266935601497398522e+01
-8.373572604021759958e+00,9.141684922504534683e+00,-3.951664665209922589e+01,-3.159028931917219296e+01,-3.310675920413343931e+01,-4.077770642766489928e+00,-2.184787360898065955e+01,-2.523910643430295409e+01,-4.167948734566869007e+01,-1.591569559561669678e+01,-2.388746273945425713e+01,-2.706879842977001260e+01,-1.902150752054397742e+01,-8.602406772130160917e+00,-2.371682515653019863e+01,-1.256645083085544456e+01
-8.445482965967411104e+00,9.132581288441123490e+00,-3.879128701833319326e+01,-3.150970381099146778e+01,-3.301418508446879230e+01,-4.060158577710087258e+00,-2.153166094606423542e+01,-2.506313972292103642e+01,-4.107591297826949983e+01,-1.548844085258099668e+01,-2.313242035567855837e+01,-2.664137416080053455e+01,-1.865807575900920767e+01,-7.891672068594039580e+00,-2.335793237136910250e+01,-1.236831387967868068e+01
-8.529077525446647101e+00,9.126424892611577633e+00,-3.802071295681319896e+01,-3.128507144217936542e+01,-3.284014963032529266e+01,-4.038017525643514460e+00,-2.109942990194657142e+01,-2.482350397906760264e+01,-4.038473992865648654e+01,-1.507930931654077966e+01,-2.232409298712244095e+01,-2.618258599880801540e+01,-1.829868348408209044e+01,-7.269220733331407835e+00,-2.298624630700150462e+01,-1.208061571697282943e+01
-8.631169122516649139e+00,9.122437532393091075e+00,-3.722074456938280207e+01,-3.091786452035621835e+01,-3.259062459488056618e+01,-4.006780129014128278e+00,-2.055090285366689784e+01,-2.452774885205290900e+01,-3.962720114757369316e+01,-1.470182408677008468e+01,-2.147970108489222341e+01,-2.570288825950354905e+01,-1.795140477495306186e+01,-6.739568415180977823e+00,-2.260847590565609977e+01,-1.171222518504254495e+01
-8.757919245005091113e+00,9.119263749618616188e+00,-3.641307668547077725e+01,-3.041914739367788556e+01,-3.227713534663486428e+01,-3.963403402949532861e+00,-1.989524159815413640e+01,-2.418782971041562391e+01,-3.883257441436892066e+01,-1.437147015297480479e+01,-2.062303776554216483e+01,-2.521778775038902509e+01,-1.762755147367415987e+01,-6.306971637704580580e+00,-2.223502623095382091e+01,-1.127972237350435591e+01
-8.913577521439878026e+00,9.115915587008087684e+00,-3.562028945746635600e+01,-2.980472522251302792e+01,-3.191209551394968003e+01,-3.904693443890695725e+00,-1.914729563987706484e+01,-2.381636253252982272e+01,-3.803258034170777790e+01,-1.410109388535806829e+01,-1.977884331260244721e+01,-2.474272593393283870e+01,-1.733773975310118942e+01,-5.972705330616616237e+00,-2.187608993091467369e+01,-1.080335780864915840e+01
-9.101638120100034257e+00,9.110866249714161924e+00,-3.487200891251754342e+01,-2.910117241036163449e+01,-3.151363261276365435e+01,-3.829580555872766912e+00,-1.833472236603182992e+01,-2.342997363637876163e+01,-3.726569818764669151e+01,-1.390457841749963563e+01,-1.897898115502042771e+01,-2.429870307951216901e+01,-1.709574480694485032e+01,-5.738332556967759679e+00,-2.154608496901085601e+01,-1.031040486650067933e+01
-9.323111847718713818e+00,9.103350777830620189e+00,-3.419494842328265349e+01,-2.833637814030516466e+01,-3.109808542909810569e+01,-3.736923002217992895e+00,-1.748767386423271120e+01,-2.304374550379988662e+01,-3.656803629125541732e+01,-1.379057495582416237e+01,-1.825184598649149592e+01,-2.390361573821921226e+01,-1.691234373945135161e+01,-5.601918503477265610e+00,-2.125712871529272618e+01,-9.828454180845373145e+00
-9.577369459962646658e+00,9.092758123874880027e+00,-3.361330358326568302e+01,-2.754069085696610131e+01,-3.068222494548837531e+01,-3.627783705065894981e+00,-1.663826563484229126e+01,-2.267320153224956414e+01,-3.597438138010031139e+01,-1.376523682816471350e+01,-1.762337553426308290e+01,-2.357439355753860255e+01,-1.679726816010781576e+01,-5.561078407423355685e+00,-2.102092087477102211e+01,-9.386391921744884570e+00
-9.861783880304850314e+00,9.078921620164765116e+00,-3.314788523634337025e+01,-2.674500050503925053e+01,-3.028143998807137649e+01,-3.503988823312172318e+00,-1.582020013156712679e+01,-2.233226577789992717e+01,-3.551528688737905526e+01,-1.382994160251581484e+01,-1.711559105873741515e+01,-2.332514348015629224e+01,-1.675733497839637209e+01,-5.611122473493893814e+00,-2.084704440267612569e+01,-9.011668381526426685e+00
-1.017210193255053774e+01,9.061842753502464376e+00,-3.281323192958754476e+01,-2.597849005786277488e+01,-2.990953786943360626e+01,-3.369386733420471458e+00,-1.506378184305807899e+01,-2.203358531252485619e+01,-3.521547957212487745e+01,-1.398228881277343127e+01,-1.674404707116780600e+01,-2.316631852947744363e+01,-1.679657426151921129e+01,-5.746535147160560797e+00,-2.074265603986312101e+01,-8.729229657103161344e+00
-1.050198356943600331e+01,9.042112567709445159e+00,-3.261421720994866291e+01,-2.526448922535039543e+01,-2.957574804588242046e+01,-3.228340259878347496e+00,-1.439186177951187240e+01,-2.178593209839178968e+01,-3.508981338751922863e+01,-1.421374254950980998e+01,-1.651415430511482896e+01,-2.310133137526205616e+01,-1.691361414977609456e+01,-5.958985191049405827e+00,-2.070961684929324775e+01,-8.557863311928553429e+00
-1.084434090413884100e+01,9.019979458968673924e+00,-3.254967811239806963e+01,-2.462353625785220146e+01,-2.928837838751236688e+01,-3.087554255294265637e+00,-1.382227338062055999e+01,-2.159702154566277699e+01,-3.514637328614134049e+01,-1.451362779296872318e+01,-1.642520223009903191e+01,-2.313056710323291298e+01,-1.710487237463855692e+01,-6.240211309353024483e+00,-2.074762090358543531e+01,-8.512218783745764128e+00
-1.119170540254268609e+01,8.995192142980432237e+00,-3.261612725439626814e+01,-2.407471742284507954e+01,-2.905520813188315543e+01,-2.954375152842649399e+00,-1.337211784088626310e+01,-2.147291115137188200e+01,-3.538678335816358356e+01,-1.486878531009400817e+01,-1.647318451057960331e+01,-2.325244253668810046e+01,-1.736459290353683116e+01,-6.580489387152328007e+00,-2.085450069375973925e+01,-8.602018252082231697e+00
-1.153624788065265605e+01,8.967144572931019297e+00,-3.280222279768622684e+01,-2.363071885710553843e+01,-2.888124621438596762e+01,-2.837362374715573843e+00,-1.304943930733252877e+01,-2.141716953789601519e+01,-3.580341966156832711e+01,-1.526387617215111980e+01,-1.664575297470091897e+01,-2.346042234081437527e+01,-1.768383235127990361e+01,-6.969237703990359911e+00,-2.102430466672930365e+01,-8.830083840910795345e+00
-1.187076391189882685e+01,8.934328603459356088e+00,-3.309698840841392098e+01,-2.330318745412773751e+01,-2.877196759172088036e+01,-2.745365662315439437e+00,-1.286274545215107068e+01,-2.143226292273741862e+01,-3.638356840494932953e+01,-1.568345622927925653e+01,-1.692984866812639311e+01,-2.374774248907981544e+01,-1.805292256090695702e+01,-7.395034147166785310e+00,-2.125031288626588477e+01,-9.194293468731844499e+00
-1.218888012157860956e+01,8.894405831056074518e+00,-3.348725060339083370e+01,-2.310014191421693397e+01,-2.873217451415692381e+01,-2.687761553044492935e+00,-1.281637702848649774e+01,-2.151938298941536232e+01,-3.710871315185845276e+01,-1.611277107552148635e+01,-1.730938595347176800e+01,-2.410614614689043833e+01,-1.846145425432692022e+01,-7.846318742662667489e+00,-2.152441740808270154e+01,-9.687145223206197642e+00
-1.248546051235628873e+01,8.844227958780152221e+00,-3.396173127351027432e+01,-2.302801774621417508e+01,-2.876667755757539879e+01,-2.672963368185071964e+00,-1.291509168284892084e+01,-2.167832991687278366e+01,-3.795650548987858031e+01,-1.653811268606536800e+01,-1.776888931968716889e+01,-2.452751978873785532e+01,-1.889901073363669326e+01,-8.310587759486484316e+00,-2.183815630947054842e+01,-1.029646095499425584e+01
-1.275572093975526400e+01,8.780843492361881886e+00,-3.450003870412598417e+01,-2.308232540193689886e+01,-2.887449539046647828e+01,-2.708123975856586263e+00,-1.314951888475430408e+01,-2.190463907288373591e+01,-3.889542451019052294e+01,-1.694474061724336877e+01,-1.828337423175626242e+01,-2.499687960543216647e+01,-1.935179686523260756e+01,-8.773992305692379645e+00,-2.217798412877051462e+01,-1.100196670305712487e+01
-1.299690093318663031e+01,8.700565108072595422e+00,-3.508573866366133842e+01,-2.325797338750900778e+01,-2.905538753005166441e+01,-2.799160379357199524e+00,-1.351110574390441421e+01,-2.219347466459297635e+01,-3.989381740743996119e+01,-1.732139728746734164e+01,-1.883120577616253399e+01,-2.550119837871951489e+01,-1.980796477360941310e+01,-9.223369972534918304e+00,-2.253166893391441761e+01,-1.178110356837207107e+01
-1.320699113628822730e+01,8.600298314397633703e+00,-3.569490296456626766e+01,-2.353962123461774070e+01,-2.930332541577664074e+01,-2.949709751251378353e+00,-1.397749814942043756e+01,-2.253603629558118371e+01,-4.091407610190834987e+01,-1.765692119647454916e+01,-1.938336294706178364e+01,-2.602151564509085446e+01,-2.025351643212629682e+01,-9.644991073618282229e+00,-2.288303857456949686e+01,-1.260542287932043948e+01
-1.338555479064702958e+01,8.477251783903575699e+00,-3.630366613282970434e+01,-2.390776240705504208e+01,-2.961001594946385040e+01,-3.161002477023977519e+00,-1.452130838057356854e+01,-2.292168580898353980e+01,-4.191837051602232123e+01,-1.794264770563163935e+01,-1.991103512338280268e+01,-2.653798701643844282e+01,-2.067530454580898791e+01,-1.002583141189481175e+01,-2.321564579252654426e+01,-1.344444637790210351e+01
-1.353304974588409593e+01,8.329755696339589122e+00,-3.688165948047807063e+01,-2.433368247715741006e+01,-2.996154474048023530e+01,-3.431790780280405073e+00,-1.510197925254847817e+01,-2.333645172308577287e+01,-4.286637387898466045e+01,-1.817100503790588206e+01,-2.037992344372750608e+01,-2.702593558098932647e+01,-2.105917292522761386e+01,-1.035377925599794047e+01,-2.351031626030677302e+01,-1.426463020880897048e+01
-1.365259324545025876e+01,8.156183470033589344e+00,-3.740854297859577571e+01,-2.479341609131473234e+01,-3.034709635504430736e+01,-3.758908982385114061e+00,-1.568593081254181243e+01,-2.376829095958289884e+01,-4.372651131187676299e+01,-1.834061050716947605e+01,-2.076638766995267105e+01,-2.746724191201255749e+01,-2.139657859132134021e+01,-1.062029554310479185e+01,-2.375341241159112116e+01,-1.503714719999728899e+01
-1.374771840777125220e+01,7.956809427702415505e+00,-3.785860349725737706e+01,-2.525512661696814121e+01,-3.074983013526128062e+01,-4.135962684742560569e+00,-1.622895736513120113e+01,-2.420175607913393634e+01,-4.446683087013239799e+01,-1.845012990415838061e+01,-2.104254771724317763e+01,-2.783938795803604904e+01,-2.167799108788711493e+01,-1.081787496783059410e+01,-2.392915798734454569e+01,-1.573227788989260389e+01
-1.382420256929915681e+01,7.732431084551855349e+00,-3.821813765350209735e+01,-2.569440166281307469e+01,-3.115684960965734263e+01,-4.554936600431073401e+00,-1.669794213002069228e+01,-2.462416609865493911e+01,-4.506701742905489994e+01,-1.850426715005961853e+01,-2.119359071684125695e+01,-2.812818059339246446e+01,-2.190014294311760068e+01,-1.094361495095538572e+01,-2.402877344230091694e+01,-1.632783361443982173e+01
-1.388822486743992535e+01,7.485706057631104748e+00,-3.847467492688792845e+01,-2.608571837272141991e+01,-3.155289638660266149e+01,-5.005331731050247868e+00,-1.705944874484561780e+01,-2.502190191708212552e+01,-4.551162612779244654e+01,-1.850885602072598601e+01,-2.120723969340112802e+01,-2.832007932245196002e+01,-2.206114392173189742e+01,-1.099712292162721816e+01,-2.404501986081767129e+01,-1.680520673403124832e+01
-1.394750139733187666e+01,7.220094452613337488e+00,-3.862996377270660986e+01,-2.641419096435436842e+01,-3.192796741105852476e+01,-5.475315936529190353e+00,-1.729639633154690159e+01,-2.538501084868112656e+01,-4.579858681902339868e+01,-1.847466865445986528e+01,-2.108648585789708818e+01,-2.841168099736686514e+01,-2.216556875834575635e+01,-1.098275175430885753e+01,-2.397893279309073478e+01,-1.715546288813983367e+01
-1.400829065961097974e+01,6.941763419350792219e+00,-3.868043945289814900e+01,-2.665981506356206410e+01,-3.226633556568854289e+01,-5.950464203002246322e+00,-1.738641541085718600e+01,-2.570061005934796938e+01,-4.592641235225545415e+01,-1.840932181198830975e+01,-2.083058332235692944e+01,-2.839592391699465068e+01,-2.221565787403748260e+01,-1.090573056025852594e+01,-2.382976946846780564e+01,-1.737110825308106854e+01
-1.407753959082392825e+01,6.657532858487375194e+00,-3.863512278880504880e+01,-2.681396242566116683e+01,-3.255833001855080511e+01,-6.416475610590290479e+00,-1.732375589119678239e+01,-2.596036432568869046e+01,-4.590641137654342430e+01,-1.832436744909243487e+01,-2.045296984496346937e+01,-2.827605476258957040e+01,-2.221941648351854326e+01,-1.077639206361955360e+01,-2.360495384528641694e+01,-1.745474602654259044e+01
-1.416011205845137155e+01,6.376408378436027036e+00,-3.849868007377375534e+01,-2.686556577707385429e+01,-3.279074202186716747e+01,-6.857681706857286841e+00,-1.710053242289093234e+01,-2.615445617453533345e+01,-4.575065183216491960e+01,-1.822752377683012170e+01,-1.996440321514482719e+01,-2.805320740596840778e+01,-2.218245465902855784e+01,-1.060572725693719676e+01,-2.331080574016432649e+01,-1.741108755009550890e+01
-1.426009378820265638e+01,6.107944691307412022e+00,-3.828250706525018643e+01,-2.681164389758039590e+01,-3.295472837240708230e+01,-7.259199838149339001e+00,-1.672021458822689155e+01,-2.627659945752058590e+01,-4.547926386029338630e+01,-1.812729140049922805e+01,-1.938401354047038438e+01,-2.773527942338037633e+01,-2.211303706803272462e+01,-1.040781653410073915e+01,-2.295867462581043839e+01,-1.725204714771115988e+01
-1.437863233646479166e+01,5.863230101716452758e+00,-3.799048364760393071e+01,-2.664566386150693589e+01,-3.303816924944322864e+01,-7.606122090967319949e+00,-1.618170077130343287e+01,-2.631929576726066955e+01,-4.511008227103936008e+01,-1.802705115253438350e+01,-1.872515035627145608e+01,-2.732668768091322420e+01,-2.201545734561273804e+01,-1.019624750542389968e+01,-2.255715534527767119e+01,-1.698975138415429953e+01
-1.451667896642396727e+01,5.652124991485038663e+00,-3.763905679002266425e+01,-2.637546801168731747e+01,-3.303875878643170694e+01,-7.886556816800982972e+00,-1.550305273193176880e+01,-2.628211186327235538e+01,-4.467153168687762133e+01,-1.793346787708899015e+01,-1.801496001920561696e+01,-2.684352454532267274e+01,-2.189911035155669339e+01,-9.988096442885140647e+00,-2.212280272844626694e+01,-1.664525438340139374e+01
-1.467205008549915846e+01,5.484886093812843200e+00,-3.723779716447489818e+01,-2.600631722880724439e+01,-3.295225111352164049e+01,-8.089314795821074711e+00,-1.469945220706315858e+01,-2.616395373598485463e+01,-4.418770887703642813e+01,-1.784747029939756757e+01,-1.727440004194129486e+01,-2.629842918866979673e+01,-2.176877927910209820e+01,-9.797838332479543055e+00,-2.166866090229638431e+01,-1.623813846008200912e+01
-1.484207244802567338e+01,5.369595300166295715e+00,-3.680659418833678842e+01,-2.555616774072420583e+01,-3.278397701251638807e+01,-8.207121682383858641e+00,-1.380284605725258373e+01,-2.597053753385139885e+01,-4.368965935652226307e+01,-1.777260093799863228e+01,-1.653504390368516042e+01,-2.571386996763496313e+01,-2.163301020265790697e+01,-9.641370017412487670e+00,-2.121370375613447834e+01,-1.579406094481268141e+01
-1.502171265557523583e+01,5.313172969207604623e+00,-3.636236934120580599e+01,-2.504353789818704001e+01,-3.254028716609963823e+01,-8.234750253569163903e+00,-1.284677474413660470e+01,-2.570864232740223798e+01,-4.320455791637829179e+01,-1.770871636729265930e+01,-1.582510655314162484e+01,-2.511120053593480250e+01,-2.149719240553472943e+01,-9.531205584115472362e+00,-2.077457580518650460e+01,-1.533700793253648165e+01
-1.520584646854946520e+01,5.319308213952806952e+00,-3.593280508069266688e+01,-2.449931352266489881e+01,-3.223742922558943746e+01,-8.171250549262278895e+00,-1.188134411632568010e+01,-2.539178484592242313e+01,-4.276452393586994560e+01,-1.765860667682847662e+01,-1.518253426874821344e+01,-2.452087484890128977e+01,-2.137036432777098582e+01,-9.479478100439589383e+00,-2.037302861831241785e+01,-1.489515672715121397e+01
-1.538677421356197073e+01,5.390288462607946585e+00,-3.553634229561890123e+01,-2.394864676387236813e+01,-3.188875967618858098e+01,-8.017229749871830791e+00,-1.094947035195482776e+01,-2.503175483936624346e+01,-4.239177804733836297e+01,-1.761943572960293380e+01,-1.463455483948557756e+01,-2.396646490157827714e+01,-2.125555442115289395e+01,-9.492085364164278616e+00,-2.002416995028310254e+01,-1.449024912982052804e+01
-1.555707382218258772e+01,5.524858501951786849e+00,-3.519612811150570053e+01,-2.342313137045717752e+01,-3.151428199023064991e+01,-7.777818108898572724e+00,-1.010108497521967941e+01,-2.464511045126018729e+01,-4.210897343405834192e+01,-1.759098506232810877e+01,-1.421157529346823800e+01,-2.347570051571134186e+01,-2.115773992295894601e+01,-9.573388776066341421e+00,-1.974487355961436208e+01,-1.414459985135865239e+01
-1.570791289505601185e+01,5.719773151797561184e+00,-3.492624623019769103e+01,-2.294765508655471820e+01,-3.113093934324010803e+01,-7.459755597021020534e+00,-9.376307942799417816e+00,-2.424642186637682428e+01,-4.192865822773974571e+01,-1.756906001812732399e+01,-1.393283979023727071e+01,-2.306869274435121042e+01,-2.107684797886929573e+01,-9.721458092171777920e+00,-1.954524700800448755e+01,-1.387332863820950557e+01
-1.583109974130034381e+01,5.968590719347867335e+00,-3.473994776031607046e+01,-2.254737877817362346e+01,-3.075825150944480413e+01,-7.073244502867337857e+00,-8.812670797543352919e+00,-2.385213520243701879e+01,-4.185994881202027784e+01,-1.755103319316147648e+01,-1.381465036020492754e+01,-2.276440916239337753e+01,-2.101305049395652702e+01,-9.931585103345028642e+00,-1.943393836607287994e+01,-1.368895544963019617e+01
-1.591769879047795300e+01,6.263328174930477665e+00,-3.463697596060005424e+01,-2.223568057230275485e+01,-3.040923809226843844e+01,-6.629379287572354507e+00,-8.429465720414144769e+00,-2.347438496570615740e+01,-4.189956797763713325e+01,-1.753032332073934185e+01,-1.385761731447787781e+01,-2.257009756893256736e+01,-2.096068830509551617e+01,-1.019282295359348822e+01,-1.941060254623081960e+01,-1.359472123887275430e+01
-1.596108526555628870e+01,6.592769711482667105e+00,-3.461981870306852471e+01,-2.202794555077758432e+01,-3.010062069695316467e+01,-6.142601413643091313e+00,-8.244800508083148571e+00,-2.312770712849425436e+01,-4.204422079016029556e+01,-1.750494902585491630e+01,-1.406293989901810448e+01,-2.249377070340907281e+01,-2.091715268850738951e+01,-1.049363085436675647e+01,-1.947566556094526646e+01,-1.359321267774733144e+01
-1.595533676267641710e+01,6.944473153740535309e+00,-3.468218562838430330e+01,-2.192999807445966454e+01,-2.984333611311226164e+01,-5.627123322777991099e+00,-8.262048652040117958e+00,-2.282224400446547463e+01,-4.228166351662088829e+01,-1.747074126121978210e+01,-1.442029565518713596e+01,-2.253365277383571907e+01,-2.087635069664436926e+01,-1.081769648882381674e+01,-1.962278134051532419e+01,-1.367971079990116223e+01
-1.589721482247107964e+01,7.304045711094206084e+00,-3.481880302089708579e+01,-2.194676864900818103e+01,-2.964905107893972414e+01,-5.098959718144858044e+00,-8.479903589848222012e+00,-2.256824886297451016e+01,-4.259929930826015720e+01,-1.742750683718165305e+01,-1.491822665913468171e+01,-2.268651975517317254e+01,-2.083488222328286454e+01,-1.114893541773790986e+01,-1.984557946936230977e+01,-1.384837771156577801e+01
-1.578515463350483650e+01,7.656662337327392542e+00,-3.502036976272636082e+01,-2.207654632062024547e+01,-2.952468383509291527e+01,-4.573184241690015028e+00,-8.887256205511146590e+00,-2.237188622660053738e+01,-4.297984047671710073e+01,-1.737475092205107430e+01,-1.553875798552232368e+01,-2.294233722613856230e+01,-2.078833594406397367e+01,-1.146921758627924604e+01,-2.013383723322206365e+01,-1.408889302653505027e+01
-1.562073820359735699e+01,7.986656221367864461e+00,-3.528260945011309246e+01,-2.231910517149371032e+01,-2.947818968678281593e+01,-4.065358154399758561e+00,-9.473101956141890767e+00,-2.223918247673543291e+01,-4.340904276203293932e+01,-1.731648792378670265e+01,-1.626699038302127320e+01,-2.329197657115658870e+01,-2.073657248248100871e+01,-1.176266755065360670e+01,-2.047961271444422238e+01,-1.439212787532283855e+01
-1.540678200854553204e+01,8.279588330626971526e+00,-3.559619929522905579e+01,-2.266614072110119338e+01,-2.951053556934204636e+01,-3.588349564957920457e+00,-1.021603657400255827e+01,-2.217029220699244974e+01,-4.386823816926116137e+01,-1.725475082812840810e+01,-1.708110475277072737e+01,-2.371869353835464267e+01,-2.067768066246529912e+01,-1.201244352451086428e+01,-2.087094701479671954e+01,-1.474472020454433618e+01
-1.514817101816356981e+01,8.522087017435724832e+00,-3.595112178830992633e+01,-2.310609614728952721e+01,-2.961981769138776244e+01,-3.154195590723798404e+00,-1.108884219613242195e+01,-2.216285093444033549e+01,-4.433969510663432345e+01,-1.719345761726200550e+01,-1.795797182317958374e+01,-2.420348268652228541e+01,-2.061165576112150077e+01,-1.220504627835724243e+01,-2.129620299319860521e+01,-1.513330845085448573e+01
-1.485081546761971083e+01,8.702972288776550158e+00,-3.633530110019275838e+01,-2.362246148195378126e+01,-2.979888882479994550e+01,-2.771889348409410481e+00,-1.205855882397402112e+01,-2.220985264923265134e+01,-4.480492644102974964e+01,-1.713521530222494960e+01,-1.887188652456966054e+01,-2.472332867118125677e+01,-2.053809224157920355e+01,-1.232875773433348954e+01,-2.174236308201653500e+01,-1.554302169968444147e+01
-1.452166246338770250e+01,8.813399286277071809e+00,-3.673508136874821162e+01,-2.419544365923166396e+01,-3.003725422919743693e+01,-2.448529159509563069e+00,-1.308702262061482990e+01,-2.230150247626054494e+01,-4.524692874188901470e+01,-1.708288370318748406e+01,-1.979621856783948175e+01,-2.525361011187030158e+01,-2.045759707764604229e+01,-1.237615489061387919e+01,-2.219689743101544366e+01,-1.595950704428428857e+01
-1.416730118781317316e+01,8.847921405123901906e+00,-3.713160593150616506e+01,-2.479875904924024965e+01,-3.031810848419066318e+01,-2.187597863798432130e+00,-1.412844978874638180e+01,-2.242302993367093933e+01,-4.564711058252368048e+01,-1.703610364491974849e+01,-2.070013821411537691e+01,-2.576528119938812722e+01,-2.036867084993694732e+01,-1.234226079466331072e+01,-2.264507276882635978e+01,-1.636655341468929237e+01
-1.379473526786854443e+01,8.803728790722372466e+00,-3.750719540548752917e+01,-2.540653990992349520e+01,-3.062416204970982747e+01,-1.991124399803970046e+00,-1.513736401711262758e+01,-2.255921402234137574e+01,-4.599124711860174131e+01,-1.699548149419629084e+01,-2.155602914222421873e+01,-2.623183468246395478e+01,-2.027169928407738198e+01,-1.222806195426900722e+01,-2.307482476689774487e+01,-1.675066083895245583e+01
-1.341064242720791988e+01,8.680936156522903957e+00,-3.784769204331429648e+01,-2.599501596505547241e+01,-3.093784151748815958e+01,-1.858131394261753666e+00,-1.607368579736716541e+01,-2.269402601571876588e+01,-4.626939717580665956e+01,-1.696061736959566346e+01,-2.234145758134346949e+01,-2.663018888087531622e+01,-2.016777698638100702e+01,-1.203839620965488955e+01,-2.347652176701528148e+01,-1.710057270562943543e+01
-1.302081840337384477e+01,8.482589602105175430e+00,-3.813935209545368110e+01,-2.654119491258633445e+01,-3.124148478940926310e+01,-1.786035529670901845e+00,-1.689960172953873396e+01,-2.281174716099708988e+01,-4.647500831817701794e+01,-1.693055253948467964e+01,-2.303688688969060649e+01,-2.694050706270162721e+01,-2.005831914132324556e+01,-1.178285090207218033e+01,-2.384252920188975367e+01,-1.740721589950503301e+01
-1.263014193068176461e+01,8.214230260344724144e+00,-3.837514381936500030e+01,-2.702807192983153328e+01,-3.152033084643969119e+01,-1.770151998904799129e+00,-1.758915825707915559e+01,-2.289851942193507739e+01,-4.660755054854281809e+01,-1.690417918146081888e+01,-2.363155375240310718e+01,-2.715020579600386341e+01,-1.994595574616506894e+01,-1.147467330402551156e+01,-2.416914543777402002e+01,-1.766511843784186908e+01
-1.224239129850906060e+01,7.883488792916466537e+00,-3.855329675377102205e+01,-2.744450031027806602e+01,-3.176333218460388963e+01,-1.804992351279889107e+00,-1.812691712361955254e+01,-2.294373524204133474e+01,-4.667206838080235798e+01,-1.688097329829751914e+01,-2.412225565474054179e+01,-2.725424956171156055e+01,-1.983462640757390005e+01,-1.113102382511214117e+01,-2.445661519691516972e+01,-1.787263650943445725e+01
-1.185988832521517722e+01,7.499855535103677084e+00,-3.867880725988314339e+01,-2.778613756661336964e+01,-3.196336372415913729e+01,-1.883448744699168120e+00,-1.851114507756315675e+01,-2.293985050855576446e+01,-4.667851961788855419e+01,-1.685983511610589147e+01,-2.451420763815317727e+01,-2.725535458511227205e+01,-1.972853630049695894e+01,-1.077058648098820193e+01,-2.470849800568334587e+01,-1.803116875042852740e+01
-1.148261580874822307e+01,7.074884004131416937e+00,-3.875351141714628511e+01,-2.804808563623771889e+01,-3.211334075449376257e+01,-1.997762933306737043e+00,-1.874162814292058954e+01,-2.288094697242706843e+01,-4.663609874834132540e+01,-1.683742272260834483e+01,-2.481159709390199808e+01,-2.715810801932041585e+01,-1.962904817061938445e+01,-1.041251439314615901e+01,-2.492741529351216201e+01,-1.814184908774938876e+01
-1.110945541615496168e+01,6.620832624120247978e+00,-3.878584093491939200e+01,-2.823298778183281144e+01,-3.221170745539409808e+01,-2.140024725316729270e+00,-1.883150817073835981e+01,-2.276594364811641213e+01,-4.655862398316311612e+01,-1.681125646863237577e+01,-2.502661608716693564e+01,-2.697525351708989660e+01,-1.953810420649944746e+01,-1.007629029807823962e+01,-2.511919290400046734e+01,-1.820895396949296341e+01
-1.073727261739450078e+01,6.151012452190021129e+00,-3.877954281849190465e+01,-2.834195600178180285e+01,-3.225702482873317933e+01,-2.302324210422642903e+00,-1.879278066073777609e+01,-2.259577546792795744e+01,-4.645745996408022194e+01,-1.677690660024491720e+01,-2.516815055728449124e+01,-2.671981097654788684e+01,-1.945424235576693661e+01,-9.779629091972838140e+00,-2.528743874708784389e+01,-1.823555757779433861e+01
-1.036179534016502224e+01,5.678888545221832729e+00,-3.873841326494935799e+01,-2.837822376245268785e+01,-3.225038981499029944e+01,-2.476930329274816156e+00,-1.864138539319198884e+01,-2.237461751601452420e+01,-4.634378308560562232e+01,-1.672957080045538092e+01,-2.524584408898230947e+01,-2.640743011038525268e+01,-1.937422907236834035e+01,-9.537759584261110035e+00,-2.543515503145194145e+01,-1.822486381598237770e+01
-9.977591313353533664e+00,5.217924858399268118e+00,-3.865979371623032534e+01,-2.834190779733169308e+01,-3.219263746743435206e+01,-2.657016106491322915e+00,-1.838798032462531040e+01,-2.210856316657755372e+01,-4.622490814996565689e+01,-1.666352830449183386e+01,-2.526354385119775969e+01,-2.605176707944719894e+01,-1.929156066324092578e+01,-9.362810564123837054e+00,-2.556199888396318443e+01,-1.817814946392049436e+01
-9.580254356061381316e+00,4.779920074101830174e+00,-3.854820647421972524e+01,-2.824083607132509854e+01,-3.209126909482604617e+01,-2.837245131497256878e+00,-1.805330073917373568e+01,-2.180934162707781354e+01,-4.611210788410447492e+01,-1.657664505026225044e+01,-2.523171284288917349e+01,-2.567264340422793367e+01,-1.920193045999159409e+01,-9.264680909764155814e+00,-2.567047415988656667e+01,-1.809994533045244225e+01
-9.165007758329899445e+00,4.376072844688147612e+00,-3.840001629292557084e+01,-2.807721536881300040e+01,-3.195144339826683932e+01,-3.012849368325258403e+00,-1.764874145509499925e+01,-2.148869924546064070e+01,-4.601049245008846356e+01,-1.646535796770225701e+01,-2.515191218988815436e+01,-2.528421877020030806e+01,-1.909735226018478826e+01,-9.248125438601846326e+00,-2.575810425919034685e+01,-1.799150813541979588e+01
-8.729160294090219097e+00,4.015242560541429917e+00,-3.821885584011664605e+01,-2.786013893859601254e+01,-3.178405133364842072e+01,-3.180765302502724268e+00,-1.719375803833063543e+01,-2.116279166725667338e+01,-4.592853308840436455e+01,-1.633042111993318457e+01,-2.503136101544115277e+01,-2.490481144768147814e+01,-1.897291618869861907e+01,-9.315227491999118925e+00,-2.582506427365869683e+01,-1.785722989097319413e+01
-8.271104071566806937e+00,3.704793599217083067e+00,-3.800497963071393315e+01,-2.759602383727084884e+01,-3.159890325956803281e+01,-3.338712680834499569e+00,-1.670225682873383732e+01,-2.084764202853120452e+01,-4.587084679589607816e+01,-1.617299468514324445e+01,-2.487209452555256917e+01,-2.454822738316422459e+01,-1.882276239370058946e+01,-9.463437404683245902e+00,-2.586879352822789713e+01,-1.770002104485105932e+01
-7.792001703170777560e+00,3.449453721443554333e+00,-3.776689738089280723e+01,-2.729789343876317886e+01,-3.141038268310868631e+01,-3.485600218055117772e+00,-1.619563455176213296e+01,-2.056187861254504767e+01,-4.584526259335564191e+01,-1.599842715112383296e+01,-2.468194311533574137e+01,-2.423094309125711376e+01,-1.864510484132481594e+01,-9.687502334741800780e+00,-2.588982266878446836e+01,-1.752605325416506687e+01
-7.293640561074193229e+00,3.253037484065474327e+00,-3.750288357919143323e+01,-2.696932562320997562e+01,-3.122611862994162735e+01,-3.619871023609830374e+00,-1.568023560081242529e+01,-2.031935737163560418e+01,-4.585072674664199610e+01,-1.580924076148900248e+01,-2.445652820084637469e+01,-2.395818580841131507e+01,-1.843476970130262416e+01,-9.976587145787039645e+00,-2.588249078510742862e+01,-1.733673300417817487e+01
-6.780851881078090670e+00,3.116676728885034109e+00,-3.721861866775198990e+01,-2.661941352851169285e+01,-3.105707178310554539e+01,-3.741195914254288102e+00,-1.516728830873934797e+01,-2.013497998257552268e+01,-4.588934422494718035e+01,-1.561215187273333882e+01,-2.419693161555877481e+01,-2.373661514458981969e+01,-1.819157423756030312e+01,-1.031890916277881232e+01,-2.584476312626101446e+01,-1.713685446223386322e+01
-6.259177488123635058e+00,3.040586007818429692e+00,-3.691113283133515210e+01,-2.624875963947455659e+01,-3.090732592887424346e+01,-3.848341451267889290e+00,-1.465381213293412266e+01,-2.001778556880802284e+01,-4.595557045630820880e+01,-1.541097419330824181e+01,-2.389415249985161438e+01,-2.356215643757926159e+01,-1.791332057942084077e+01,-1.069881841393473820e+01,-2.576992248123784179e+01,-1.692723943330411629e+01
-5.736206818170703770e+00,3.022994556629713614e+00,-3.658053620145707185e+01,-2.585959741903400300e+01,-3.078094423920178713e+01,-3.940296503964984876e+00,-1.413613510932848882e+01,-1.997485554338758362e+01,-4.604441320095716605e+01,-1.521114918124338899e+01,-2.354131326624341369e+01,-2.342896661118435020e+01,-1.760135979574354437e+01,-1.110035669362595101e+01,-2.565330482483026842e+01,-1.671014724956657460e+01
-5.219470831456633597e+00,3.061595186419843628e+00,-3.621738091580162688e+01,-2.544500119838653518e+01,-3.067424806258712522e+01,-4.014889707151073850e+00,-1.359545475396419967e+01,-2.000626869026031329e+01,-4.614320577780199528e+01,-1.501437537758149432e+01,-2.312191722468941535e+01,-2.332055554257500063e+01,-1.725510276994319980e+01,-1.150560153995827939e+01,-2.548597564459315379e+01,-1.648357580377665599e+01
-4.718837544887611202e+00,3.151559038570591387e+00,-3.582376764632294908e+01,-2.500711976200953401e+01,-3.058837029174897282e+01,-4.070911906857251239e+00,-1.302308996116266826e+01,-2.011277208625960355e+01,-4.624598422834458233e+01,-1.482665396445080219e+01,-2.263125908895588267e+01,-2.322594622833625522e+01,-1.688142286992747287e+01,-1.190004327099922499e+01,-2.526635431279197874e+01,-1.625081566279221335e+01
-4.243218105315431643e+00,3.287826325407142924e+00,-3.539500018878030119e+01,-2.454120423749412083e+01,-3.051758702646409915e+01,-4.105401139588791715e+00,-1.240042499658638775e+01,-2.028815798797915448e+01,-4.634057534066805317e+01,-1.464941709648631019e+01,-2.205865689191515600e+01,-2.312629145152129695e+01,-1.648552392466327632e+01,-1.226836779388943555e+01,-2.499005032015106309e+01,-1.601132347558538171e+01
-3.802588187367279549e+00,3.463349540852044939e+00,-3.493835157156792803e+01,-2.405228817478757009e+01,-3.046119504771666442e+01,-4.116265094762837862e+00,-1.172180045323306175e+01,-2.052698180807462336e+01,-4.642188412146651189e+01,-1.448751235713455898e+01,-2.140680144182265110e+01,-2.301023025411320333e+01,-1.607952107283172083e+01,-1.259989966844408293e+01,-2.466052068682971310e+01,-1.576959800245344567e+01
-3.405438916334425858e+00,3.670797188864773020e+00,-3.446052450074094509e+01,-2.354418562670905146e+01,-3.041545562360322563e+01,-4.100335411554169696e+00,-1.098176834205916919e+01,-2.081942211187990210e+01,-4.648282351639529963e+01,-1.434272636367291831e+01,-2.067960485223913381e+01,-2.286493585954572438e+01,-1.567556522900383165e+01,-1.288529534744535354e+01,-2.428180166975245768e+01,-1.552857249735536627e+01
-3.060353936973196909e+00,3.901153406501888465e+00,-3.398251046582456070e+01,-2.303281049749600129e+01,-3.038329327744122210e+01,-4.055495397422609116e+00,-1.019340013113258792e+01,-2.115778713755234008e+01,-4.652483954639099295e+01,-1.422003144760229532e+01,-1.989732957167930749e+01,-2.268851823526732403e+01,-1.529235410410429630e+01,-1.312052927003747982e+01,-2.386683837926809915e+01,-1.529665714463628845e+01
-2.772700993894527066e+00,4.146180387143613366e+00,-3.351950572565186803e+01,-2.252886960037389841e+01,-3.036212553363176880e+01,-3.978112530133461888e+00,-9.366477168312169255e+00,-2.152907459286899083e+01,-4.654410033169397565e+01,-1.411860938613494909e+01,-1.907688897810917439e+01,-2.247572820104027613e+01,-1.494486485108318163e+01,-1.330183363673702601e+01,-2.342611341258624336e+01,-1.507790339874453878e+01
-2.546841980891294099e+00,4.396718467057217694e+00,-3.309616707501740507e+01,-2.205201694501370469e+01,-3.035495146617076045e+01,-3.866347732643554913e+00,-8.525462089777352759e+00,-2.192293217420006357e+01,-4.654343284192406571e+01,-1.404002591535299160e+01,-1.824766640441271903e+01,-2.223144727689261657e+01,-1.465196448533141549e+01,-1.343078195976210765e+01,-2.297682291479341998e+01,-1.488013088089637037e+01
-2.383762356874314925e+00,4.644570777011374219e+00,-3.273174751308023644e+01,-2.161778287050338321e+01,-3.036121895306377638e+01,-3.717768222151911495e+00,-7.693269364217874440e+00,-2.232598116321733528e+01,-4.652180574879000829e+01,-1.398109535857309993e+01,-1.743638818897969145e+01,-2.195959824869139254e+01,-1.442821865035443096e+01,-1.350949637751823573e+01,-2.253391374446254147e+01,-1.470734431775840356e+01
-2.282676112390302325e+00,4.881516926581222826e+00,-3.244870727545512779e+01,-2.124581039528433735e+01,-3.038378747712361161e+01,-3.531777072779141768e+00,-6.900797143995065497e+00,-2.272722452617055211e+01,-4.648174407632017591e+01,-1.393943079378077954e+01,-1.667588108374702927e+01,-2.167119195145642863e+01,-1.428841879278522242e+01,-1.354374438692240901e+01,-2.211534510139855669e+01,-1.456483586709795119e+01
-2.239221062804695350e+00,5.101030145209034750e+00,-3.225854985201351610e+01,-2.094743747299118297e+01,-3.042051884099417691e+01,-3.307806679773401370e+00,-6.170879687263258973e+00,-2.311300479796759078e+01,-4.641975701936801357e+01,-1.390758796284627863e+01,-1.599055876967103806e+01,-2.137368928792128386e+01,-1.424024210420368952e+01,-1.353872908118049700e+01,-2.173365683895631406e+01,-1.445234860352890038e+01
-2.248471777270503402e+00,5.296428253691241039e+00,-3.217829241883657687e+01,-2.074044801341308286e+01,-3.047579727406980510e+01,-3.048428523344203889e+00,-5.536530976942461990e+00,-2.347518752032522116e+01,-4.633896084890556466e+01,-1.388193661949508240e+01,-1.541242980595566614e+01,-2.108422792388348199e+01,-1.429251369806839023e+01,-1.350365736657010984e+01,-2.140539894442337854e+01,-1.437290936829963073e+01
-2.303135176299869968e+00,5.462812852157034271e+00,-3.221591330681890497e+01,-2.063557133921716513e+01,-3.055065172298741771e+01,-2.756462847299415042e+00,-5.024308787262976139e+00,-2.380476782776984379e+01,-4.623819099935522559e+01,-1.385532482601291093e+01,-1.496527808388178471e+01,-2.081718229940081244e+01,-1.444697855653394392e+01,-1.344594226637946832e+01,-2.114160903873791497e+01,-1.432511004731108173e+01
-2.395916271912849727e+00,5.595827382770430347e+00,-3.238059372173819384e+01,-2.064590241940950932e+01,-3.065053700624019228e+01,-2.437767365818556353e+00,-4.664668964509051108e+00,-2.409772310101958226e+01,-4.612067772014303557e+01,-1.382402229873027366e+01,-1.467448417331000243e+01,-2.059261032795557966e+01,-1.470437326477232709e+01,-1.337501127032193438e+01,-2.095419111840033111e+01,-1.430943983035917100e+01
-2.518736562019145531e+00,5.692861512665323254e+00,-3.267488295556608335e+01,-2.077898752064248100e+01,-3.077917096310996925e+01,-2.098962016147899234e+00,-4.482901092730208426e+00,-2.435075396636804967e+01,-4.598758221149782344e+01,-1.378314901470194442e+01,-1.455774740990457516e+01,-2.042833696557031331e+01,-1.505951624078553408e+01,-1.329818818022093119e+01,-2.085011420592345033e+01,-1.432370114560729846e+01
-2.664846749259837111e+00,5.752001271066434107e+00,-3.310369339605527728e+01,-2.104492480224359241e+01,-3.094480590901227401e+01,-1.749300644114192949e+00,-4.507788616014601679e+00,-2.456584847198497101e+01,-4.584524498914316837e+01,-1.373218342757283850e+01,-1.463337038071189689e+01,-2.034658425762757616e+01,-1.550673503321742253e+01,-1.322364791669839512e+01,-2.083692505636932424e+01,-1.436847928554928089e+01
-2.827284955561796931e+00,5.773702038172192630e+00,-3.366144830803580135e+01,-2.144411109587075259e+01,-3.115084265114227691e+01,-1.397663976168503908e+00,-4.756134015822041761e+00,-2.474380368077946102e+01,-4.569531326635818402e+01,-1.366821409032240808e+01,-1.490622799673638710e+01,-2.036213208932752394e+01,-1.603300972623680565e+01,-1.315541027334761637e+01,-2.091445398882862250e+01,-1.444026513394110189e+01
-3.000680124335208809e+00,5.759786032265715505e+00,-3.433768606504698795e+01,-2.197278531245096644e+01,-3.140059376258153634e+01,-1.054704595838336978e+00,-5.236844631648176041e+00,-2.488793572234088813e+01,-4.554027221424524896e+01,-1.359095948653380859e+01,-1.537341325875238951e+01,-2.048700371117698893e+01,-1.662284835274472883e+01,-1.309689170873092046e+01,-2.107929400936944475e+01,-1.453591759263947836e+01
-3.180615181440094474e+00,5.714134967781703267e+00,-3.511321059944611989e+01,-2.261857303261220409e+01,-3.169298810996983917e+01,-7.303271696646094213e-01,-5.945955018860129115e+00,-2.500057291071902199e+01,-4.537939682728593027e+01,-1.349907798542728798e+01,-1.601941598880257800e+01,-2.072510739913721522e+01,-1.725567021441393223e+01,-1.304787104486703164e+01,-2.132146536172323792e+01,-1.464969677136651782e+01
-3.364480510669812130e+00,5.642075374131850118e+00,-3.596209939045475323e+01,-2.336272507635593598e+01,-3.202460568186513257e+01,-4.347766440309230873e-01,-6.866591511551295213e+00,-2.508465703513208922e+01,-4.521117814391650569e+01,-1.339273504799379211e+01,-1.681828992019023161e+01,-2.107390851010850596e+01,-1.790876584466357713e+01,-1.300677536692057501e+01,-2.162678664772413129e+01,-1.477552496319442099e+01
-3.550454233490454747e+00,5.550994812200761963e+00,-3.684697888684181066e+01,-2.417518732086798394e+01,-3.238507952543938728e+01,-1.764217789942783554e-01,-7.963182313469069129e+00,-2.514004621914043014e+01,-4.502873085010754295e+01,-1.326979206068708805e+01,-1.772877289126466849e+01,-2.151902232180795238e+01,-1.855471552891166453e+01,-1.296824758161092461e+01,-2.197347720319909570e+01,-1.490363151876517733e+01
-3.738989113626800975e+00,5.448876636703044340e+00,-3.772823807625579917e+01,-2.502310254827887803e+01,-3.276331905564214253e+01,3.639613092336446698e-02,-9.190631420850879252e+00,-2.516775315346696829e+01,-4.482676645118235115e+01,-1.313102525482451455e+01,-1.870404855833678681e+01,-2.204156522580161948e+01,-1.916760576680731987e+01,-1.292719668752025974e+01,-2.233853337629993518e+01,-1.502585506641636925e+01
-3.932041524816482614e+00,5.344372407102120803e+00,-3.856532542417325260e+01,-2.587074887733695050e+01,-3.314567832501363398e+01,1.977395913689594664e-01,-1.049658445289522035e+01,-2.516762679381465517e+01,-4.459990216311641120e+01,-1.297728371665653313e+01,-1.969260871946295310e+01,-2.261680313540144383e+01,-1.972227767125271214e+01,-1.287664886914241080e+01,-2.269700830990700169e+01,-1.513406640139668724e+01
-4.132963187197645105e+00,5.246212118207136399e+00,-3.931716977191055662e+01,-2.668066041076549411e+01,-3.351701001548132552e+01,3.029673540899553430e-01,-1.182123881002976873e+01,-2.513931367298272335e+01,-4.434347502650993533e+01,-1.281088855760662426e+01,-2.063987166767800119e+01,-2.321554830439514205e+01,-2.019644914897890331e+01,-1.281004384526172934e+01,-2.302383420679954185e+01,-1.522120972016011464e+01
-4.346221939684381752e+00,5.162650005573526713e+00,-3.994866949355589014e+01,-2.741833255846454875e+01,-3.386228798175968535e+01,3.499922602828196005e-01,-1.310650181447298834e+01,-2.508229176851401832e+01,-4.405540447125346049e+01,-1.263523804862361288e+01,-2.149476500832676251e+01,-2.380753823965365257e+01,-2.057229663471867198e+01,-1.272072803435266763e+01,-2.329611909664888714e+01,-1.528214378154922315e+01
-4.577167027475479877e+00,5.100768768956178256e+00,-4.043269758866644281e+01,-2.805462217835221139e+01,-3.416839015785211586e+01,3.383045872048624503e-01,-1.429853241170953027e+01,-2.499712677028389862e+01,-4.373750108973884210e+01,-1.245608875409548411e+01,-2.221291072250005527e+01,-2.436411453066403965e+01,-2.083861458826677548e+01,-1.260393495556757060e+01,-2.349555508017732564e+01,-1.531489796230578904e+01
-4.831084160234061287e+00,5.066383718441444195e+00,-4.075156430564707932e+01,-2.856645512507952134e+01,-3.442326981381951612e+01,2.704034303764215608e-01,-1.535140058975767019e+01,-2.488404694220336921e+01,-4.339422078012425033e+01,-1.227930709197895531e+01,-2.275855258025694283e+01,-2.485858092259373819e+01,-2.098998837166370635e+01,-1.245536649288613873e+01,-2.360819097488870355e+01,-1.531936392984969331e+01
-5.112155035148241211e+00,5.064059192415026445e+00,-4.089089126588459067e+01,-2.893273575810325582e+01,-3.461382954522580491e+01,1.508129480281441559e-01,-1.622028920050660616e+01,-2.474209437358535979e+01,-4.302927359600413126e+01,-1.210987920326043188e+01,-2.310020850905821987e+01,-2.526390008391454245e+01,-2.102548340186316977e+01,-1.227216016120603115e+01,-2.362286356879028659e+01,-1.529531419114179158e+01
-5.423859655286525694e+00,5.096098648296385036e+00,-4.084950492344762552e+01,-2.914258047975768307e+01,-3.473096126325322786e+01,-1.397566977444242298e-02,-1.687500565228223337e+01,-2.457155786378829276e+01,-4.265066883133652453e+01,-1.195385904314266057e+01,-2.322109949097803039e+01,-2.556003117667280478e+01,-2.095170697537457016e+01,-1.205362892481528725e+01,-2.353574586580436545e+01,-1.524540740665562311e+01
-5.767616175879433982e+00,5.163072979399714768e+00,-4.062986010659780334e+01,-2.918820744503669573e+01,-3.476540318376375893e+01,-2.158607630311490944e-01,-1.728934864811624195e+01,-2.437170821112821528e+01,-4.226493236726767577e+01,-1.181558278456832767e+01,-2.311104224709664834e+01,-2.572892684801845675e+01,-2.077925273054579947e+01,-1.180071294633872725e+01,-2.334647875932284933e+01,-1.517150788376979698e+01
-6.143013175508743373e+00,5.263312539164663129e+00,-4.024343091224792346e+01,-2.906960457667242892e+01,-3.471091660111595445e+01,-4.454559163714151282e-01,-1.744920254606616083e+01,-2.414230132211370261e+01,-4.187990992106583832e+01,-1.169876326312973802e+01,-2.277237338238568043e+01,-2.575905695720088318e+01,-2.052384685072308201e+01,-1.151624943505511567e+01,-2.306043809860111082e+01,-1.507618221894907862e+01
-6.547396296697604257e+00,5.393154099295010440e+00,-3.970530761714662304e+01,-2.879088836683617814e+01,-3.456287156464328802e+01,-6.932010052297998826e-01,-1.734688938959239124e+01,-2.388313309431693199e+01,-4.150221990878110034e+01,-1.160592869550708528e+01,-2.221559983685758510e+01,-2.564350481801628234e+01,-2.020445039086794736e+01,-1.120523394016134944e+01,-2.268687161029900778e+01,-1.496124028582879184e+01
-6.977316486866937950e+00,5.545992200876729505e+00,-3.904571041813134968e+01,-2.836998743319571759e+01,-3.432494009271454161e+01,-9.500669405101249687e-01,-1.699647786151986395e+01,-2.359770384247278940e+01,-4.114412537056220742e+01,-1.154178347871783572e+01,-2.147052393132194936e+01,-2.538848197261155804e+01,-1.984666740978926924e+01,-1.087575381243505390e+01,-2.224403236812587181e+01,-1.483211337426245890e+01
-7.427012492378389119e+00,5.713822763872840937e+00,-3.829496667012193711e+01,-2.782645531179961651e+01,-3.400172370780619246e+01,-1.207456021493420018e+00,-1.641676035189635741e+01,-2.328898016101407364e+01,-4.081455398346884067e+01,-1.150862687330915612e+01,-2.057161591333308337e+01,-2.500370895177616504e+01,-1.947607916324157529e+01,-1.053659340721523563e+01,-2.175164577507150909e+01,-1.469201533742102050e+01
-7.890470624420392376e+00,5.886297899079425910e+00,-3.749641117970733006e+01,-2.719248229045576437e+01,-3.360662783750487392e+01,-1.458581940669227528e+00,-1.564776305541047563e+01,-2.296403235327177228e+01,-4.052770246513851049e+01,-1.151121477388860015e+01,-1.957025824690324356e+01,-2.451201964216104656e+01,-1.912261245434550005e+01,-1.019903561141266835e+01,-2.123697352153781281e+01,-1.454761558866625393e+01
-8.360584976220703624e+00,6.052114488150133198e+00,-3.669461208122471874e+01,-2.650318125199234487e+01,-3.315601321718158090e+01,-1.698279469062478952e+00,-1.473722679647297085e+01,-2.263066952076784588e+01,-4.029620575350306666e+01,-1.155321985320428446e+01,-1.852258703160678266e+01,-2.394143222562714612e+01,-1.881510009286501628e+01,-9.874716321961656718e+00,-2.072862399265543942e+01,-1.440477783082882013e+01
-8.830761754456993629e+00,6.198728796755495374e+00,-3.594338136953427920e+01,-2.580328475773313812e+01,-3.267401244114246595e+01,-1.923623292197674139e+00,-1.375054269624804881e+01,-2.230023138012707307e+01,-4.013681736191382043e+01,-1.164021036086136007e+01,-1.749631359287709387e+01,-2.333055585708281754e+01,-1.858360902200315934e+01,-9.576244978222621995e+00,-2.025994918639242570e+01,-1.427230642042653841e+01
-9.293130289182045090e+00,6.314665503812897818e+00,-3.528528158539106130e+01,-2.512998482963572400e+01,-3.218152609112704710e+01,-2.132839508911951398e+00,-1.274621537392974879e+01,-2.198120478140732814e+01,-4.005826246614332575e+01,-1.177307509966704835e+01,-1.654991634208023044e+01,-2.271406617885291723e+01,-1.845053633099848156e+01,-9.313619355840952352e+00,-1.985833106879556453e+01,-1.415411676546950659e+01
-9.741338754373670028e+00,6.388403802626837269e+00,-3.476623321907256070e+01,-2.452552448962082465e+01,-3.170539806567783714e+01,-2.327024242460185910e+00,-1.179230437921097163e+01,-2.168509345779379061e+01,-4.007222017898737931e+01,-1.195475450483569269e+01,-1.574607171817457640e+01,-2.213313480640153230e+01,-1.843692315316149077e+01,-9.097266079727296173e+00,-1.955264531447544840e+01,-1.405672027984389238e+01
-1.016872963272869690e+01,6.410641961064494687e+00,-3.441688593910197369e+01,-2.402120751645240659e+01,-3.126765221398077799e+01,-2.508260416062465303e+00,-1.094355506660155797e+01,-2.141997778576905276e+01,-4.018193485540555088e+01,-1.218346112350927157e+01,-1.513220617159270631e+01,-2.162124957562242855e+01,-1.855417510082574140e+01,-8.934027382803723327e+00,-1.936314315100443295e+01,-1.398177688267549357e+01
-1.057011067395558612e+01,6.373744222290074646e+00,-3.426149848354442184e+01,-2.364494444050666289e+01,-3.089086673868770205e+01,-2.680475785816872403e+00,-1.025043873656386317e+01,-2.119411351841816327e+01,-4.038926473553338781e+01,-1.245701464451045837e+01,-1.474830629219400180e+01,-2.121012590325955927e+01,-1.880822564366176408e+01,-8.829199714406046340e+00,-1.930590519760288259e+01,-1.393091055836437775e+01
-1.094044705635656101e+01,6.273337871615755290e+00,-3.430417332386392104e+01,-2.340934080964659358e+01,-3.058996379449204639e+01,-2.848038516852807511e+00,-9.741744054110689888e+00,-2.101127355093991866e+01,-4.068654850079057894e+01,-1.276828725592926617e+01,-1.461261897843821345e+01,-2.091902410649541011e+01,-1.919395126600423751e+01,-8.783964597803549879e+00,-1.938546274491037025e+01,-1.390034508395880408e+01
-1.127760925800026293e+01,6.106643255703537498e+00,-3.454790228712360545e+01,-2.332765107989432352e+01,-3.038289890324725206e+01,-3.017160892051976795e+00,-9.445458825038009820e+00,-2.087770902755433511e+01,-4.106973125674874581e+01,-1.311294699025359023e+01,-1.473936802870813167e+01,-2.076768794301603549e+01,-1.970403045559145738e+01,-8.799304003503291227e+00,-1.960466935611506756e+01,-1.388988403032977459e+01
-1.157967436006228823e+01,5.874677554356035891e+00,-3.497563908185866666e+01,-2.339684302606525534e+01,-3.027801694345276218e+01,-3.192872664624116119e+00,-9.365730582560793493e+00,-2.079446411626085478e+01,-4.152540917818197386e+01,-1.348125839075552790e+01,-1.511915490456748756e+01,-2.076093641876638785e+01,-2.032047597258497262e+01,-8.871241004911077255e+00,-1.995399589528043549e+01,-1.389402853119990766e+01
-1.184730923673246039e+01,5.580345275798902271e+00,-3.556910838485632098e+01,-2.361353638079645378e+01,-3.028464651233921501e+01,-3.380825193241224547e+00,-9.503576452973803157e+00,-2.076442192648451623e+01,-4.204377852315615627e+01,-1.386621820167356134e+01,-1.573724160818614592e+01,-2.090196044770556938e+01,-2.102402344820337987e+01,-8.995508863881102712e+00,-2.042177907139790705e+01,-1.391080140024352119e+01
-1.208159663675650641e+01,5.229756586094374882e+00,-3.629710324677001410e+01,-2.396306646279532515e+01,-3.040422953143422546e+01,-3.584829298371255746e+00,-9.842752820605468855e+00,-2.078690520117047669e+01,-4.260973727751628815e+01,-1.425765156376609610e+01,-1.656150289722055646e+01,-2.118225264100521343e+01,-2.178888334456157239e+01,-9.164239846491256003e+00,-2.098746254076516138e+01,-1.393554473824013940e+01
-1.228565758390218576e+01,4.830421566676543321e+00,-3.713182332225923687e+01,-2.443317962041307112e+01,-3.063909400614133460e+01,-3.808031612592519988e+00,-1.036780665915084398e+01,-2.086347144238550655e+01,-4.321344734544995703e+01,-1.464864859222850590e+01,-1.755861274277797435e+01,-2.159308736708352683e+01,-2.259094350638609328e+01,-9.369752605072584117e+00,-2.163062066275209361e+01,-1.396803382690398010e+01
-1.246140923397903322e+01,4.393035212989452987e+00,-3.803073493319759990e+01,-2.499766192945381960e+01,-3.097983554222932412e+01,-4.049887559908868617e+00,-1.104260675385552304e+01,-2.099001195801488961e+01,-4.383687324669814700e+01,-1.502704201541131468e+01,-1.867638514980581022e+01,-2.211113008798219681e+01,-2.339966885665165819e+01,-9.600005091542131552e+00,-2.232099382005356247e+01,-1.400303624584800488e+01
-1.261173164354214649e+01,3.928977789820053967e+00,-3.895553666173108809e+01,-2.563289287850543019e+01,-3.141677645807541452e+01,-4.308822802007224340e+00,-1.183139153777990060e+01,-2.116449537459974550e+01,-4.446677381057293843e+01,-1.538410481603180813e+01,-1.986364400132849539e+01,-2.271320224275444133e+01,-2.418832311165849802e+01,-9.844350014884593492e+00,-2.302991836222093980e+01,-1.403913983581019664e+01
-1.273778597944763114e+01,3.451442568386460685e+00,-3.985961812056207521e+01,-2.630618253978557064e+01,-3.193066503595665750e+01,-4.579476307204064511e+00,-1.268433585455121815e+01,-2.138070362217392173e+01,-4.508433849364789836e+01,-1.570757021014396315e+01,-2.105832789335108401e+01,-2.336602180050093835e+01,-2.492793520075693436e+01,-1.008957813981514740e+01,-2.372319128787091458e+01,-1.407128117947524615e+01
-1.284036291374853178e+01,2.973533309379182032e+00,-4.070096356436962992e+01,-2.698713250068683678e+01,-3.250076919629793792e+01,-4.854829256098663670e+00,-1.355181817934004584e+01,-2.163349733211531145e+01,-4.567383524916290582e+01,-1.598762485092913366e+01,-2.220167673216809234e+01,-2.403673426365598687e+01,-2.559440476214366100e+01,-1.032409752942391634e+01,-2.436922900240957901e+01,-1.409656210260536469e+01
-1.291765681972906776e+01,2.509114656523450115e+00,-4.143115576802019007e+01,-2.763760747223534509e+01,-3.309733928998750230e+01,-5.124419364109204622e+00,-1.437225554001336647e+01,-2.191359405347213141e+01,-4.621371074320680350e+01,-1.621126067393583270e+01,-2.322839831236258590e+01,-2.468458866306426103e+01,-2.616321661207281934e+01,-1.053491793358325523e+01,-2.493310497709627782e+01,-1.410774069136535402e+01
-1.296801384470753860e+01,2.070076075119652081e+00,-4.201604160769385743e+01,-2.822987600485408421e+01,-3.369484152495989804e+01,-5.377679418204792228e+00,-1.509615574293258433e+01,-2.221586868646543778e+01,-4.669045667210271944e+01,-1.637150389078115964e+01,-2.408850255979096744e+01,-2.527750068836281727e+01,-2.661978944599354335e+01,-1.071343267521425346e+01,-2.538885417426803670e+01,-1.410269298821618023e+01
-1.298751748166827902e+01,1.667642201747242758e+00,-4.242295756302277709e+01,-2.873466564678506785e+01,-3.426304561559530271e+01,-5.601403169522002123e+00,-1.567278857553628768e+01,-2.253262980721854802e+01,-4.708779116362923389e+01,-1.645983970729817258e+01,-2.473507738500847353e+01,-2.578178703545602701e+01,-2.695211255831078034e+01,-1.085069297895103979e+01,-2.571179978525475462e+01,-1.407653078849007500e+01
-1.297226892871551485e+01,1.310333889210463010e+00,-4.263507584503330605e+01,-2.913426394640870143e+01,-3.477742605648872143e+01,-5.783228388546282517e+00,-1.606711768901951842e+01,-2.286007017880168490e+01,-4.739696086592519464e+01,-1.647369891329414671e+01,-2.513987540961267442e+01,-2.617469271546741183e+01,-2.715831019816096870e+01,-1.094244712455635238e+01,-2.588776486610587213e+01,-1.402879354622931984e+01
-1.291712240642894827e+01,1.004859686066799096e+00,-4.264386008430599873e+01,-2.941534144839717158e+01,-3.521392991434765918e+01,-5.910073795743150171e+00,-1.625309276220963284e+01,-2.319370992334513204e+01,-4.760990854378597703e+01,-1.641132725400021286e+01,-2.528609233493851605e+01,-2.643819325955178812e+01,-2.724136895692630134e+01,-1.098559862683526411e+01,-2.590808436065220377e+01,-1.395835740051483320e+01
-1.281778684635514765e+01,7.546517855597962843e-01,-4.246018105257513753e+01,-2.957924362837317034e+01,-3.555758975677415634e+01,-5.971037166659199258e+00,-1.622701720389726887e+01,-2.353351419883639650e+01,-4.772760136470026282e+01,-1.627755198919548008e+01,-2.518005388663192790e+01,-2.656877487740425536e+01,-2.721465296475179940e+01,-1.098194293429100199e+01,-2.577670702617679410e+01,-1.386939317123198379e+01
-1.266906869545431746e+01,5.615708343713765593e-01,-4.210000577870508209e+01,-2.962928637142116628e+01,-3.579383897006115944e+01,-5.955294607322397127e+00,-1.599264545903884382e+01,-2.387718279105746433e+01,-4.774938825638462703e+01,-1.607629961318923861e+01,-2.483690040156050216e+01,-2.656635667256288613e+01,-2.709349718808827134e+01,-1.093335918539814067e+01,-2.550157287121686167e+01,-1.376373941025347847e+01
-1.246694212302733717e+01,4.248547155510804529e-01,-4.159084136565928702e+01,-2.957772072007758979e+01,-3.591555496813202808e+01,-5.855455614961840638e+00,-1.556852883193283077e+01,-2.422470007436346151e+01,-4.767971759127043185e+01,-1.581597916228824907e+01,-2.428776797235899920e+01,-2.644134975233428619e+01,-2.689932927334023560e+01,-1.084566137979115474e+01,-2.509967127382192587e+01,-1.364598574350984705e+01
-1.220788663707394761e+01,3.422639940346137166e-01,-4.096440654721727270e+01,-2.943912920470520334e+01,-3.591864724811150467e+01,-5.665838398871319903e+00,-1.498094761681099385e+01,-2.457439283416078268e+01,-4.752267297329031948e+01,-1.550476228458064476e+01,-2.357171625755212574e+01,-2.620839532517016579e+01,-2.665431307615454060e+01,-1.072504819406059795e+01,-2.459187471085754950e+01,-1.351940383012769686e+01
-1.189019507331811987e+01,3.097919351245830288e-01,-4.025756213757575352e+01,-2.923256126380798037e+01,-3.580544595774514960e+01,-5.384696728102490226e+00,-1.426439628950679861e+01,-2.492531294028849942e+01,-4.728509614290013019e+01,-1.515330403047892638e+01,-2.273666525680851436e+01,-2.588872595302431634e+01,-2.638266188994022343e+01,-1.058012658985260401e+01,-2.400450431883430014e+01,-1.338849504396357837e+01
-1.151314305759004597e+01,3.230282485193995967e-01,-3.950298499886785919e+01,-2.897348408549637000e+01,-3.557926192116536868e+01,-5.012539326118132799e+00,-1.345164048311667315e+01,-2.527313625608660885e+01,-4.697053402073633777e+01,-1.476996083733437004e+01,-2.182918036886483648e+01,-2.550253511807432005e+01,-2.610487467736847478e+01,-1.041846198694371139e+01,-2.336311630485879931e+01,-1.325462072227559673e+01
-1.107906051442189899e+01,3.762729823357271464e-01,-3.873646433023181856e+01,-2.868140362620855655e+01,-3.525123805538218846e+01,-4.554747383848605224e+00,-1.258160060924056367e+01,-2.561518495664856943e+01,-4.658679279685576091e+01,-1.436620004892849067e+01,-2.090126536878923247e+01,-2.507579013737114693e+01,-2.584211579139415704e+01,-1.025006199328846179e+01,-2.269731331232378935e+01,-1.312163916831818611e+01
-1.059265954660210696e+01,4.636320557891699945e-01,-3.799192481809018318e+01,-2.837503647347590885e+01,-3.483620796098810501e+01,-4.019226808495520942e+00,-1.169452907072594883e+01,-2.594727399539250712e+01,-4.614203284644106873e+01,-1.395234440787977093e+01,-2.000354343367605026e+01,-2.463470898708420975e+01,-2.561182414255979367e+01,-1.008365938893120628e+01,-2.203596845609797228e+01,-1.299279800868404777e+01
-1.006154639708377907e+01,5.790017544333636579e-01,-3.730009271319984521e+01,-2.807243190751349005e+01,-3.435374447013683152e+01,-3.417877436860676355e+00,-1.082949031598160161e+01,-2.626561030180101852e+01,-4.564636909201469450e+01,-1.353954151500263592e+01,-1.918336346108961266e+01,-2.420593571899392771e+01,-2.542856868557446148e+01,-9.928399723086268835e+00,-2.140734304217994577e+01,-1.287240201928464245e+01
-9.495922193816889845e+00,7.165618371907960249e-01,-3.668922371576283581e+01,-2.779106523585694077e+01,-3.382689197842402962e+01,-2.764822846167769299e+00,-1.002606607451517107e+01,-2.656602229824358119e+01,-4.511175108660627586e+01,-1.313812177250891722e+01,-1.848378965287921005e+01,-2.381532652381653747e+01,-2.530269946640900969e+01,-9.791755963628975934e+00,-2.083748794024548801e+01,-1.276528201358789971e+01
-8.908766138172703464e+00,8.706295162168440349e-01,-3.618533527249222459e+01,-2.754893991526144248e+01,-3.328301491226207531e+01,-2.077149781589490374e+00,-9.323498759028694849e+00,-2.684590739530583647e+01,-4.455378081089570230e+01,-1.275925783653848100e+01,-1.794304332240272970e+01,-2.348862179956545049e+01,-2.524171692129206690e+01,-9.680901622469548329e+00,-2.035085832963871866e+01,-1.267849312421043351e+01
-8.314656849478044620e+00,1.036353919926333855e+00,-3.580907241930809448e+01,-2.736128970064852695e+01,-3.274971449726643868e+01,-1.372508121644973045e+00,-8.757353493006519329e+00,-2.710203493401344588e+01,-4.398861952982264256e+01,-1.241175682266592162e+01,-1.758994615793642424e+01,-2.324734717987237786e+01,-2.524764907036944805e+01,-9.599936330897659076e+00,-1.996684427746157553e+01,-1.261878916446156040e+01
-7.728868900236431472e+00,1.210009041611122882e+00,-3.556938886838693747e+01,-2.723613910597991605e+01,-3.225174379803772240e+01,-6.694989976833358725e-01,-8.350427542785155310e+00,-2.733044753840780317e+01,-4.343049510118194689e+01,-1.210183487147732251e+01,-1.743776079265640533e+01,-2.310520380913931149e+01,-2.531623094848593070e+01,-9.550694732074074267e+00,-1.969740809803482762e+01,-1.259138524472741949e+01
-7.167257781383991500e+00,1.388526564331851176e+00,-3.547045036437970111e+01,-2.717963901200873522e+01,-3.181280539824118136e+01,1.364264067221299115e-02,-8.120713978148955903e+00,-2.752813162661334445e+01,-4.289515170438369296e+01,-1.183418263516155378e+01,-1.749025592171958010e+01,-2.307164620838564417e+01,-2.543936148954043119e+01,-9.532603031319368370e+00,-1.954943399964378870e+01,-1.260185491547737513e+01
-6.644861115420267694e+00,1.569844171854831050e+00,-3.550419641252773317e+01,-2.719020040919484416e+01,-3.145101688459200773e+01,6.594198488808076242e-01,-8.070932797092950750e+00,-2.769174162158258667e+01,-4.239546036115461902e+01,-1.161039824637468598e+01,-1.773468375530387675e+01,-2.314699692233222095e+01,-2.560349040234423512e+01,-9.542555650366402631e+00,-1.952158589002196010e+01,-1.265350337363248201e+01
-6.175213670490396822e+00,1.752667647442870180e+00,-3.565378301028687247e+01,-2.726077324225970244e+01,-3.117875773959134733e+01,1.252392671558510973e+00,-8.192169888550495216e+00,-2.781793785704149258e+01,-4.194227635131457532e+01,-1.142906607027290633e+01,-1.814520704221970959e+01,-2.332387046409580478e+01,-2.579088268886401636e+01,-9.574578694154203262e+00,-1.960524975973150674e+01,-1.274753837576788129e+01
-5.769768620872705256e+00,1.936147216367721580e+00,-3.589239282425293709e+01,-2.737814732109698923e+01,-3.100187440248669191e+01,1.778651475291478601e+00,-8.461041483222857096e+00,-2.790417886729578356e+01,-4.154379447716418383e+01,-1.128683748711720725e+01,-1.868273702898045485e+01,-2.358713631680325307e+01,-2.598090517841947644e+01,-9.621299761949106966e+00,-1.978497775617360332e+01,-1.288300186853265927e+01
-5.438404735563466375e+00,2.118783671311919470e+00,-3.619554053594458765e+01,-2.753232961907866638e+01,-3.092445764353675486e+01,2.226520440877647111e+00,-8.854264392388188298e+00,-2.795156990212142745e+01,-4.121129155771629371e+01,-1.118126588149570821e+01,-1.930721794651233836e+01,-2.392153586490174177e+01,-2.615482210436648103e+01,-9.674945697341646778e+00,-2.004408372528681070e+01,-1.306032094499485652e+01
-5.187562839216566246e+00,2.299234210748777762e+00,-3.653062199344891781e+01,-2.770748823324755961e+01,-3.094234095813587260e+01,2.587183370763661117e+00,-9.335470439658308806e+00,-2.796137383165621770e+01,-4.095147395506529620e+01,-1.110754522670579370e+01,-1.996851678961729704e+01,-2.430460241556826162e+01,-2.629236777534473646e+01,-9.726411570082234448e+00,-2.036005572385107598e+01,-1.327648978003227143e+01
-5.021488608685883648e+00,2.474919357112042029e+00,-3.687220063519251312e+01,-2.789407541730868445e+01,-3.105047410471615876e+01,2.854206829652886412e+00,-9.873657621138761442e+00,-2.793904795483824444e+01,-4.077445297756036524e+01,-1.106320076264169572e+01,-2.062233273846493375e+01,-2.471712446774392191e+01,-2.637802603215087061e+01,-9.767631623580687261e+00,-2.071227135850870837e+01,-1.353030100029873495e+01
-4.941168159592441711e+00,2.642608040769761413e+00,-3.719546884253061592e+01,-2.808282211283759011e+01,-3.123893970413916321e+01,3.023867684658672061e+00,-1.043526042502472251e+01,-2.789156310782218640e+01,-4.068831059304117304e+01,-1.104585083957364589e+01,-2.122497231908663906e+01,-2.513878651253069307e+01,-2.639887498075303540e+01,-9.791073076220822458e+00,-2.107943757130771445e+01,-1.381904546754800123e+01
-4.945299554313624668e+00,2.797647522652003449e+00,-3.748668987660811780e+01,-2.827272201452559131e+01,-3.149812555705478445e+01,3.094990190642503691e+00,-1.099703129327372153e+01,-2.782949539083981705e+01,-4.070395412180287309e+01,-1.105586796245294856e+01,-2.174450529454207981e+01,-2.555519474636975730e+01,-2.634848753886193862e+01,-9.791061622784603458e+00,-2.144494304930259787e+01,-1.414183033030107950e+01
-5.028552165460018486e+00,2.935524158343235879e+00,-3.772762339896159745e+01,-2.845754084581136567e+01,-3.181033157177147785e+01,3.069641560562793359e+00,-1.152765198731573548e+01,-2.776116178822917391e+01,-4.082432475116545589e+01,-1.109101792164915423e+01,-2.214690191451154888e+01,-2.594732425197285863e+01,-2.622068098190026930e+01,-9.761840632648862481e+00,-2.178974762975921919e+01,-1.449272083409766587e+01
-5.184133462015722671e+00,3.050313175370294339e+00,-3.791281631047124279e+01,-2.864017191406937712e+01,-3.216050494474072252e+01,2.951353529101950812e+00,-1.200847566681221679e+01,-2.769800585023735806e+01,-4.105506352018130656e+01,-1.115295485601959768e+01,-2.241410453753943344e+01,-2.630437792643967398e+01,-2.601694470325335118e+01,-9.701290266832259590e+00,-2.210200800602867588e+01,-1.486810305125397136e+01
-5.402315233201470335e+00,3.136450377754294916e+00,-3.803427199697335936e+01,-2.881922823148480717e+01,-3.252817067213599955e+01,2.746243576914793039e+00,-1.241580862389621132e+01,-2.764843294414963992e+01,-4.139397723816163221e+01,-1.124118373876174104e+01,-2.252985200152474476e+01,-2.661298238582478959e+01,-2.573965015067151185e+01,-9.608125232156808693e+00,-2.236961802326529281e+01,-1.525994197478404502e+01
-5.672387954447861702e+00,3.188008420795046760e+00,-3.809168646353336385e+01,-2.899759325479677585e+01,-3.289462707228950933e+01,2.461702535846281847e+00,-1.273338513283611917e+01,-2.762083867432453133e+01,-4.183766836795137323e+01,-1.135699101117033649e+01,-2.249037807506272202e+01,-2.686499920833026778e+01,-2.539621246922754949e+01,-9.484189545776956720e+00,-2.258599173078250999e+01,-1.566045870220965242e+01
-5.981957382393733980e+00,3.200089355733721774e+00,-3.808064014404787656e+01,-2.917232804723826689e+01,-3.323756979066828876e+01,2.106749779866472494e+00,-1.293907668832047797e+01,-2.761922649639180349e+01,-4.237421509870112857e+01,-1.149931931467150292e+01,-2.229331572739195622e+01,-2.704956788721564465e+01,-2.499388013871185166e+01,-9.332647312938490813e+00,-2.274446644891408198e+01,-1.605753950896887261e+01
-6.320187263325440341e+00,3.167301012974071739e+00,-3.801144270373268341e+01,-2.935062982913624552e+01,-3.354336451692151400e+01,1.690009390810764955e+00,-1.302784943255914918e+01,-2.764962381907093913e+01,-4.299596442958961973e+01,-1.167187931104784582e+01,-2.195607333311264142e+01,-2.716698787609617227e+01,-2.454749505763705741e+01,-9.161589563201594899e+00,-2.284824614019985489e+01,-1.644356035052035736e+01
-6.675815969526041727e+00,3.086144160432389594e+00,-3.788931090352517117e+01,-2.953271186669661574e+01,-3.379621749668916664e+01,1.221687670807913406e+00,-1.298959374715732906e+01,-2.771233036570610864e+01,-4.368661412403181998e+01,-1.187474689534052175e+01,-2.149565678540415092e+01,-2.721405564976871005e+01,-2.406987345679359436e+01,-8.979253254402038920e+00,-2.289960081789263313e+01,-1.680679714156373450e+01
-7.040243847571577618e+00,2.953423967823431084e+00,-3.773219516658603823e+01,-2.972738840134570637e+01,-3.399019833699540527e+01,7.110163005696144012e-01,-1.283089361742074175e+01,-2.780891766227625794e+01,-4.443435069656599978e+01,-1.211197365625184830e+01,-2.094575447339656193e+01,-2.719776579795146176e+01,-2.357957101603076921e+01,-8.797985156596297429e+00,-2.290944274271743097e+01,-1.714046632434160244e+01
-7.406017250752700676e+00,2.768054236593725292e+00,-3.755651756357332260e+01,-2.993978119230240509e+01,-3.412116067321977653e+01,1.679887226644893872e-01,-1.255958261941263743e+01,-2.793670556881630773e+01,-4.522283215567566117e+01,-1.238512935682171445e+01,-2.034141791681356892e+01,-2.712445256152054185e+01,-2.309356895012672339e+01,-8.630209576849900088e+00,-2.288910254550523860e+01,-1.743663340442312659e+01
-7.769016951926877468e+00,2.529796986002332382e+00,-3.739030727505266327e+01,-3.018308959953056103e+01,-3.419546598551139027e+01,-3.983199658344140914e-01,-1.220064702237854704e+01,-2.809431136384590388e+01,-4.604135818594761531e+01,-1.269875621958473033e+01,-1.973081218962093430e+01,-2.700977782905903268e+01,-2.263293262863072641e+01,-8.490923933568229387e+00,-2.285708844144461693e+01,-1.769311531116808567e+01
-8.125800851703708361e+00,2.241490123792280631e+00,-3.725223329996080679e+01,-3.046083511436384583e+01,-3.421761315941216708e+01,-9.773759664101362432e-01,-1.177259171752075417e+01,-2.827413396090000219e+01,-4.687181307848166512e+01,-1.305158432224360610e+01,-1.915324602399616083e+01,-2.686310108830868160e+01,-2.221272884913452117e+01,-8.392245409833744674e+00,-2.282718493760782508e+01,-1.790439867343180680e+01
-8.475908787128204835e+00,1.907234787306328450e+00,-3.716652635499406188e+01,-3.078079757033843578e+01,-3.420041550569831657e+01,-1.559869182051791370e+00,-1.130456848740466569e+01,-2.846985876822061101e+01,-4.770105019775758137e+01,-1.344405648742947790e+01,-1.865302698987011354e+01,-2.669957229590059455e+01,-2.184950255039703393e+01,-8.347470214114530052e+00,-2.281681122909041193e+01,-1.807004335533559924e+01
-8.819436381890106702e+00,1.533939427430081714e+00,-3.714687885087002428e+01,-3.114135207915141734e+01,-3.415466467540672113e+01,-2.135252937033596865e+00,-1.081789872665400765e+01,-2.867065476604467023e+01,-4.851068261841123785e+01,-1.387097697606780855e+01,-1.826198495661630261e+01,-2.652761252624955546e+01,-2.155326373035714482e+01,-8.365991816389694691e+00,-2.283731439655198869e+01,-1.818728620019525977e+01
-9.158298928855636234e+00,1.129800131388493778e+00,-3.720649460210907478e+01,-3.154120996961871981e+01,-3.409569059442263494e+01,-2.693618337839426502e+00,-1.033700798659755549e+01,-2.886676432432318506e+01,-4.928586917043227800e+01,-1.432699260763905613e+01,-1.800866711481720017e+01,-2.635725744236718526e+01,-2.133280031315820224e+01,-8.456027744962316461e+00,-2.289958722085010834e+01,-1.825680067857748767e+01
-9.493709928802740450e+00,7.055189190625155149e-01,-3.734356216062306544e+01,-3.196720477570585928e+01,-3.403364853413242486e+01,-3.223794245677528814e+00,-9.872452138412583622e+00,-2.904458170013245422e+01,-5.000609845872938308e+01,-1.480045874380121873e+01,-1.790295190705215589e+01,-2.618903053511478873e+01,-2.118877090142278519e+01,-8.620482964987484564e+00,-2.300545384184576392e+01,-1.827588085618724989e+01
-9.828555927951155624e+00,2.716068788370558096e-01,-3.756036042479962589e+01,-3.241172511876061435e+01,-3.398502470350996418e+01,-3.716265916359395405e+00,-9.442215229517458397e+00,-2.919555914201316682e+01,-5.065951211263492837e+01,-1.528261095788492696e+01,-1.795445118968517306e+01,-2.602880725155046093e+01,-2.112332843346903033e+01,-8.861720507833773297e+00,-2.315827521410681555e+01,-1.824798169897837852e+01
-1.016426787494911466e+01,-1.601272807710873991e-01,-3.784723113085020429e+01,-3.285855591912324769e+01,-3.396066662760661359e+01,-4.160177969084600136e+00,-9.053095744465764483e+00,-2.930948968947769728e+01,-5.123117413990740232e+01,-1.575951892470967763e+01,-1.815552599652738763e+01,-2.587461890243300644e+01,-2.113163790663080732e+01,-9.175938265159587104e+00,-2.335288309957487130e+01,-1.817398268033820585e+01
-1.050255244670229260e+01,-5.788766573604045007e-01,-3.819745925936687314e+01,-3.329668528053636578e+01,-3.397481534492951027e+01,-4.546414728399843952e+00,-8.716810206372500147e+00,-2.938184946831586331e+01,-5.171432617688991229e+01,-1.622020172224502588e+01,-1.849637936682275452e+01,-2.572873292446753624e+01,-2.121004257326896791e+01,-9.557925272477259426e+00,-2.358448111163062677e+01,-1.805974877643842191e+01
-1.084319478067082088e+01,-9.740513045560099670e-01,-3.859804605886867535e+01,-3.371179899490647358e+01,-3.403706831576474201e+01,-4.865452619196151574e+00,-8.439389093183244483e+00,-2.940916483242468971e+01,-5.210259672497059569e+01,-1.665131748951217361e+01,-1.895550106105031318e+01,-2.558940356678279215e+01,-2.135072396206333423e+01,-9.997266125606939724e+00,-2.384249952135276374e+01,-1.791019559975907782e+01
-1.118560745719755900e+01,-1.337248644449100965e+00,-3.904276934661389475e+01,-3.409815430519363133e+01,-3.415999800390075336e+01,-5.109884337475035565e+00,-8.234976244914470556e+00,-2.939483389602489893e+01,-5.239913787499416031e+01,-1.704388372354251402e+01,-1.951328294833792398e+01,-2.546114302411647401e+01,-2.154866532993089123e+01,-1.048243670794192184e+01,-2.411856452848573085e+01,-1.773548606156731466e+01
-1.152616858802607602e+01,-1.660781335640371559e+00,-3.951737627775576556e+01,-3.444517284012605529e+01,-3.434807859441651345e+01,-5.271812770021113259e+00,-8.108475375535171281e+00,-2.934200831502799289e+01,-5.260479088302889750e+01,-1.738582371974393226e+01,-2.013777663402703411e+01,-2.534243977351986032e+01,-2.179391101539692244e+01,-1.099628971011764733e+01,-2.439776092575069910e+01,-1.754246015724908148e+01
-1.186002233705191600e+01,-1.939439173395111737e+00,-4.001015033352512518e+01,-3.474735531876215333e+01,-3.460503820594703939e+01,-5.346039784898914071e+00,-8.065909484172181010e+00,-2.925891185123341032e+01,-5.272606653416845290e+01,-1.766889850753600655e+01,-2.079689468152404075e+01,-2.523491065454946636e+01,-2.207819615031022309e+01,-1.152120245443294522e+01,-2.466623206178035943e+01,-1.734031961078187223e+01
-1.217975770132602165e+01,-2.169597740075962733e+00,-4.050502506581629802e+01,-3.499739694859780315e+01,-3.492780959075900427e+01,-5.328052098411081516e+00,-8.106310029094363045e+00,-2.915403715077278690e+01,-5.276822465380993776e+01,-1.788400840817643456e+01,-2.145233322907689910e+01,-2.513658847069724800e+01,-2.239056812495969950e+01,-1.203617788593324356e+01,-2.490672642872099019e+01,-1.713552021920107293e+01
-1.247675290622595234e+01,-2.350112218222626836e+00,-4.098690941830957257e+01,-3.519126663138499822e+01,-3.531089106888374829e+01,-5.216185523317213857e+00,-8.226109640178014715e+00,-2.903878212036480022e+01,-5.273926221894993205e+01,-1.802537295364006553e+01,-2.206672877179309467e+01,-2.504684992486762951e+01,-2.272128394714771460e+01,-1.252061878805845296e+01,-2.510328890764078480e+01,-1.693486587956356715e+01
-1.274022451671380374e+01,-2.481209185503590042e+00,-4.143404707974065104e+01,-3.532062456482782409e+01,-3.574069736621760995e+01,-5.009948602418699437e+00,-8.410189774394966733e+00,-2.892248793220997172e+01,-5.264281905792152116e+01,-1.808605687462063827e+01,-2.259723952038420691e+01,-2.495946876697759720e+01,-2.305737062309840724e+01,-1.295209385701404514e+01,-2.523678083622020552e+01,-1.674044867918111734e+01
-1.295984283677786308e+01,-2.565853799660032131e+00,-4.183009037441093625e+01,-3.538346164705865249e+01,-3.620441954768239867e+01,-4.712898838756881759e+00,-8.644707113400368570e+00,-2.881744674396966843e+01,-5.248670894102586004e+01,-1.806479209321831902e+01,-2.300928185890843736e+01,-2.487244765579842820e+01,-2.338954650906682531e+01,-1.331171176064555972e+01,-2.529314033681214013e+01,-1.655602235322533033e+01
-1.312526295068269455e+01,-2.608568953535489232e+00,-4.215988334881133426e+01,-3.537892255109478867e+01,-3.668600676103864799e+01,-4.330286371546122837e+00,-8.913062747699598276e+00,-2.873430166413850628e+01,-5.227736403626817463e+01,-1.796150261907444090e+01,-2.327273007271393723e+01,-2.478283226614275492e+01,-2.370845659651836712e+01,-1.358146167068688825e+01,-2.526000328593730160e+01,-1.638303153179978011e+01
-1.322766058513337306e+01,-2.615718573592626939e+00,-4.241276200716606581e+01,-3.531033597359250109e+01,-3.717016843252727654e+01,-3.871004907355285241e+00,-9.198934538784413917e+00,-2.868397582801597423e+01,-5.202278271400992082e+01,-1.778062135899661911e+01,-2.336665396318441168e+01,-2.469020442260196901e+01,-2.400768801838404443e+01,-1.374783142110787537e+01,-2.513023690781016484e+01,-1.622333421429205558e+01
-1.326004408064461870e+01,-2.594710942914739249e+00,-4.258352712653659466e+01,-3.518458693013755578e+01,-3.764188763061321907e+01,-3.345884783595215239e+00,-9.488910632519532484e+00,-2.867540279893398747e+01,-5.173095466783087915e+01,-1.752892421746955520e+01,-2.328037928985015981e+01,-2.459562464845840424e+01,-2.428246504217204915e+01,-1.380051594869038212e+01,-2.490129063569554546e+01,-1.607802033179587653e+01
-1.321860903044214908e+01,-2.554128558064398646e+00,-4.267586828090246343e+01,-3.501510092563119514e+01,-3.809029502761258357e+01,-2.768970527678897398e+00,-9.776285959691179528e+00,-2.871734247435929888e+01,-5.141284116031141593e+01,-1.721809080939850389e+01,-2.301751915263315595e+01,-2.450490515903429412e+01,-2.453234476019034460e+01,-1.373517513965667192e+01,-2.457825752883972470e+01,-1.595016727604727080e+01
-1.310229889848894480e+01,-2.502449011939195778e+00,-4.269809937124300347e+01,-3.481689371075663075e+01,-3.850530002223516135e+01,-2.155065969105042001e+00,-1.005762039698186783e+01,-2.881471696300057062e+01,-5.107786618584709970e+01,-1.686045005771054406e+01,-2.259124197912265686e+01,-2.442394539820226385e+01,-2.475770830395936528e+01,-1.355086408166306988e+01,-2.417027068989710159e+01,-1.584164713906526600e+01
-1.291316845919146239e+01,-2.447598691329168297e+00,-4.265927294067827802e+01,-3.460379892419116032e+01,-3.887769707234888727e+01,-1.520682319633644752e+00,-1.032785552896483239e+01,-2.896883353327469734e+01,-5.073306485199567817e+01,-1.646951226317126071e+01,-2.202087648827461663e+01,-2.435741101412259013e+01,-2.495972855143636338e+01,-1.325179263282200992e+01,-2.368984868963932655e+01,-1.575330977403004340e+01
-1.265684850729511801e+01,-2.396739932303578069e+00,-4.257367235771454261e+01,-3.439140243314989220e+01,-3.920138326176875410e+01,-8.825409421106691354e-01,-1.058710253432344217e+01,-2.917783995945823250e+01,-5.038527736977637517e+01,-1.605961670716185807e+01,-2.133541123604942413e+01,-2.431095816613144223e+01,-2.514119504941557182e+01,-1.284656344402999650e+01,-2.315392692475200676e+01,-1.568626328126729419e+01
-1.234202245434094358e+01,-2.355628334189087347e+00,-4.245395718062275137e+01,-3.419171224083954996e+01,-3.947111843403308740e+01,-2.575266198806556162e-01,-1.083232798227363958e+01,-2.943589631053961142e+01,-5.003821694944240051e+01,-1.564454240543513208e+01,-2.056637039073152096e+01,-2.428744250715320163e+01,-2.530477886875676319e+01,-1.234816014969638154e+01,-2.258095851761297723e+01,-1.564043697466195937e+01
-1.197998580869307972e+01,-2.328201497976493339e+00,-4.231162183067141314e+01,-3.401304499568780670e+01,-3.968242481972988855e+01,3.388967294239364492e-01,-1.105921144113480636e+01,-2.973295926046647253e+01,-4.969257251896135585e+01,-1.523620524069196591e+01,-1.974699069157738052e+01,-2.428677483193412456e+01,-2.545237099544165460e+01,-1.177239096964721199e+01,-2.198976825586238704e+01,-1.561433754498305149e+01
-1.158450488600611905e+01,-2.316739811866857401e+00,-4.215557181574668277e+01,-3.385959435260502914e+01,-3.983241199427430956e+01,8.919821506662160004e-01,-1.126036004840505456e+01,-3.005652123336353299e+01,-4.934701343437762944e+01,-1.484575660373489114e+01,-1.891015878505362480e+01,-2.430637049180759135e+01,-2.558594938130154617e+01,-1.113887486459255172e+01,-2.139937607736990799e+01,-1.560614632712508154e+01
-1.117192695364295041e+01,-2.322406449549953233e+00,-4.200030486860916312e+01,-3.373788711552625585e+01,-3.992342435717936411e+01,1.388903470177161203e+00,-1.143642678725191786e+01,-3.039410516572122845e+01,-4.900298002673205389e+01,-1.448474050526563417e+01,-1.809457737895825602e+01,-2.434630367220933067e+01,-2.570991035073602404e+01,-1.047004407281759342e+01,-2.083141661220770402e+01,-1.561653826257736810e+01
-1.075921965617588505e+01,-2.344499862982545757e+00,-4.185472745287352581e+01,-3.364806809578301738e+01,-3.995744355970244754e+01,1.819201940930863515e+00,-1.158302610464697580e+01,-3.073128598619062402e+01,-4.865879545093794434e+01,-1.416196138507610769e+01,-1.733274604073925218e+01,-2.440247289839783207e+01,-2.582724879319181355e+01,-9.789338673721836415e+00,-2.030443746814260209e+01,-1.564493032610503676e+01
-1.036431130044474003e+01,-2.381583246305515544e+00,-4.173365992355363119e+01,-3.359358416406738712e+01,-3.994176694329362931e+01,2.174926579519083525e+00,-1.170553276755329364e+01,-3.105587902541385148e+01,-4.831698583960483262e+01,-1.388672424694214413e+01,-1.666076210419874570e+01,-2.447469860187180046e+01,-2.594372694426522230e+01,-9.121460578813906039e+00,-1.983843386287217214e+01,-1.569400823218026986e+01
-1.000427864664572120e+01,-2.431162712948608196e+00,-4.165017888645971311e+01,-3.357544665263824868e+01,-3.988485853947879178e+01,2.450865131165766542e+00,-1.181014274644175543e+01,-3.135683766790372573e+01,-4.798017198953959195e+01,-1.366668772436307044e+01,-1.610977630531978377e+01,-2.456216080772983190e+01,-2.606520494874566296e+01,-8.490620917437560422e+00,-1.945079702464258986e+01,-1.576703961331815584e+01
-9.695118478312918953e+00,-2.490549247382130460e+00,-4.162276677111566414e+01,-3.359844123084321410e+01,-3.979936171949836421e+01,2.644873340969776443e+00,-1.191301513948663526e+01,-3.162672272185219668e+01,-4.765529394746740621e+01,-1.350945041832359017e+01,-1.571179123477003259e+01,-2.466835205393278940e+01,-2.619992119368133388e+01,-7.919866570940117256e+00,-1.915881969123109130e+01,-1.587033550105305757e+01
-9.449022213478221133e+00,-2.555818911723442000e+00,-4.165933407209095662e+01,-3.365847685532583711e+01,-3.969323990887455977e+01,2.758384269009496848e+00,-1.202104286588997084e+01,-3.185759160747220164e+01,-4.734407265609402771e+01,-1.341762734742063934e+01,-1.548371326467720621e+01,-2.479063553136132825e+01,-2.635229699313740781e+01,-7.428182927913795197e+00,-1.897164155258571583e+01,-1.600688356634073273e+01
-9.275535350112754429e+00,-2.623644626729108698e+00,-4.177223185083074242e+01,-3.375596951182299676e+01,-3.957810717441468995e+01,2.795052046881975727e+00,-1.214943556749787135e+01,-3.204671642702460588e+01,-4.705296042706868320e+01,-1.339464294942386680e+01,-1.544181097049295204e+01,-2.493145892851102730e+01,-2.652927676119419331e+01,-7.032467783012865681e+00,-1.889776274220183439e+01,-1.618270245271761709e+01
-9.179126452888963783e+00,-2.690223284200326415e+00,-4.196306102972548757e+01,-3.388354579668060040e+01,-3.946037163604373887e+01,2.761591590544371755e+00,-1.230314698178413835e+01,-3.219174090006989530e+01,-4.678331481038546258e+01,-1.343932631991816606e+01,-1.558682029337357022e+01,-2.508785790441760355e+01,-2.673395534021448228e+01,-6.744219340454039369e+00,-1.893729213418367863e+01,-1.640025663520045285e+01
-9.159981719535741362e+00,-2.752466735829480982e+00,-4.223207447139461124e+01,-3.403457780898921214e+01,-3.934640355824448932e+01,2.666581058783284774e+00,-1.248743543001669565e+01,-3.229404777179136232e+01,-4.653740040826987467e+01,-1.354966649577007232e+01,-1.591353827980906033e+01,-2.525841808285761658e+01,-2.696943769911235833e+01,-6.570856457450066301e+00,-1.908681629773161603e+01,-1.666220453307121474e+01
-9.212706227396985526e+00,-2.807301671191532400e+00,-4.256747978761228524e+01,-3.419463952918879812e+01,-3.923656888011988997e+01,2.520408750054219382e+00,-1.269455263484308638e+01,-3.235523048577779548e+01,-4.631146099178034348e+01,-1.371959454822491153e+01,-1.640107003430759391e+01,-2.543601001293098918e+01,-2.723454090661022420e+01,-6.514044464308604176e+00,-1.933443461274723774e+01,-1.696679679149058018e+01
-9.328895285793841197e+00,-2.853635672623930475e+00,-4.296440103847442060e+01,-3.435778280642673366e+01,-3.913586087132350144e+01,2.333268275790755020e+00,-1.292558387187870750e+01,-3.238323370045869609e+01,-4.610756102483313157e+01,-1.394608181867249286e+01,-1.703198067388375136e+01,-2.562123526857091349e+01,-2.753166858730923749e+01,-6.573059384090106150e+00,-1.966979240282991981e+01,-1.731572010023548103e+01
-9.495027838987326163e+00,-2.890478055242284405e+00,-4.340671071169866480e+01,-3.451098835640754459e+01,-3.904274804323780046e+01,2.116581206582445418e+00,-1.316882469966455638e+01,-3.238488337495348901e+01,-4.592068529763518825e+01,-1.422176534725226738e+01,-1.777513586196402073e+01,-2.580865845025320482e+01,-2.785834021244909309e+01,-6.740791303343883101e+00,-2.007472443570550880e+01,-1.770537452957299607e+01
-9.695645646697011344e+00,-2.918817246189386427e+00,-4.388606389102513816e+01,-3.465046969845695912e+01,-3.896035678260175672e+01,1.880343134499440794e+00,-1.342179289903377892e+01,-3.237216126029020558e+01,-4.575096206486060879e+01,-1.454276923734376581e+01,-1.860545536230620911e+01,-2.600061171252814773e+01,-2.821550581027988613e+01,-7.008292237066346075e+00,-2.053392808496506561e+01,-1.813515156695942920e+01
-9.912424174865583026e+00,-2.940115275013584828e+00,-4.438967238635974866e+01,-3.477074802546239596e+01,-3.888855768522353173e+01,1.634292813213755302e+00,-1.367688294958170303e+01,-3.235636732888862355e+01,-4.559442235636605290e+01,-1.490321887183310423e+01,-1.949258565863451054e+01,-2.619731774501138943e+01,-2.860144948277187638e+01,-7.362124875441804051e+00,-2.102870117276290429e+01,-1.860125697439456616e+01
-1.012709496409514998e+01,-2.957559857158690964e+00,-4.491523716559835577e+01,-3.487717448286686306e+01,-3.883269142648939010e+01,1.386069592718666144e+00,-1.393858451525181152e+01,-3.235256492239890491e+01,-4.545241352261368206e+01,-1.530099968379117215e+01,-2.041650774638596744e+01,-2.640727842407554959e+01,-2.901818623389683438e+01,-7.787991791867241886e+00,-2.154543515855924340e+01,-1.910312659218465825e+01
-1.031977536250614236e+01,-2.973671276773285577e+00,-4.545082414864587861e+01,-3.496808862884220304e+01,-3.879113624181173492e+01,1.143245319692679729e+00,-1.419991117381185930e+01,-3.237091446389005256e+01,-4.531745576031798350e+01,-1.572924303094221443e+01,-2.134850394949738472e+01,-2.663167950627610381e+01,-2.946196070493359542e+01,-8.266848381511945121e+00,-2.206527581844999020e+01,-1.963390806508341058e+01
-1.047282447710665210e+01,-2.992056857300209316e+00,-4.599338100859679912e+01,-3.505071067945716834e+01,-3.876712273810134946e+01,9.104243886255272145e-01,-1.446335677109025397e+01,-3.242354063396513197e+01,-4.518623616696521594e+01,-1.618481421961089239e+01,-2.227056778825721750e+01,-2.687823109617745132e+01,-2.993220320029602988e+01,-8.780735017025204314e+00,-2.257521302083619474e+01,-2.018947790836182321e+01
-1.056959815510402123e+01,-3.015315153627665445e+00,-4.653277381474773478e+01,-3.512651144163670835e+01,-3.875845106694549713e+01,6.917358724854896224e-01,-1.472239145462132726e+01,-3.251710692431666416e+01,-4.504816545085649437e+01,-1.666071799837508038e+01,-2.315998881766375206e+01,-2.714816999680169829e+01,-3.042361097942567127e+01,-9.309114675098971503e+00,-2.305948154957768281e+01,-2.076062377949146054e+01
-1.059719652168388393e+01,-3.046049046684499384e+00,-4.706346977954152777e+01,-3.520108643056201458e+01,-3.876516968686136977e+01,4.889643827535099518e-01,-1.497439626638642807e+01,-3.265730496912927094e+01,-4.489402579422237949e+01,-1.715166545794472697e+01,-2.400156948095558462e+01,-2.744500715955909698e+01,-3.093201298441198333e+01,-9.833094611993923095e+00,-2.350678007202055397e+01,-2.133905153933780952e+01
-1.054541842375712868e+01,-3.085199816081869439e+00,-4.757099391316830861e+01,-3.527172079630774704e+01,-3.878107284578378255e+01,3.034386810825981939e-01,-1.520509142543136605e+01,-3.284307158401634297e+01,-4.470678580031231064e+01,-1.764813446017685195e+01,-2.477441127521724695e+01,-2.776379875916745732e+01,-3.144797018250436338e+01,-1.033277817941772270e+01,-2.390291271909384108e+01,-2.191107558985421022e+01
-1.041031819529135127e+01,-3.134034032483531629e+00,-4.805207830343946540e+01,-3.534451227240722204e+01,-3.880631338819837595e+01,1.335589734889328639e-01,-1.541176802869868112e+01,-3.307462229808577092e+01,-4.447613808411925618e+01,-1.814533692782888608e+01,-2.547193254300451315e+01,-2.810626649604277816e+01,-3.196654851733637059e+01,-1.079305605529613921e+01,-2.424231902937094674e+01,-2.246765546943221281e+01
-1.019191804468827733e+01,-3.191975890592740228e+00,-4.849770934421144375e+01,-3.541858113409682574e+01,-3.883593992527239180e+01,-2.183398759662757982e-02,-1.558434770568064209e+01,-3.334582382189344685e+01,-4.418633095644121056e+01,-1.863458099144897773e+01,-2.608433664811501984e+01,-2.846685569163876295e+01,-3.247855527691264399e+01,-1.119873909399559864e+01,-2.451792099907187961e+01,-2.299584725349566483e+01
-9.896709231690522302e+00,-3.258391830181782023e+00,-4.890884740686347243e+01,-3.549979682846782936e+01,-3.887031623492966048e+01,-1.660838854873851744e-01,-1.572341184459997976e+01,-3.365143561930035787e+01,-4.382834056069613382e+01,-1.911130373918130232e+01,-2.661411759548396816e+01,-2.884533814250137596e+01,-3.297889014062879198e+01,-1.153991598475761293e+01,-2.473035451987355060e+01,-2.348734385700986138e+01
-9.535614689423059787e+00,-3.331213453885307541e+00,-4.928571387448992880e+01,-3.559057742620116471e+01,-3.890738508701282683e+01,-3.020109123434373544e-01,-1.582893248738364633e+01,-3.398219207261347208e+01,-4.339204573376559182e+01,-1.956909503566905073e+01,-2.706447158602298941e+01,-2.923779585156562888e+01,-3.346062637867954948e+01,-1.180817566477659142e+01,-2.488098948773915708e+01,-2.393282214097585126e+01
-9.125425253169780149e+00,-3.408515725933747298e+00,-4.964058572295192562e+01,-3.570119400406382937e+01,-3.895113316216821175e+01,-4.338095647920425790e-01,-1.591487610617396342e+01,-3.433097236104808303e+01,-4.287618115869449298e+01,-2.000603163063819068e+01,-2.745149226776633355e+01,-2.964697297624163497e+01,-3.392181466453601502e+01,-1.200056407961219307e+01,-2.497923784558182803e+01,-2.432898622220131202e+01
-8.685437799543270998e+00,-3.486696699118154719e+00,-4.998058726092395432e+01,-3.583442331529499114e+01,-3.900022149048977127e+01,-5.638202092715030034e-01,-1.599003353754821788e+01,-3.468580717829987492e+01,-4.227635351036801126e+01,-2.041640522741523256e+01,-2.778621295493060472e+01,-3.006890177739581560e+01,-3.435683800253163867e+01,-1.211435727736983381e+01,-2.503206618307125453e+01,-2.467006745304671611e+01
-8.238422805551760320e+00,-3.562200592452043235e+00,-5.031846153210371142e+01,-3.599596052847884664e+01,-3.905640056415090555e+01,-6.952832741580454723e-01,-1.606973989446651530e+01,-3.503646975207412595e+01,-4.159457763026439636e+01,-2.079771822352771693e+01,-2.808541892056469180e+01,-3.050291802744757064e+01,-3.476323354935896504e+01,-1.215158813207133903e+01,-2.505090260636977106e+01,-2.495470721505417089e+01
-7.807796847798198492e+00,-3.630494173368759903e+00,-5.066261168448533425e+01,-3.618547374191486199e+01,-3.911742754810555311e+01,-8.296215066668422011e-01,-1.616500057965620840e+01,-3.537013955828786038e+01,-4.083185899123871820e+01,-2.114500919867510831e+01,-2.836087316900405142e+01,-3.094356219462512314e+01,-3.513611848991938302e+01,-1.211479358229677317e+01,-2.504476464819810388e+01,-2.518055244845132989e+01
-7.417530303847932771e+00,-3.687292209762763839e+00,-5.102225563799605368e+01,-3.640231146006853891e+01,-3.918199674801088150e+01,-9.683775797377203176e-01,-1.628741455157871698e+01,-3.567555024465347913e+01,-3.999344646485715060e+01,-2.145516042620246111e+01,-2.862458163754862994e+01,-3.138627750377404979e+01,-3.547223037449430905e+01,-1.200969097823641718e+01,-2.502390494294389356e+01,-2.534816608724982956e+01
-7.089211856510275744e+00,-3.727559500529983083e+00,-5.139723146750564808e+01,-3.663677631989154548e+01,-3.924305946381647203e+01,-1.111158469494668566e+00,-1.643787783863476193e+01,-3.593889042020750679e+01,-3.908139322829729423e+01,-2.172186438628275695e+01,-2.887831056141251551e+01,-3.181964667353609855e+01,-3.576461779902515303e+01,-1.184136407642832367e+01,-2.499319338479137542e+01,-2.545566976180984398e+01
-6.843035897541984269e+00,-3.747508267896463074e+00,-5.179041973438445723e+01,-3.688216903031429439e+01,-3.929709621127130958e+01,-1.258479902184514998e+00,-1.662009751208224984e+01,-3.615059247506437146e+01,-3.810429273148709939e+01,-2.194284821233200944e+01,-2.912623343310045954e+01,-3.223636737693735910e+01,-3.600986333020834707e+01,-1.161842663945342480e+01,-2.495964107692167033e+01,-2.550576562392694413e+01
-6.695203798748305957e+00,-3.743694558827472818e+00,-5.220050874674006280e+01,-3.712817159775235609e+01,-3.933832864453156475e+01,-1.409228139117140621e+00,-1.683325135293415897e+01,-3.630122049806267626e+01,-3.707051402616912128e+01,-2.211464687060770018e+01,-2.936709863945516474e+01,-3.262676217212839447e+01,-3.620321589119018313e+01,-1.134854342981224740e+01,-2.492673188268455320e+01,-2.550078081487744441e+01
-6.658062553753802959e+00,-3.714056218467754356e+00,-5.262655428594644036e+01,-3.736622512933009688e+01,-3.936337070799618232e+01,-1.563043043483338224e+00,-1.707639155820389121e+01,-3.638517440280378423e+01,-3.599240898061005822e+01,-2.223687012090646675e+01,-2.959944490470017797e+01,-3.298403238045968067e+01,-3.634234427437479553e+01,-1.104120003086681123e+01,-2.489805000943301039e+01,-2.544602535632400730e+01
-6.738732391184914405e+00,-3.657531509729063490e+00,-5.306667974279792332e+01,-3.758801805478402258e+01,-3.936900921573577250e+01,-1.718689698098659235e+00,-1.734813493372273996e+01,-3.639866650405021886e+01,-3.488329494695476996e+01,-2.230947772481443181e+01,-2.981997105590930275e+01,-3.330208308107096116e+01,-3.642515361430408660e+01,-1.070488420132137719e+01,-2.487501182990426685e+01,-2.534740521106208178e+01
-6.939640883095727020e+00,-3.574875319719040601e+00,-5.352279040309866787e+01,-3.779061318795012170e+01,-3.935635142310742651e+01,-1.875899140161207512e+00,-1.765150772526874334e+01,-3.634274664540356525e+01,-3.376105235949641070e+01,-2.233623991160197164e+01,-3.002883207377400510e+01,-3.358025848215571330e+01,-3.645311049886971944e+01,-1.034929068997666235e+01,-2.486042808082752131e+01,-2.521435811846519570e+01
-7.257132896242433517e+00,-3.467672027976800297e+00,-5.399457167534266233e+01,-3.797081124270149388e+01,-3.932580213551887027e+01,-2.033348479341422710e+00,-1.798786371176400323e+01,-3.621935372266868569e+01,-3.264188995189662279e+01,-2.232009201426835432e+01,-3.022349927278636272e+01,-3.381757554143299416e+01,-3.642696456552558004e+01,-9.981718631529123087e+00,-2.485398589377678391e+01,-2.505527526858903187e+01
-7.682002687545367081e+00,-3.338578923726389647e+00,-5.447812857283140886e+01,-3.812513109539920464e+01,-3.927802797266057411e+01,-2.190431471492297000e+00,-1.835416700348497443e+01,-3.603249971021774911e+01,-3.154041034017360801e+01,-2.226495020992580720e+01,-3.039859397333785296e+01,-3.401331202360004369e+01,-3.634785254927399478e+01,-9.609049409204665437e+00,-2.485322459720672938e+01,-2.487808345593214554e+01
-8.200015569923225556e+00,-3.191173347937286131e+00,-5.496931501287282629e+01,-3.825204226505006488e+01,-3.921455790298472976e+01,-2.346181365596729407e+00,-1.874762001975680192e+01,-3.578776353226005114e+01,-3.046989332226181091e+01,-2.217489009270638434e+01,-3.054907703073550351e+01,-3.416806667044698997e+01,-3.621731608152414594e+01,-9.236465118635559080e+00,-2.485428203165205829e+01,-2.469001914096491390e+01
-8.792426428326525212e+00,-3.029659486384342681e+00,-5.545926983008588707e+01,-3.834873044487796534e+01,-3.913629277738401413e+01,-2.500074112926590431e+00,-1.915930928919123133e+01,-3.549171216698010056e+01,-2.943986855564708094e+01,-2.205384720008567712e+01,-3.066660257121917965e+01,-3.428131667905442015e+01,-3.603650883945466887e+01,-8.868128201879335037e+00,-2.485091130702205575e+01,-2.449637868585246636e+01
-9.436647734645049468e+00,-2.858371721846997726e+00,-5.593448563010218777e+01,-3.841036212346018885e+01,-3.904223797249170502e+01,-2.650921457382430901e+00,-1.957468570225975668e+01,-3.515037019621119896e+01,-2.845471547977902560e+01,-2.190400916410920829e+01,-3.073957790426834791e+01,-3.435022417765682690e+01,-3.580502504186381429e+01,-8.505903849391373228e+00,-2.483381208098217741e+01,-2.429910706642948526e+01
-1.010805893793966703e+01,-2.682054965485380471e+00,-5.637850570069976186e+01,-3.843185088736919397e+01,-3.893156412849697290e+01,-2.798420936762102684e+00,-1.997464788070516306e+01,-3.477098079883360526e+01,-2.751562207461810772e+01,-2.172810483163573281e+01,-3.075540215533116850e+01,-3.437165495039899099e+01,-3.552289154054352593e+01,-8.151625687041885726e+00,-2.479297091682088450e+01,-2.409845594812337666e+01
-1.078173340229047383e+01,-2.505957779397638863e+00,-5.677929383528434926e+01,-3.841278547129375909e+01,-3.880596103060454993e+01,-2.942103318381086297e+00,-2.034500852464650578e+01,-3.436255897752361221e+01,-2.662366881316404488e+01,-2.152975405327519454e+01,-3.070702580018453887e+01,-3.434561561156301934e+01,-3.519204267602557223e+01,-7.806555006216498782e+00,-2.472044225079316604e+01,-2.389455882024692102e+01
-1.143295356751465519e+01,-2.335007441484981960e+00,-5.712117118540509608e+01,-3.835043989161908939e+01,-3.866541589016856051e+01,-3.081613129697177378e+00,-2.066626748087328735e+01,-3.393369728490566928e+01,-2.577526063636110365e+01,-2.131157081704322209e+01,-3.058513561474207876e+01,-3.426983427830762707e+01,-3.481363906558963350e+01,-7.471330378397247785e+00,-2.460720072453389307e+01,-2.368453436955164904e+01
-1.203948104415250242e+01,-2.174346820524698298e+00,-5.739583341716709697e+01,-3.824792273991386082e+01,-3.851304989049869931e+01,-3.216560444117964046e+00,-2.092748476096323529e+01,-3.349493440327420757e+01,-2.496833597472147659e+01,-2.107762278396313960e+01,-3.038835050597073106e+01,-3.414631094246081489e+01,-3.439152712848657245e+01,-7.146888360288256692e+00,-2.444815802314528952e+01,-2.346622182767313802e+01
-1.258215019169512061e+01,-2.028764252826425363e+00,-5.759711535242998082e+01,-3.810943069113162807e+01,-3.835223418056338573e+01,-3.346681774070743742e+00,-2.111966575338763263e+01,-3.305722023350899974e+01,-2.419963991947309978e+01,-2.083207707896129435e+01,-3.011777162079235381e+01,-3.397767272280949413e+01,-3.393047788295439204e+01,-6.834445072840994229e+00,-2.424022799035637377e+01,-2.323654898416143766e+01
-1.304626925672890181e+01,-1.902864775771622829e+00,-5.772730473619552072e+01,-3.794447847392856232e+01,-3.818884998647093454e+01,-3.471265089433813955e+00,-2.124382950482238641e+01,-3.263270459564399317e+01,-2.346821967196864023e+01,-2.057997618560564845e+01,-2.978239288548888908e+01,-3.377050923326861209e+01,-3.343761527859307137e+01,-6.535451553600051255e+00,-2.398482196255045551e+01,-2.299345921586839125e+01
-1.342080639739289438e+01,-1.799763847180290144e+00,-5.778330489527903779e+01,-3.775606075209230283e+01,-3.802381389535790390e+01,-3.588828724276460491e+00,-2.129404350656560752e+01,-3.223049030947753835e+01,-2.276766548142811786e+01,-2.032308866240780887e+01,-2.938545058214127792e+01,-3.352587844047182841e+01,-3.291716081018779505e+01,-6.250302821108036255e+00,-2.368152879004213673e+01,-2.273087689555675439e+01
-1.370059625224186384e+01,-1.722370861039972834e+00,-5.777109430091250175e+01,-3.755250820689225577e+01,-3.786116352905185067e+01,-3.698042862772499717e+00,-2.127465076217103146e+01,-3.186119522993370623e+01,-2.209598730164253766e+01,-2.006499247469765734e+01,-2.893825639855280585e+01,-3.324946613793444783e+01,-3.237626085075112314e+01,-5.980767361474228494e+00,-2.333540566707083741e+01,-2.244515642766080887e+01
-1.388476906963659374e+01,-1.672040759799518606e+00,-5.769141159627855586e+01,-3.733525499376890622e+01,-3.770007102078411521e+01,-3.796813357637964792e+00,-2.118284813035023006e+01,-3.153207709151916305e+01,-2.144717207019321137e+01,-1.980604290681789692e+01,-2.844586726048833114e+01,-3.294146123550083161e+01,-3.181903088414235015e+01,-5.727670946448311540e+00,-2.294985385539703060e+01,-2.212956936277411302e+01
-1.397760648575380316e+01,-1.649353486771176325e+00,-5.754816731859827428e+01,-3.710587772182962141e+01,-3.753980416130647768e+01,-3.882895599205777870e+00,-2.101860184327498970e+01,-3.124964639962669466e+01,-2.081727037002941216e+01,-1.954649746221738482e+01,-2.791521872803085103e+01,-3.260264610225295456e+01,-3.124996794782343912e+01,-5.492292410009905979e+00,-2.253073807400052431e+01,-2.177828186485197648e+01
-1.398714184710105535e+01,-1.653403404992345394e+00,-5.733885270641589216e+01,-3.685837691961687312e+01,-3.737501708081467910e+01,-3.953879138289611461e+00,-2.077304935410018061e+01,-3.101681642500157920e+01,-2.019930372080467862e+01,-1.928393982597812339e+01,-2.734584928725696074e+01,-3.222822550268317343e+01,-3.067042157443027151e+01,-5.275337493634827624e+00,-2.208178789748699700e+01,-2.138323615072622630e+01
-1.392663654363320802e+01,-1.683483914687845751e+00,-5.707191402171022787e+01,-3.659395081145029849e+01,-3.720590094736074604e+01,-4.008449184662618237e+00,-2.044932042364332858e+01,-3.083862435547894165e+01,-1.959475508043107084e+01,-1.901951935398543014e+01,-2.674671722744628255e+01,-3.182031288295443971e+01,-3.008575841146971186e+01,-5.079702089236953100e+00,-2.161314231646635164e+01,-2.094194058114725365e+01
-1.381136540989139050e+01,-1.737396400347769765e+00,-5.674870503281579204e+01,-3.630596727739339968e+01,-3.702789177327358772e+01,-4.044865337531668104e+00,-2.004158711386633485e+01,-3.071557961634961487e+01,-1.900187811979186137e+01,-1.875115336284013168e+01,-2.611847373404404493e+01,-3.137506841629060972e+01,-2.949748266673908503e+01,-4.906646119324332034e+00,-2.113161639021567240e+01,-2.044986624410023524e+01
-1.365990758545222405e+01,-1.813316149643055208e+00,-5.638131680550839064e+01,-3.599568424303016201e+01,-3.684261810991470298e+01,-4.062984726038763483e+00,-1.955657039974486366e+01,-3.065012917322361119e+01,-1.842769258750288941e+01,-1.848080755970453382e+01,-2.547123525029326174e+01,-3.089615416235658074e+01,-2.891115163058342219e+01,-4.759433178713004864e+00,-2.064982855775072679e+01,-1.990873299947485009e+01
-1.349126938959036970e+01,-1.908546537031833079e+00,-5.597970201684623248e+01,-3.566168202816751887e+01,-3.665043777458789975e+01,-4.062945776696977873e+00,-1.899914784052014127e+01,-3.064170315234733977e+01,-1.787912162144318984e+01,-1.820927631860347873e+01,-2.481205956123258005e+01,-3.038549132239248607e+01,-2.833059618170916494e+01,-4.640252485199187760e+00,-2.017900870643472899e+01,-1.932089920965335850e+01
-1.332551735857470376e+01,-2.020967406403393340e+00,-5.556537575602031609e+01,-3.531216311480817893e+01,-3.645877042089953335e+01,-4.046504572817328338e+00,-1.838890678507858212e+01,-3.069158656134039731e+01,-1.737176189955643224e+01,-1.794158830706007635e+01,-2.415865450728791330e+01,-2.985355368515016750e+01,-2.776393332229743294e+01,-4.552704441468348406e+00,-1.973583147364385582e+01,-1.869554352573686629e+01
-1.317988943810043345e+01,-2.146975074140013096e+00,-5.515030640951845697e+01,-3.494750235082585732e+01,-3.626979666065310681e+01,-4.014933021305473915e+00,-1.773604050407553245e+01,-3.079520177921771307e+01,-1.691543699205750784e+01,-1.767869724159650602e+01,-2.351908599656161414e+01,-2.930423435830211432e+01,-2.721429645068946357e+01,-4.497276798334603143e+00,-1.933098933530536101e+01,-1.803916795481148583e+01
-1.307050796281617266e+01,-2.283616500500949442e+00,-5.475490214319599858e+01,-3.457669072088269502e+01,-3.609218997069773849e+01,-3.971593394364386853e+00,-1.706240608969468298e+01,-3.094965852094742331e+01,-1.652655496034484628e+01,-1.742585163985661012e+01,-2.291029806058773843e+01,-2.874907563716628900e+01,-2.668867138587299337e+01,-4.476041473276564986e+00,-1.897911085894821781e+01,-1.736431263543357773e+01
-1.300913424768770987e+01,-2.426774608738201611e+00,-5.439064368488003254e+01,-3.420269894403822519e+01,-3.593035509828413865e+01,-3.919459701072584679e+00,-1.638170311848640637e+01,-3.114699033982404686e+01,-1.621546819784154536e+01,-1.718494436513856982e+01,-2.234116469999602472e+01,-2.819422162285453837e+01,-2.618984392815806928e+01,-4.488160077001678516e+00,-1.868890114633530430e+01,-1.668105296556781525e+01
-1.300430474492282684e+01,-2.572571719409266766e+00,-5.407136538589278274e+01,-3.383297498111960522e+01,-3.579186804100591246e+01,-3.862793107891436151e+00,-1.571240194133141799e+01,-3.137932758983193438e+01,-1.599414927030732514e+01,-1.696000218077665522e+01,-2.182428902832217688e+01,-2.764948143265703351e+01,-2.572221251840977985e+01,-4.533151618507160308e+00,-1.846952276047495900e+01,-1.600239338052276850e+01
-1.305905306210841310e+01,-2.715952991693669549e+00,-5.379886321633586022e+01,-3.346719021777033021e+01,-3.567853289953202278e+01,-3.805274370240637083e+00,-1.506124765096011231e+01,-3.163367378267535912e+01,-1.586579648507401430e+01,-1.675122387891923026e+01,-2.136206046399727398e+01,-2.711763027544445848e+01,-2.528524468433268524e+01,-4.607638163496284633e+00,-1.832255929136086436e+01,-1.533712545259964699e+01
-1.317375807440423863e+01,-2.852938149156579062e+00,-5.358290044494833637e+01,-3.311481195366316399e+01,-3.559859163801525739e+01,-3.752379507160830130e+00,-1.444638172379487173e+01,-3.190034032617283088e+01,-1.583823699539387775e+01,-1.656376147735262094e+01,-2.096662229166076941e+01,-2.660957676962902241e+01,-2.488310670326742269e+01,-4.710366378351046990e+00,-1.825307964734435728e+01,-1.469896604255001549e+01
-1.334362383368200256e+01,-2.978622767284847761e+00,-5.342304064336117619e+01,-3.277875328484191897e+01,-3.555441128916443461e+01,-3.708163769378346686e+00,-1.387664038640518349e+01,-3.216555495098855744e+01,-1.591013712070856911e+01,-1.639880630624566038e+01,-2.064132764330702940e+01,-2.612974881669552474e+01,-2.451549178110651894e+01,-4.836931746402445498e+00,-1.825895491881021826e+01,-1.409679490266915458e+01
-1.356157900934486626e+01,-3.089128437795676696e+00,-5.332522326303505622e+01,-3.246987801151865938e+01,-3.555282142211929397e+01,-3.677863513291124598e+00,-1.337029968324027429e+01,-3.241909835205321855e+01,-1.608270081034697796e+01,-1.626162385562247792e+01,-2.039727678441825276e+01,-2.568901580576385157e+01,-2.418602919079017610e+01,-4.984872523222197316e+00,-1.834048174376211904e+01,-1.354251124072552770e+01
-1.381701140127788818e+01,-3.180230795937286636e+00,-5.329006560635654921e+01,-3.219584409529568347e+01,-3.559641939215132567e+01,-3.665287189304789806e+00,-1.294190536148226300e+01,-3.264922139333840079e+01,-1.635044077883630820e+01,-1.615513941889815186e+01,-2.024094059830147074e+01,-2.529471435770284060e+01,-2.389587011716616871e+01,-5.149798723762842201e+00,-1.849326086583318940e+01,-1.304421429429790535e+01
-1.409854390658277801e+01,-3.248974258978534202e+00,-5.332650937016847337e+01,-3.197268318354359096e+01,-3.569191469295175523e+01,-3.674729881641797036e+00,-1.261724151213283385e+01,-3.284895495175453561e+01,-1.671091396041700960e+01,-1.608617547774652223e+01,-2.018725718618807718e+01,-2.496091161554038962e+01,-2.365040292080708895e+01,-5.329382831115598407e+00,-1.871624598682962670e+01,-1.261260906413153293e+01
-1.439222597031578843e+01,-3.291670301716498770e+00,-5.343369688801958972e+01,-3.180802374193894622e+01,-3.583781127414751211e+01,-3.707878591321525974e+00,-1.241213437228362970e+01,-3.300868402587335027e+01,-1.715177653085191167e+01,-1.605658694626042760e+01,-2.024090308544928263e+01,-2.469375514715127906e+01,-2.344998546827935471e+01,-5.518267610483825081e+00,-1.900133494352379415e+01,-1.225150927591897698e+01
-1.468472827230459643e+01,-3.305719458995730164e+00,-5.361398283919884022e+01,-3.171250578696290390e+01,-3.603346002321209340e+01,-3.766710669834792746e+00,-1.234580569395479088e+01,-3.312311083883597718e+01,-1.766146510886910903e+01,-1.607060316208990258e+01,-2.040922288334685675e+01,-2.450217724921320439e+01,-2.329725298642278375e+01,-5.713252102632729645e+00,-1.934197592798556542e+01,-1.196497336861235539e+01
-1.496236024463561698e+01,-3.288280015105649490e+00,-5.386190776568238192e+01,-3.168894270370566346e+01,-3.627104085859436822e+01,-3.850785319920912109e+00,-1.242777506021970524e+01,-3.318606978468953628e+01,-1.822117054899776178e+01,-1.612833968100951765e+01,-2.069030503400580656e+01,-2.438815598626921854e+01,-2.319070383762048948e+01,-5.909200317019884352e+00,-1.972641368455963118e+01,-1.175102040707057682e+01
-1.521325132503054611e+01,-3.237415667335186598e+00,-5.417129816322560032e+01,-3.173856633997412047e+01,-3.654119022154437602e+01,-3.959347509261082365e+00,-1.266408295007124352e+01,-3.319480891039798109e+01,-1.881157175075625787e+01,-1.623032755897487789e+01,-2.108002573749839215e+01,-2.435281231041404482e+01,-2.312909318954773497e+01,-6.102433305789684681e+00,-2.014294408149513771e+01,-1.160613173111752872e+01
-1.542636679209019412e+01,-3.150866415552843858e+00,-5.452457347226924611e+01,-3.185084719853947277e+01,-3.682589697918984939e+01,-4.089340747945654719e+00,-1.304437941502089515e+01,-3.314515443299864472e+01,-1.940574773831373534e+01,-1.637198033927740326e+01,-2.156092734540589362e+01,-2.438750068381202141e+01,-2.310561767178862169e+01,-6.287363809722970487e+00,-2.057373888249404814e+01,-1.151971213872861632e+01
-1.559452151515538709e+01,-3.028048294969488907e+00,-5.490830544766632215e+01,-3.201713103019405793e+01,-3.710942283608448378e+01,-4.238498772647721680e+00,-1.355851023820604695e+01,-3.303866923574600634e+01,-1.998162725087025393e+01,-1.655152160053384236e+01,-2.211773825262312343e+01,-2.448624435404201094e+01,-2.311604329978335315e+01,-6.461556564371154110e+00,-2.100456389173179872e+01,-1.148263558377509597e+01
-1.571291786091795117e+01,-2.868723813181859761e+00,-5.530404334695206359e+01,-3.222150069421719110e+01,-3.737146659108456248e+01,-4.402635613623692379e+00,-1.418619121677503969e+01,-3.287713047402381505e+01,-2.051490591509528372e+01,-1.676363843748035265e+01,-2.272744757686006878e+01,-2.463707528421016946e+01,-2.315272243811913455e+01,-6.621262842393790038e+00,-2.141860919407290709e+01,-1.148178012149476501e+01
-1.578072071548444910e+01,-2.674167274888396229e+00,-5.569613135675400883e+01,-3.244827103105257748e+01,-3.759395961763269867e+01,-4.578452032917711634e+00,-1.490485706673136690e+01,-3.266682500591966232e+01,-2.098648865821587606e+01,-1.700480110296237157e+01,-2.336762283318207523e+01,-2.482925437933468515e+01,-2.320958823360639656e+01,-6.765242989052666189e+00,-2.180234803432011859e+01,-1.150548926514294479e+01
-1.580000962523248020e+01,-2.446433245808680379e+00,-5.606932355440820004e+01,-3.267911621549907153e+01,-3.775852630263162268e+01,-4.761795449087193433e+00,-1.568802736550303756e+01,-3.241539794428810239e+01,-2.137984104064732094e+01,-1.726996339687094917e+01,-2.401372050234135713e+01,-2.505006006757974291e+01,-2.327932196166954526e+01,-6.891895264138463872e+00,-2.214297949996598547e+01,-1.154137527890604176e+01
-1.577671743817321115e+01,-2.189336537330904608e+00,-5.641604915626998462e+01,-3.290019023780567409e+01,-3.785263075998909699e+01,-4.949829878142138817e+00,-1.651322987164166989e+01,-3.213518923729505161e+01,-2.168732551808415820e+01,-1.755691610636947075e+01,-2.464695116848028533e+01,-2.529124189553188273e+01,-2.335781585306530417e+01,-7.002208540784401691e+00,-2.243359700199836482e+01,-1.158118206036144571e+01
-1.571856523458989940e+01,-1.907152743654474847e+00,-5.672894010823382871e+01,-3.309538400579410222e+01,-3.786419204619888035e+01,-5.138820186530672629e+00,-1.735475027008268256e+01,-3.183814265470967797e+01,-2.190392826174634422e+01,-1.786106834769966767e+01,-2.524695072942851581e+01,-2.554230881454209623e+01,-2.343922092697262372e+01,-7.095957506804600357e+00,-2.266797900945991984e+01,-1.161638984987770229e+01
-1.563510970825840829e+01,-1.605053397894066425e+00,-5.700212253901668902e+01,-3.324905029034573545e+01,-3.778479043431931217e+01,-5.326314722938612078e+00,-1.818475850574073860e+01,-3.153756009477368849e+01,-2.202998167009774022e+01,-1.817855124213004103e+01,-2.579457580241095016e+01,-2.579351402584834219e+01,-2.351845162962965929e+01,-7.174320990699571965e+00,-2.284299125743203618e+01,-1.164086693380767379e+01
-1.553669631291487008e+01,-1.288743501761662191e+00,-5.723268628240458611e+01,-3.334722491613535311e+01,-3.760967958292037139e+01,-5.509807249926140571e+00,-1.897679338697400908e+01,-3.124638780465324572e+01,-2.207062665094995424e+01,-1.850473035811472755e+01,-2.627364092845093069e+01,-2.603587950735491319e+01,-2.359051480190187888e+01,-7.238080495544227944e+00,-2.295812492697643847e+01,-1.165051034975260968e+01
-1.543370274603103809e+01,-9.643086728464413948e-01,-5.741811305340858951e+01,-3.337699105562013813e+01,-3.733803581029209795e+01,-5.687823252968552623e+00,-1.970283311950964134e+01,-3.097708130628718237e+01,-2.203509554690354122e+01,-1.883513179986061203e+01,-2.666978555040247656e+01,-2.626096683821286604e+01,-2.365091172158841459e+01,-7.288787471052099676e+00,-2.301532110950648757e+01,-1.164357497922656393e+01
-1.533515304005556779e+01,-6.375761650299285321e-01,-5.755444967432949710e+01,-3.332511489727366438e+01,-3.697103597000704411e+01,-5.858594007206060716e+00,-2.033304763282338712e+01,-3.073916010109193309e+01,-2.193393515429179530e+01,-1.916331806331740850e+01,-2.696920127446748694e+01,-2.645889931648373050e+01,-2.369387695328685339e+01,-7.326855025337579264e+00,-2.301689971681082625e+01,-1.161883694876142670e+01
-1.524894130465714781e+01,-3.146052486067989484e-01,-5.763955995242317698e+01,-3.318233801501484237e+01,-3.651523176643519264e+01,-6.021771818940752752e+00,-2.084009283810191349e+01,-3.054149056061784506e+01,-2.178188344387491782e+01,-1.948436388430990718e+01,-2.716311679768650578e+01,-2.662242406462221567e+01,-2.371548509295531204e+01,-7.354150169232177348e+00,-2.296833853757575028e+01,-1.157832991198503692e+01
-1.518137827065398682e+01,-1.559940520333924496e-03,-5.767767541013850519e+01,-3.294700024591099918e+01,-3.598338716121557468e+01,-6.176986731502688066e+00,-2.120681470627746990e+01,-3.039176382270241916e+01,-2.159840987296542636e+01,-1.979441811193619571e+01,-2.725213676330737655e+01,-2.674896954933455007e+01,-2.371418596808694446e+01,-7.372663404158819489e+00,-2.287894752434978329e+01,-1.152765009146623854e+01
-1.513620602462043152e+01,2.958992198664334161e-01,-5.767241864412628161e+01,-3.262020846631993010e+01,-3.539110794614976641e+01,-6.324373327469387185e+00,-2.141868064396071958e+01,-3.029509382747104951e+01,-2.140324987715266047e+01,-2.008987003590893039e+01,-2.724012954813355236e+01,-2.683692891397037528e+01,-2.368910711276182823e+01,-7.384772578179083169e+00,-2.275896902224671692e+01,-1.147363589556188757e+01
-1.511507219797108093e+01,5.722689912022791425e-01,-5.763515349126701892e+01,-3.221260195174601648e+01,-3.475986393593300505e+01,-6.463965656554906403e+00,-2.147573680142080477e+01,-3.025553270465149680e+01,-2.121982053054171047e+01,-2.036911781196541682e+01,-2.714216281042166656e+01,-2.689083566385423296e+01,-2.364255700443436581e+01,-7.393359546891375089e+00,-2.262247161193723599e+01,-1.142644663844769681e+01
