3.787656107280298556e+00,2.452889253791262547e+00,-1.348925629841579621e+01,-2.211381575351589390e+01,-2.934472422479404941e+01,-9.599896653993880591e+00,9.976306349492915615e+00,-2.767662860850579420e+01,-1.661059113163038603e+01,-1.640621860122219289e+01,-1.763365254645171376e+01,-2.221648569983803512e+01,-2.415221602023827074e+01,-1.001845439849574859e+01,-1.793522442626546365e+01,-1.087533670738734770e+01
3.514829629601525340e+00,1.979237259998271270e+00,-1.207811631217411730e+01,-2.113376781080650346e+01,-2.918202518705390958e+01,-9.858742715892056196e+00,1.265739450400775468e+01,-2.708938621543555314e+01,-1.570879524698077034e+01,-1.627195923650310760e+01,-1.620212487919010158e+01,-2.102402660100334941e+01,-2.336371485327561004e+01,-1.029740692569077964e+01,-1.736366948683724587e+01,-1.016991376966084459e+01
3.225149208098816445e+00,1.503587279939132770e+00,-1.114202627096517517e+01,-2.050822097599337468e+01,-2.919581249554775582e+01,-1.006613947135386411e+01,1.487946951072783008e+01,-2.659926999983976259e+01,-1.501806481312966923e+01,-1.619577541504739315e+01,-1.509740646587001223e+01,-2.009219653473809331e+01,-2.268604432012465111e+01,-1.054669042430928982e+01,-1.695904658618424321e+01,-9.602790539622361621e+00
2.931361018514259342e+00,1.040257678841882694e+00,-1.069574902612338008e+01,-2.024532619431104763e+01,-2.938183105732208844e+01,-1.020949166382425233e+01,1.658408935541947926e+01,-2.621136678800600350e+01,-1.454671075184549522e+01,-1.616912501173835892e+01,-1.434040434816927245e+01,-1.943897186103178854e+01,-2.213306309009777095e+01,-1.076177609401555912e+01,-1.672654761527228118e+01,-9.174399218294652769e+00
2.645589642853675372e+00,6.031458281761850060e-01,-1.073557045184506364e+01,-2.034005113419656396e+01,-2.973199409164624285e+01,-1.027961853008272897e+01,1.773320744517528169e+01,-2.592939668059183589e+01,-1.429675381703171411e+01,-1.618371932951939129e+01,-1.394021228438404592e+01,-1.907318531637844927e+01,-2.171509320642817187e+01,-1.094193494297654468e+01,-1.666657582503588841e+01,-8.881865439495122416e+00
2.380062098028862039e+00,2.060311264225163086e-01,-1.123302613152817742e+01,-2.076805531753081979e+01,-3.022947226081370786e+01,-1.026957670085850793e+01,1.831776326260518317e+01,-2.575186005697005953e+01,-1.425813373248891480e+01,-1.622776009252767437e+01,-1.388677211823440771e+01,-1.898807613940715555e+01,-2.143421497788331465e+01,-1.108717012332405716e+01,-1.677011655496666975e+01,-8.715007330608244729e+00
2.144949756674201069e+00,-1.392786926988485163e-01,-1.214756056942484364e+01,-2.149696811616014003e+01,-3.085672638459328709e+01,-1.017704803391873725e+01,1.834564518982264758e+01,-2.567702532362067558e+01,-1.441731671108024671e+01,-1.629194707481974547e+01,-1.416249944506791891e+01,-1.917034535844177512e+01,-2.128976820936927083e+01,-1.120119738463925785e+01,-1.702567671163696161e+01,-8.662429913130559100e+00
1.950231728478978965e+00,-4.217944759510103836e-01,-1.341407576386463063e+01,-2.247485758633563080e+01,-3.158627409412831355e+01,-1.000202073137688785e+01,1.785738776177072396e+01,-2.569633244523096494e+01,-1.474702238330577586e+01,-1.636269951324085525e+01,-1.472848268134735861e+01,-1.958902534520454353e+01,-2.127069085791436009e+01,-1.128654971651521066e+01,-1.741111577970252711e+01,-8.704436013795024962e+00
1.803570389565074095e+00,-6.331360617835102289e-01,-1.495592957283579949e+01,-2.364217465412041008e+01,-3.238922120005682359e+01,-9.749427004694197763e+00,1.691370443233748233e+01,-2.580000470612611707e+01,-1.521562642740884996e+01,-1.642881245617485320e+01,-1.553665894645840950e+01,-2.020552057922579081e+01,-2.136188654244607932e+01,-1.134829222946535765e+01,-1.790114993394139731e+01,-8.819670152177664590e+00
1.711207110223686101e+00,-7.670518501618772689e-01,-1.668294100648216727e+01,-2.492907157493635850e+01,-3.323176382967352538e+01,-9.427171458473225130e+00,1.559857456740775206e+01,-2.597399529137609875e+01,-1.578368188237419645e+01,-1.647802527869225742e+01,-1.652601692477890083e+01,-2.097006649253083310e+01,-2.154117772108394036e+01,-1.139069792277945226e+01,-1.846444132256181803e+01,-8.982465463003634909e+00
1.677013380337037063e+00,-8.202829591579785529e-01,-1.849908917859465873e+01,-2.626247146138688038e+01,-3.407981677568842827e+01,-9.047229384057757784e+00,1.401209568722616439e+01,-2.620307527558252048e+01,-1.640913796056311469e+01,-1.650044998238880112e+01,-1.762925501513760196e+01,-2.182760469514194313e+01,-2.178307128025770822e+01,-1.141898875374523925e+01,-1.906786798644234437e+01,-9.166605060124737747e+00
1.703572666267046287e+00,-7.917973348666862421e-01,-2.030027866289215410e+01,-2.756329262574962513e+01,-3.489546754695159336e+01,-8.623586779909288680e+00,1.227294586697895795e+01,-2.646799994659944844e+01,-1.704400487813185805e+01,-1.648516987742554818e+01,-1.876911378909764494e+01,-2.271465400490696140e+01,-2.205610938453573766e+01,-1.143640598474428316e+01,-1.967363140684030043e+01,-9.342713765068729970e+00
1.790067819034799612e+00,-6.843963452835595263e-01,-2.199178054025193774e+01,-2.876180191755853599e+01,-3.564735831490425255e+01,-8.174061982586586339e+00,1.049872147531104360e+01,-2.675238661557922626e+01,-1.764620179850373916e+01,-1.642738703479786011e+01,-1.987472225093677025e+01,-2.357265155545441360e+01,-2.233129766285173901e+01,-1.144816219792085121e+01,-2.024875519869879525e+01,-9.486448484614591337e+00
1.933596985193961615e+00,-5.036346295618656654e-01,-2.348727874297286178e+01,-2.979536006425375660e+01,-3.630706316207421480e+01,-7.717206076316479368e+00,8.805370859933077554e+00,-2.703967674406698052e+01,-1.817623207879259439e+01,-1.632409486026081424e+01,-2.087890788513293572e+01,-2.434527208485187089e+01,-2.257951796351586893e+01,-1.145771137659909300e+01,-2.076232031751701612e+01,-9.575751102274388415e+00
2.128449213319747457e+00,-2.582644576186581276e-01,-2.471713421912662056e+01,-3.061582484580047492e+01,-3.685404448903342711e+01,-7.273222583162606725e+00,7.296992210478109087e+00,-2.731688357432859959e+01,-1.860305284985344088e+01,-1.617759789040212581e+01,-2.172595836493198718e+01,-2.498546667952413713e+01,-2.277626268800658238e+01,-1.146919809978761862e+01,-2.119024462213786109e+01,-9.595052253404986686e+00
2.366785352053341285e+00,4.051444608681720183e-02,-2.563177989813014790e+01,-3.119114107959543958e+01,-3.727514056262721454e+01,-6.861591525362264576e+00,6.059191824186981989e+00,-2.757367980811473274e+01,-1.890420476478206524e+01,-1.599345356757930858e+01,-2.237391232060841162e+01,-2.545665220023684583e+01,-2.290154011399059186e+01,-1.148548087462066292e+01,-2.151525855309641599e+01,-9.534822930540897801e+00
2.638245985983544983e+00,3.789257201857125779e-01,-2.620756623843175248e+01,-3.151054185908020600e+01,-3.756832145938123801e+01,-6.501548380689214923e+00,5.150913370139761582e+00,-2.780544172607545761e+01,-1.907021980299906261e+01,-1.578290099960150883e+01,-2.280036787725356362e+01,-2.573816820871452649e+01,-2.294368048586645159e+01,-1.151015698622508410e+01,-2.173062019847841952e+01,-9.394751610125261720e+00
2.931553458167023507e+00,7.421306890164949266e-01,-2.644188153740552139e+01,-3.157921679141931293e+01,-3.773780254434952042e+01,-6.209146630491233054e+00,4.607171989250431920e+00,-2.800981096182177055e+01,-1.909975878653301606e+01,-1.555798272599304255e+01,-2.299732987676814844e+01,-2.582083738484318758e+01,-2.289601248470798112e+01,-1.154449398629547829e+01,-2.183611824766234832e+01,-9.179933334577562221e+00
3.234791854564658564e+00,1.114708079253045270e+00,-2.635065691875892924e+01,-3.141673203269417058e+01,-3.779406948310307257e+01,-5.997926362851714543e+00,4.440790008856339455e+00,-2.818775021662364111e+01,-1.899968966617655042e+01,-1.533224097388503537e+01,-2.296991454480063766e+01,-2.570725903227979359e+01,-2.275789434906545239e+01,-1.158923098859794720e+01,-2.183824879542961384e+01,-8.901142302843368270e+00
3.535819536690123499e+00,1.481240960001862561e+00,-2.596974612983714792e+01,-3.105755460524359535e+01,-3.775397662183431180e+01,-5.877404646427336843e+00,4.638342067861472628e+00,-2.834342109266168563e+01,-1.878553130752953848e+01,-1.511957883335084318e+01,-2.273819783777479486e+01,-2.541267848034365073e+01,-2.253491245327822412e+01,-1.164383203129403910e+01,-2.175028291700439098e+01,-8.574488387445548199e+00
3.823231486369653709e+00,1.827283085620354797e+00,-2.534652262821809643e+01,-3.054424583090209921e+01,-3.763734474920161688e+01,-5.853045221924915609e+00,5.169092570146233356e+00,-2.848282440753884259e+01,-1.847751222725813136e+01,-1.493250539087101458e+01,-2.233034844565263910e+01,-2.496058253548098804e+01,-2.223703334937489728e+01,-1.170675581195621362e+01,-2.158919558619582091e+01,-8.218892724235459468e+00
4.087072554519071588e+00,2.140140366914952352e+00,-2.453649472559539646e+01,-2.992416706343320243e+01,-3.746498691841013340e+01,-5.925244785550567883e+00,5.987279540602941097e+00,-2.861249932691052322e+01,-1.809848907600044754e+01,-1.478034763356355086e+01,-2.178040560896414490e+01,-2.438043841752340057e+01,-2.187708098464014483e+01,-1.177459919882990391e+01,-2.137368152617570871e+01,-7.854061670970800435e+00
4.318662718244738130e+00,2.408887744219978089e+00,-2.360086595544944998e+01,-2.924805750456677345e+01,-3.725958105080026428e+01,-6.090802629058977402e+00,7.034667362219963138e+00,-2.874093216074874135e+01,-1.767453889021896885e+01,-1.467094999239414221e+01,-2.112768017734645909e+01,-2.370786102663220873e+01,-2.147178742513601435e+01,-1.184422790121719515e+01,-2.112461109492439704e+01,-7.501009047911445293e+00
4.510518441697286107e+00,2.624479498279786327e+00,-2.260867698268921089e+01,-2.857121423353196832e+01,-3.704643685436967360e+01,-6.342214004167864516e+00,8.236863270170061924e+00,-2.887861853936482248e+01,-1.723595140222477085e+01,-1.461054494518646152e+01,-2.041943608625019024e+01,-2.298545193055242919e+01,-2.104194283377343311e+01,-1.191217258371000298e+01,-2.086551641581908711e+01,-7.182049287236750956e+00
4.657447452867266691e+00,2.780618146497225496e+00,-2.162480364121396548e+01,-2.794369697914211770e+01,-3.684828909984085499e+01,-6.668401410224205961e+00,9.517513956827116317e+00,-2.903540293653355064e+01,-1.681088082545225859e+01,-1.460154977847105329e+01,-1.970059735490889707e+01,-2.225537871735394191e+01,-2.060863748692018760e+01,-1.197439088291861253e+01,-2.061770287421622072e+01,-6.916731400172025701e+00
4.755689549353284917e+00,2.873113926641664762e+00,-2.071623110439491455e+01,-2.741550909264611136e+01,-3.668909275239337830e+01,-7.055469938017282061e+00,1.079066875160347649e+01,-2.922252222639708918e+01,-1.642953346234556022e+01,-1.464524208571202735e+01,-1.902065070960145476e+01,-2.156347939053234342e+01,-2.019552813599500496e+01,-1.202725835250856790e+01,-2.040340114358025403e+01,-6.724182476463845148e+00
4.803598584775969016e+00,2.900330443288986260e+00,-1.994332691732952867e+01,-2.702947951735048093e+01,-3.659011760033430960e+01,-7.487526412768211515e+00,1.197184431136278704e+01,-2.945038563342775007e+01,-1.611935259151886157e+01,-1.474027984475378616e+01,-1.842595110958360749e+01,-2.095338910162255530e+01,-1.982576468008075921e+01,-1.206719604045952110e+01,-2.024219076624520142e+01,-6.620165285421251156e+00
4.801315594030896250e+00,2.862842375006909634e+00,-1.936178282739662393e+01,-2.682279520444055976e+01,-3.657089925341253434e+01,-7.947001939416985294e+00,1.297633884400801207e+01,-2.972869038321666579e+01,-1.590596315770562796e+01,-1.488345307098133219e+01,-1.796187996041009427e+01,-2.046705465401539215e+01,-1.952194512127258008e+01,-1.209039139714934663e+01,-2.015175554785771794e+01,-6.617442941298556036e+00
4.752047811784152032e+00,2.764241466532880054e+00,-1.900750138515425647e+01,-2.681484601732752537e+01,-3.664179450794523518e+01,-8.415383457663253353e+00,1.373865154646813380e+01,-3.006208166576094243e+01,-1.580434859060255803e+01,-1.506636923085528679e+01,-1.765880681135436703e+01,-2.013435423077443431e+01,-1.930042233866035417e+01,-1.209168358841129987e+01,-2.014126712969473232e+01,-6.720397501974730403e+00
4.660390356551296520e+00,2.609701941579025686e+00,-1.890707475299936391e+01,-2.701658799349750950e+01,-3.681045050211386638e+01,-8.874889076420330980e+00,1.420184190942889302e+01,-3.045382708467541732e+01,-1.582597657640522471e+01,-1.528023895538460408e+01,-1.754251579720902754e+01,-1.998019517715552240e+01,-1.917537853356910205e+01,-1.206657994327221672e+01,-2.021699197993962116e+01,-6.929742454241079486e+00
4.533521106074726248e+00,2.406708807475453682e+00,-1.906491239767657930e+01,-2.742001369560857427e+01,-3.707471688586002756e+01,-9.308412743161284197e+00,1.433465751794793164e+01,-3.090134312599835198e+01,-1.597049648156740886e+01,-1.551206684875077713e+01,-1.762145979070496438e+01,-2.001483824142807322e+01,-1.915320529779793191e+01,-1.200925029809096145e+01,-2.037614954731379413e+01,-7.237548238690557412e+00
4.379982658704971499e+00,2.163966080485106858e+00,-1.947045846423270632e+01,-2.800488870342040570e+01,-3.742700360820148830e+01,-9.700796918605846031e+00,1.412495144295827743e+01,-3.139855189683568426e+01,-1.623050078284626352e+01,-1.574804496667599096e+01,-1.789358264577559154e+01,-2.023856220539424555e+01,-1.923513526990348055e+01,-1.191389526466042525e+01,-2.061068273579567034e+01,-7.630552565879952454e+00
4.209995400818847600e+00,1.891491716078789409e+00,-2.009171410499092758e+01,-2.873380718029403624e+01,-3.785087104094708366e+01,-1.003937202953130736e+01,1.358905871098934881e+01,-3.193383710104991735e+01,-1.658746347717618619e+01,-1.597220954299650941e+01,-1.833959255028328528e+01,-2.063684944446948322e+01,-1.941450376836129976e+01,-1.177424560585292568e+01,-2.090441549924662468e+01,-8.088076167781643733e+00
4.032914897119315611e+00,1.598606472848917548e+00,-2.089366186556158311e+01,-2.956820512725535366e+01,-3.833117348994413476e+01,-1.031542580403051801e+01,1.275149176683112273e+01,-3.249589937531382589e+01,-1.702311569011412473e+01,-1.617290506825221996e+01,-1.893989472949312969e+01,-2.119267875887373975e+01,-1.968378342522262869e+01,-1.158633721325816168e+01,-2.124211916810905620e+01,-8.589896478055308648e+00
3.858707189666827020e+00,1.295016046291177503e+00,-2.182606592028622572e+01,-3.045797423516056313e+01,-3.884609141860126158e+01,-1.052301654784233165e+01,1.165992598209894027e+01,-3.306866419570937410e+01,-1.751049272789404654e+01,-1.633759477623783596e+01,-1.966147331286435929e+01,-2.187680922572580755e+01,-2.002851936964245283e+01,-1.134563007598322315e+01,-2.160277850316837345e+01,-9.110780199476181451e+00
3.695398680862190588e+00,9.888889370827627090e-01,-2.284215846446113574e+01,-3.135788163525647576e+01,-3.937766859421161314e+01,-1.066069207819797526e+01,1.036379863706436311e+01,-3.363772561783970616e+01,-1.802587571193173233e+01,-1.645974329070067199e+01,-2.047521320000067391e+01,-2.266100592546933967e+01,-2.043501303735915542e+01,-1.105059600046746482e+01,-2.196906732034488385e+01,-9.628782237358606722e+00
3.550058153568414809e+00,6.876490871433809104e-01,-2.389231234511646562e+01,-3.222195692369851372e+01,-3.990678699901702942e+01,-1.073009793404837353e+01,8.921375561661974984e+00,-3.418705558046488591e+01,-1.854337006971827861e+01,-1.653489243766514960e+01,-2.134835265993748266e+01,-2.351252329972179211e+01,-2.088662264428772630e+01,-1.070050295325803802e+01,-2.232328511498508306e+01,-1.012199594129174329e+01
3.426898699299041340e+00,3.966519669050683206e-01,-2.493910181359521516e+01,-3.301657941289383302e+01,-4.042132391517583301e+01,-1.073671963526955153e+01,7.381827843570135883e+00,-3.470402699680569469e+01,-1.904427192079052134e+01,-1.656535937648162360e+01,-2.225812354350120614e+01,-2.440468824196623387e+01,-2.136985805667146110e+01,-1.029792903197997589e+01,-2.265470141303869411e+01,-1.057501342249798171e+01
3.329479766349571435e+00,1.209826256397583677e-01,-2.594155466850121172e+01,-3.370684003160339159e+01,-4.090592843980174109e+01,-1.068756149156595825e+01,5.802630904739672246e+00,-3.517318522825561899e+01,-1.950597987294622726e+01,-1.655288464244097213e+01,-2.317548714715297464e+01,-2.530519917326962087e+01,-2.186704718959902038e+01,-9.845235968039020236e+00,-2.295078098968469504e+01,-1.097170845985277055e+01
3.258290384010397389e+00,-1.362292025264153494e-01,-2.687287776284506435e+01,-3.427227397529691189e+01,-4.135281618303774565e+01,-1.059274194471585417e+01,4.228442516719582045e+00,-3.558337550347371803e+01,-1.991434785171357191e+01,-1.650545374093613304e+01,-2.408223236094221420e+01,-2.618990225691169371e+01,-2.236476672896938567e+01,-9.348790396826217375e+00,-2.320662426817656154e+01,-1.130354769437953166e+01
3.212714445039541289e+00,-3.721799191343677649e-01,-2.770840933403060546e+01,-3.469607014256570210e+01,-4.175357116145386271e+01,-1.046282162331999643e+01,2.703690420933540395e+00,-3.592263891756135763e+01,-2.025494984383780661e+01,-1.643065094716901342e+01,-2.495850513790783154e+01,-2.703359295427537745e+01,-2.284802172443875179e+01,-8.815515923193530057e+00,-2.341775060887819393e+01,-1.156353504051329395e+01
3.189784955361062657e+00,-5.851871142828208860e-01,-2.843530969233601979e+01,-3.497374221002212380e+01,-4.210542856111582921e+01,-1.030958147505113232e+01,1.260601639481222946e+00,-3.618259411524745417e+01,-2.052041194007662739e+01,-1.633948073620616981e+01,-2.579250335012746120e+01,-2.781824111751247841e+01,-2.330541558426418192e+01,-8.255489840080571184e+00,-2.358537503791923484e+01,-1.175090500778014757e+01
3.186024133755978482e+00,-7.732424165656013315e-01,-2.904116960378111401e+01,-3.510288516369250544e+01,-4.240401494993449205e+01,-1.014394101441766338e+01,-6.917094455208427917e-02,-3.635415066724307565e+01,-2.070269447018897324e+01,-1.624071985687808706e+01,-2.656932517848047226e+01,-2.852487323868587765e+01,-2.372419039471688507e+01,-7.679175179702212972e+00,-2.370978055083633507e+01,-1.186554687685600129e+01
3.195031539930390352e+00,-9.357698960533085142e-01,-2.953269736043083071e+01,-3.509935481740720320e+01,-4.265507082722072596e+01,-9.977612037886572693e+00,-1.277241817547192682e+00,-3.643530316879292741e+01,-2.080650181357633244e+01,-1.614840228348649021e+01,-2.728976614683695345e+01,-2.914834510958855418e+01,-2.409952644531759347e+01,-7.101638503737078167e+00,-2.380033698353662430e+01,-1.191654259045924391e+01
3.210242598524725821e+00,-1.071572527735433766e+00,-2.991975730761610919e+01,-3.498241094897210246e+01,-4.286379374964307942e+01,-9.819948088437698175e+00,-2.361769131415883294e+00,-3.642439765927949225e+01,-2.083767690632556935e+01,-1.607347168153422956e+01,-2.795445231359273919e+01,-2.968511762485752570e+01,-2.442682328891410748e+01,-6.537587312236297521e+00,-2.386584582594635151e+01,-1.191370876539892265e+01
3.223366596826661379e+00,-1.180112668273164189e+00,-3.022733209608455240e+01,-3.478522883628874496e+01,-4.304305084960699901e+01,-9.679837762284762448e+00,-3.342039998471705076e+00,-3.632585387950703648e+01,-2.081257841598917935e+01,-1.602962840545964696e+01,-2.857661922093203444e+01,-3.014357393708878874e+01,-2.470848628398937308e+01,-6.004857903294052335e+00,-2.392149761816413189e+01,-1.187349382561376387e+01
3.226338852406708924e+00,-1.260224439177832778e+00,-3.048563847792281933e+01,-3.454523372687009442e+01,-4.320644438328783110e+01,-9.563435385612201856e+00,-4.248581755729844645e+00,-3.614562145950502980e+01,-2.075056932839915191e+01,-1.602779711060328793e+01,-2.917256210221907864e+01,-3.053620119878056016e+01,-2.494892288923448120e+01,-5.520605431034496746e+00,-2.398257124354410053e+01,-1.181321261172283243e+01
3.210197528729423766e+00,-1.311267493593646805e+00,-3.073891022543232054e+01,-3.431165141853456646e+01,-4.337453330754466663e+01,-9.475698603018344102e+00,-5.133238891766922052e+00,-3.589548945846325267e+01,-2.068082858137093183e+01,-1.608062671642326791e+01,-2.977116460811346599e+01,-3.088708894734487131e+01,-2.515962099011979092e+01,-5.103637783173496700e+00,-2.406970941186093427e+01,-1.175537805369474853e+01
3.168112158154446689e+00,-1.331150785869592568e+00,-3.102600744728913185e+01,-3.412783552572677337e+01,-4.356259029000818828e+01,-9.417787576720137110e+00,-6.047242245535926486e+00,-3.558518985898862752e+01,-2.062870359278659294e+01,-1.619394142884783605e+01,-3.039532608115082013e+01,-3.121722400580268086e+01,-2.535003551173612379e+01,-4.768941893394284648e+00,-2.419801557067378184e+01,-1.171800247035300657e+01
3.093925743152983188e+00,-1.317823291382492101e+00,-3.138820498077004117e+01,-3.403852237965374883e+01,-4.378726216238295876e+01,-9.389658394454762913e+00,-7.048813780607645185e+00,-3.522720872830424810e+01,-2.062275612704695504e+01,-1.637255129509181018e+01,-3.107106609266094210e+01,-3.155194091957510949e+01,-2.553294894385422253e+01,-4.531016127041013419e+00,-2.438274778122607955e+01,-1.171934370962750194e+01
2.983989564832057795e+00,-1.268313445355385483e+00,-3.185795224041616081e+01,-3.407926831020655101e+01,-4.405921856146419202e+01,-9.388178135837499383e+00,-8.189707844432120964e+00,-3.483169568429501339e+01,-2.068632067350591797e+01,-1.661498596676929651e+01,-3.181685104327463520e+01,-3.191180970304194631e+01,-2.571868006442082333e+01,-4.399756201185084592e+00,-2.463275278148674374e+01,-1.177191965492790615e+01
2.836475711073617845e+00,-1.179653266586921490e+00,-3.246031712290026405e+01,-3.427818614881294224e+01,-4.438582493401612794e+01,-9.409046682690927810e+00,-9.514573044632186338e+00,-3.440851916578442626e+01,-2.083977227591411463e+01,-1.691662198866231392e+01,-3.264606638457782140e+01,-3.231479434756617053e+01,-2.591714951262369482e+01,-4.382167475657865907e+00,-2.495276142414057574e+01,-1.188435399805307213e+01
2.652896470990640410e+00,-1.048140047847802236e+00,-3.320210998402848190e+01,-3.464596129975858219e+01,-4.476430636595378587e+01,-9.445527714705789890e+00,-1.104727739692503974e+01,-3.396250319215565838e+01,-2.109250129020546183e+01,-1.726533518938919087e+01,-3.355673408924282342e+01,-3.276755797558479344e+01,-2.613231083788744513e+01,-4.478958167979470772e+00,-2.533733113703669204e+01,-1.205593284113567165e+01
2.435706553801235685e+00,-8.714442610667987310e-01,-3.408434268868133188e+01,-3.518720976429385416e+01,-4.519090254644063975e+01,-9.491591363040193130e+00,-1.280289030211002910e+01,-3.349953304935362297e+01,-2.145227299946635924e+01,-1.764911631476695675e+01,-3.454442431252087431e+01,-3.327545649830377528e+01,-2.636891106526480399e+01,-4.688710083111402582e+00,-2.577901145218979551e+01,-1.228356725882802181e+01
2.189555250616155746e+00,-6.478874338703803915e-01,-3.509423528474218301e+01,-3.589255909181272841e+01,-4.565467995753425612e+01,-9.540039868310383753e+00,-1.477767070013902639e+01,-3.302178956324409853e+01,-2.191790234692307138e+01,-1.805146758353028247e+01,-3.559381119927314785e+01,-3.383475934747108482e+01,-2.662703800036189250e+01,-5.003971327564144644e+00,-2.626314894285565771e+01,-1.255699408816038698e+01
1.919894375670697428e+00,-3.776396414429505910e-01,-3.621032147135921520e+01,-3.674375459346870798e+01,-4.614204914992649265e+01,-9.584958429313299888e+00,-1.695282130326302195e+01,-3.253090630884663170e+01,-2.248341879075221073e+01,-1.845601110095199715e+01,-3.668399464377394992e+01,-3.443716983051896108e+01,-2.690534038302200770e+01,-5.414230002359488481e+00,-2.677211138110607891e+01,-1.286252090185122654e+01
1.633005707096575776e+00,-6.269187087975325312e-02,-3.740293455902262565e+01,-3.771337084616587276e+01,-4.663565746758138175e+01,-9.620826926373368337e+00,-1.929488983606739794e+01,-3.202651624184402124e+01,-2.313649349601659821e+01,-1.884536161745280936e+01,-3.778823890800863694e+01,-3.506842070699298120e+01,-2.719937590224959933e+01,-5.904404900337851814e+00,-2.728470402751625556e+01,-1.318225746728313652e+01
1.334581397272565084e+00,2.922072768353274341e-01,-3.864058781026041345e+01,-3.877088349830951586e+01,-4.711907011695626579e+01,-9.644382507743038957e+00,-2.176169620718587794e+01,-3.150938136311802396e+01,-2.386298110106270087e+01,-1.920523482404941262e+01,-3.888004031142422434e+01,-3.571324641257528754e+01,-2.750485379864267088e+01,-6.457676423796257836e+00,-2.778069694179545479e+01,-1.349819056625355529e+01
1.030689971320143172e+00,6.805340067389806791e-01,-3.988396760485603920e+01,-3.987688737032208053e+01,-4.757161010721489447e+01,-9.652747874645378090e+00,-2.429572498724610341e+01,-3.097734387615757612e+01,-2.464101809785458386e+01,-1.952028609241223478e+01,-3.992623714360946963e+01,-3.634922251794233716e+01,-2.781297459554879481e+01,-7.052877158166069194e+00,-2.823668395842194556e+01,-1.378852263495098640e+01
7.266393304453373503e-01,1.093528116706643516e+00,-4.108870378370323806e+01,-4.098666770206177290e+01,-4.797154508254838845e+01,-9.645447436737853764e+00,-2.682638085187090837e+01,-3.042793234650916645e+01,-2.544421964520566348e+01,-1.977761675283694842e+01,-4.089000205608032701e+01,-3.695001338096361820e+01,-2.811281031526179675e+01,-7.667930162559443374e+00,-2.862924314089942968e+01,-1.403079334681650892e+01
4.266535347885707097e-01,1.520445096317274647e+00,-4.220954081796194401e+01,-4.205344333163707660e+01,-4.829723170516399477e+01,-9.623358036297322116e+00,-2.927578489239510873e+01,-2.985838967430720459e+01,-2.624311547586748361e+01,-1.996652267311002049e+01,-4.173404224050241851e+01,-3.748703918360880749e+01,-2.839149875315214189e+01,-8.279678910567255912e+00,-2.893613974371145758e+01,-1.420291226829148457e+01
1.337209868265460955e-01,1.948985557006718494e+00,-4.319886301627413872e+01,-4.302799982698877557e+01,-4.852714471033158361e+01,-9.589285767608931366e+00,-3.155712244670897348e+01,-2.926606291050721609e+01,-2.700509085101822393e+01,-2.007895900400303901e+01,-4.241906943617330228e+01,-3.792915932176735794e+01,-2.863428536171863215e+01,-8.865681806196406001e+00,-2.913656346325370095e+01,-1.428377054486327324e+01
-1.502502535962157992e-01,2.366075373611693067e+00,-4.400837103602589195e+01,-4.385999000186669150e+01,-4.863971775671315356e+01,-9.546823424635114463e+00,-3.357834510920122284e+01,-2.864782816230886908e+01,-2.769484579825213189e+01,-2.010860289554777580e+01,-4.290492030012519820e+01,-3.824313678000584105e+01,-2.882408037085305352e+01,-9.404076458697176122e+00,-2.921102910970795818e+01,-1.425324822803146674e+01
-4.254830874283577202e-01,2.757669401997905112e+00,-4.459557789492343716e+01,-4.450448834589009550e+01,-4.861818416858361047e+01,-9.501767880384335285e+00,-3.525076190891402916e+01,-2.800362420560166754e+01,-2.828009353697510164e+01,-2.005450452476607381e+01,-4.315708049553896331e+01,-3.839953689420241290e+01,-2.894543997945383040e+01,-9.877202348669356979e+00,-2.914570008567636350e+01,-1.409637512723576691e+01
-6.944626014751911214e-01,3.109316395029189550e+00,-4.493075542145906809e+01,-4.492736197409287513e+01,-4.845269952790032164e+01,-9.460552222901299046e+00,-3.650000365118131640e+01,-2.733706118231870619e+01,-2.873488692078032614e+01,-1.992078610759585899e+01,-4.315252628345483288e+01,-3.837640683680155718e+01,-2.898592272310267504e+01,-1.027127746660973173e+01,-2.893424393773177172e+01,-1.380484251552098840e+01
-9.612270513632239499e-01,3.407266721135634668e+00,-4.499333241987316256e+01,-4.510280764032602718e+01,-4.813865835521131942e+01,-9.430287494679848947e+00,-3.726378964498212554e+01,-2.665479104596654736e+01,-2.903837166455096508e+01,-1.971569747436679165e+01,-4.287631842207640176e+01,-3.815768535851267984e+01,-2.893548742578097688e+01,-1.057733608483960097e+01,-2.857634850650818947e+01,-1.337609935786348103e+01
-1.231878040485721471e+00,3.638558469713874644e+00,-4.478248423412693313e+01,-4.502209622331338323e+01,-4.768144796770934590e+01,-9.418166744320320305e+00,-3.750744080126361268e+01,-2.596893336210032999e+01,-2.918118967923011553e+01,-1.945344217624294458e+01,-4.233155884848385142e+01,-3.774028219457466093e+01,-2.879014686451475313e+01,-1.079212074716620862e+01,-2.808179687643768574e+01,-1.281673282066560660e+01
-1.513741700832284209e+00,3.791970484324995283e+00,-4.431431906814056276e+01,-4.469155772912102265e+01,-4.709480883994329758e+01,-9.431199326534407845e+00,-3.722278125400862336e+01,-2.529626122620608442e+01,-2.916436621095783721e+01,-1.915286744432873434e+01,-4.153667902830228797e+01,-3.713276083845342157e+01,-2.855154497540203806e+01,-1.091824459785237877e+01,-2.746901227929723532e+01,-1.214143248706700007e+01
-1.814872855304152210e+00,3.858632939575688425e+00,-4.362519179845435247e+01,-4.413495926844939277e+01,-4.640130369233779106e+01,-9.474846139272429468e+00,-3.643470516459674968e+01,-2.465784457548497244e+01,-2.900090186270746528e+01,-1.883638655032783049e+01,-4.052839077199153905e+01,-3.635709681791086467e+01,-2.822756122846618609e+01,-1.096314133769925547e+01,-2.676526826148455029e+01,-1.137301048704622985e+01
-2.142241364456083375e+00,3.833455069861447129e+00,-4.275964509703231897e+01,-4.338387467998211378e+01,-4.562596532042476838e+01,-9.552688408946437448e+00,-3.518841493657359365e+01,-2.407548508196684622e+01,-2.870926407541470837e+01,-1.852618551257059210e+01,-3.935060037097255048e+01,-3.544129682168347983e+01,-2.782851392393513379e+01,-1.093787006244805582e+01,-2.600090295744272950e+01,-1.053767449413123813e+01
-2.502347242203722288e+00,3.714539050537215559e+00,-4.177944703441879426e+01,-4.248542558605760178e+01,-4.480119489059036653e+01,-9.666487968443735923e+00,-3.356127504534708805e+01,-2.357427500214734550e+01,-2.831952950777869660e+01,-1.824666791350750827e+01,-3.806347769651404178e+01,-3.442603985587052051e+01,-2.737114873976312879e+01,-1.085781624972491954e+01,-2.521330201415263161e+01,-9.668239349978776431e+00
-2.899249182773907307e+00,3.504445143192558731e+00,-4.074949943011810660e+01,-4.149052822608792468e+01,-4.395893628019796040e+01,-9.815203702547222520e+00,-3.164651742901463649e+01,-2.317775918083101772e+01,-2.786491777333827713e+01,-1.801929561838998950e+01,-3.673012612639266194e+01,-3.335511527735978632e+01,-2.687350443112855203e+01,-1.073990782718374248e+01,-2.443965376072787166e+01,-8.798074632860988231e+00
-3.334685025482976073e+00,3.209683085897648169e+00,-3.974071347879998939e+01,-4.045646131663657741e+01,-4.313243562360260341e+01,-9.995111094847629829e+00,-2.955645986174891959e+01,-2.290857933144219771e+01,-2.738396321673562284e+01,-1.786349978874116573e+01,-3.541984468528973906e+01,-3.227775585145381143e+01,-2.635647189814788049e+01,-1.060229649567921228e+01,-2.371808184896661942e+01,-7.961859118897010035e+00
-3.807053482378723430e+00,2.841012403729294533e+00,-3.881957669220967944e+01,-3.943842098878350555e+01,-4.235121548246094392e+01,-1.019999764000322529e+01,-2.740926360426544761e+01,-2.278545333349869395e+01,-2.691461658928194822e+01,-1.779401402194594084e+01,-3.419857594931842470e+01,-3.124196369365923687e+01,-2.584054139368032565e+01,-1.046272941013290847e+01,-2.308278243490806148e+01,-7.191547972045050585e+00
-4.313029805860274735e+00,2.411706547939530765e+00,-3.805941476225163456e+01,-3.849896275796420753e+01,-4.164758664271681710e+01,-1.042195268485588144e+01,-2.534081172382468594e+01,-2.282660302059862545e+01,-2.650130230858866298e+01,-1.782483408991532770e+01,-3.313987635165445056e+01,-3.030229620884776054e+01,-2.535060029824933281e+01,-1.033931414447086183e+01,-2.256942267129948831e+01,-6.520670400519037457e+00
-4.845611406920870223e+00,1.938417351869571092e+00,-3.752191828402763463e+01,-3.769217097855636212e+01,-4.104632892283589740e+01,-1.065044515937692182e+01,-2.348137017437227314e+01,-2.304323704606737522e+01,-2.618268415637960800e+01,-1.796284569052285462e+01,-3.230694069206525398e+01,-2.950652878816886115e+01,-2.490831710144792766e+01,-1.024649452090712032e+01,-2.220573224471348794e+01,-5.976304758881084922e+00
-5.396225947924598643e+00,1.439032248899515309e+00,-3.726833761300741799e+01,-3.707337591138681887e+01,-4.057195948600363522e+01,-1.087422745281458347e+01,-2.196631750246035608e+01,-2.344380033334799407e+01,-2.599905154611003866e+01,-1.821309345218699605e+01,-3.176370850682895153e+01,-2.890383112304396818e+01,-2.453733624599526308e+01,-1.019694675183363586e+01,-2.201762149367807453e+01,-5.584080376563171910e+00
-5.953747218936541685e+00,9.328475887482134965e-01,-3.734647575963609256e+01,-3.668774595251157677e+01,-4.024136685627642862e+01,-1.108078473697503341e+01,-2.091849485830965705e+01,-2.402923270310982673e+01,-2.598314165334066672e+01,-1.857431589396655625e+01,-3.156188000329902366e+01,-2.853486984732218446e+01,-2.425754104971372271e+01,-1.019852866479750730e+01,-2.202257107043896767e+01,-5.362447504842414503e+00
-6.506320489715800903e+00,4.387115367964860013e-01,-3.779861822363230317e+01,-3.657710172160993523e+01,-4.006916025372017032e+01,-1.125773027409495697e+01,-2.045448821568226094e+01,-2.479606877330638781e+01,-2.616507515774853232e+01,-1.904275358302437837e+01,-3.174852712534026011e+01,-2.843728501190454949e+01,-2.408841882101107501e+01,-1.025557666400143830e+01,-2.223415902813894007e+01,-5.326365606089460414e+00
-7.039680803896715133e+00,-2.406184216897244710e-02,-3.864061043514722371e+01,-3.676183628466682762e+01,-4.005599496044443697e+01,-1.139192020092576740e+01,-2.065718385479459585e+01,-2.572934829620271557e+01,-2.655824462319091595e+01,-1.960526796014048045e+01,-3.234548252732089679e+01,-2.863023781808044532e+01,-2.403996852482248414e+01,-1.036518723495628080e+01,-2.265170811219363500e+01,-5.478492981488869873e+00
-7.540120475964002367e+00,-4.381730160007215602e-01,-3.987536709437226534e+01,-3.725291924989033987e+01,-4.019807069010764167e+01,-1.147211229642644170e+01,-2.158795275263310032e+01,-2.680888392917513841e+01,-2.716890123128625589e+01,-2.024652159620670488e+01,-3.336275953366600788e+01,-2.912464320371233839e+01,-2.411912068749374072e+01,-1.052116861738110742e+01,-2.326849274649418220e+01,-5.816135340579187130e+00
-7.993318560099758940e+00,-7.876340167729338759e-01,-4.147804196297178692e+01,-3.803876565555518141e+01,-4.047853874672159691e+01,-1.148783033258722952e+01,-2.326660927945954427e+01,-2.800407556993295088e+01,-2.798569815178090892e+01,-2.094351577060029967e+01,-3.478358362329899478e+01,-2.991156843010865529e+01,-2.432265996748515136e+01,-1.071109080288613313e+01,-2.406418417001598442e+01,-6.324827815651921981e+00
-8.386448264489537507e+00,-1.059382254660850009e+00,-4.340487257116612341e+01,-3.909304056180484110e+01,-4.087396207718066421e+01,-1.143126542727354433e+01,-2.567861237881288616e+01,-2.927852493062630401e+01,-2.898612354354301601e+01,-2.167072722995227707e+01,-3.657309756336029949e+01,-3.096893705161934918e+01,-2.464142585417656051e+01,-1.091954024251558053e+01,-2.501050701051131142e+01,-6.983172396166750673e+00
-8.707418038346474987e+00,-1.242587983817880826e+00,-4.558289907663691309e+01,-4.036545743179856061e+01,-4.134835103556849845e+01,-1.129667430042154308e+01,-2.876132612735898419e+01,-3.058688081303277784e+01,-3.012940486555186226e+01,-2.239658288157366428e+01,-3.866798477848465154e+01,-3.225352182849697158e+01,-2.505527299456484513e+01,-1.112676725160011415e+01,-2.606603782072772901e+01,-7.758487933193890740e+00
-8.948289577473946821e+00,-1.331015407723050714e+00,-4.793192686119932944e+01,-4.180054110619872176e+01,-4.186673778366861143e+01,-1.108292632497858676e+01,-3.242792880989264859e+01,-3.188404732818074194e+01,-3.137147526781890861e+01,-2.309290519402242126e+01,-4.099774150978650766e+01,-3.371693001231918885e+01,-2.554270296189823597e+01,-1.131427021231930041e+01,-2.718834825233718533e+01,-8.617136801850222128e+00
-9.103423563188190570e+00,-1.321356078064489736e+00,-5.035241559443624482e+01,-4.332611713082332727e+01,-4.238657795115153704e+01,-1.079126826613343582e+01,-3.655342473888538279e+01,-3.312023521230632639e+01,-3.265553638874355613e+01,-2.372878561234800543e+01,-4.347181416968345502e+01,-3.529527585422246005e+01,-2.607400378442487465e+01,-1.146170192276503030e+01,-2.832681644955146538e+01,-9.518292511079401663e+00
-9.171900183455637290e+00,-1.214735492810071094e+00,-5.274426657877841507e+01,-4.486942736823359468e+01,-4.286917314574063198e+01,-1.042769299494861457e+01,-4.099649044221877148e+01,-3.424919118190356926e+01,-3.392522344149489300e+01,-2.427877264623617748e+01,-4.599792537234382905e+01,-3.692328721977022354e+01,-2.661968290819407912e+01,-1.155230549652171135e+01,-2.943306768425390985e+01,-1.042289251036345377e+01
-9.156154145073067241e+00,-1.015339907454588797e+00,-5.500311841921904943e+01,-4.635266538326683872e+01,-4.327539225171923931e+01,-1.000095763374186930e+01,-4.559704937015158066e+01,-3.522597245267610333e+01,-3.512070337393434727e+01,-2.471931445884867173e+01,-4.847757048565003402e+01,-3.853016400331925695e+01,-2.714715143260576014e+01,-1.157106946896583111e+01,-3.045781672002570062e+01,-1.129077579269260667e+01
-9.063580861094816754e+00,-7.313385989825391675e-01,-5.703799685798287555e+01,-4.770799360221707275e+01,-4.357569451633045787e+01,-9.523966415119481610e+00,-5.019828260917921625e+01,-3.601420051997054372e+01,-3.619063450964874562e+01,-2.503540211979037622e+01,-5.082301475754188402e+01,-4.005259779546294396e+01,-2.762845277737187644e+01,-1.150905648208780008e+01,-3.136030146628072046e+01,-1.208869210515789661e+01
-8.903578429218434565e+00,-3.723475543341088212e-01,-5.875876323504972021e+01,-4.886558043671220730e+01,-4.374032959510319074e+01,-9.010683611682445360e+00,-5.463499315323531391e+01,-3.658035684267114362e+01,-3.708260051870291818e+01,-2.521326578056508083e+01,-5.294440040378648860e+01,-4.142444050064922578e+01,-2.803315972197131600e+01,-1.135953036840994912e+01,-3.210032296836984500e+01,-1.278337066133916977e+01
-8.689039683981196305e+00,4.961219287058327154e-02,-6.009332193900999641e+01,-4.976876521172105328e+01,-4.374973828792306563e+01,-8.478076521371121999e+00,-5.875563487193721812e+01,-3.690152141224320559e+01,-3.775582921581244733e+01,-2.524781252039748836e+01,-5.476702165688807611e+01,-4.259046202075583665e+01,-2.833689962291772702e+01,-1.112297480739270839e+01,-3.264799236084151346e+01,-1.334993027164470902e+01
-8.433957818390197758e+00,5.220571484089298053e-01,-6.098202503287108556e+01,-5.036823740903642488e+01,-4.358875430638309467e+01,-7.943129289241518620e+00,-6.241943062365652395e+01,-3.696184652004738780e+01,-3.817612168315700671e+01,-2.513749323266338820e+01,-5.622537392442522730e+01,-4.350113972848662058e+01,-2.851740422852618906e+01,-1.080372865997530596e+01,-3.297920482760674332e+01,-1.376782869019684341e+01
-8.153660302841345242e+00,1.031883858993278835e+00,-6.138655097072408751e+01,-5.063008271962925022e+01,-4.325190015212166372e+01,-7.423656943655519314e+00,-6.550905135502318899e+01,-3.675665889083681748e+01,-3.832275554301716625e+01,-2.488801768035756368e+01,-5.727234787021340878e+01,-4.412027035767526684e+01,-2.855931647464558409e+01,-1.041245550229392336e+01,-3.308072765854689834e+01,-1.402530786449088396e+01
-7.862382928041135699e+00,1.567113730114666481e+00,-6.128271072478685255e+01,-5.052907203217037591e+01,-4.273714419375926354e+01,-6.935723542732489477e+00,-6.792599093693979739e+01,-3.628842452613840663e+01,-3.818276540619932291e+01,-2.450730382489946635e+01,-5.787219522327700361e+01,-4.441921598140252314e+01,-2.845011667199453598e+01,-9.962709317092659944e+00,-3.294512708806839640e+01,-1.411492077260241729e+01
-7.574798089212297469e+00,2.115637532592298697e+00,-6.067702431828217158e+01,-5.006356232368608516e+01,-4.205611444772181073e+01,-6.495400290124301534e+00,-6.961216872358488672e+01,-3.557361597207867021e+01,-3.776297673233729313e+01,-2.401252950340395387e+01,-5.801740185389214588e+01,-4.439032996232944583e+01,-2.818863649940119842e+01,-9.474688787972809223e+00,-3.257999112530713859e+01,-1.404159029976298001e+01
-7.303474239605414198e+00,2.666914035374073677e+00,-5.959756412524777858e+01,-4.924686726041840501e+01,-4.122625748818708757e+01,-6.115461444582280137e+00,-7.054298418046539609e+01,-3.463694374426692946e+01,-3.708204636869433557e+01,-2.342339488322549812e+01,-5.771933219546185256e+01,-4.403913981264585686e+01,-2.777955933363225682e+01,-8.970044847557517187e+00,-3.200132076282582716e+01,-1.381668095526002560e+01
-7.059456831901620433e+00,3.211305305141642918e+00,-5.809971208086171401e+01,-4.811325197826158728e+01,-4.027525205291310328e+01,-5.806834484391167450e+00,-7.073574783390296261e+01,-3.351423470974067698e+01,-3.617541726092269982e+01,-2.276566920305346287e+01,-5.701476891606161246e+01,-4.339026812996642946e+01,-2.723753010441230771e+01,-8.473752808841865658e+00,-3.123743426192099903e+01,-1.346157418789062632e+01
-6.850967601782016914e+00,3.740824209763960795e+00,-5.626169703913525666e+01,-4.671381976661339763e+01,-3.923686164347427052e+01,-5.576515551484952482e+00,-7.024738142874019786e+01,-3.224858804190164818e+01,-3.509078303913879182e+01,-2.206726855213217675e+01,-5.596154235093788287e+01,-4.248344009255658449e+01,-2.658420930305084795e+01,-8.010415582666041701e+00,-3.032527718960453811e+01,-1.300434752925183801e+01
-6.684158202386960568e+00,4.248323091200756352e+00,-5.418722086271822747e+01,-4.511995948786928778e+01,-3.815386093151971636e+01,-5.428838392308680483e+00,-6.917808865101420679e+01,-3.089182015834598616e+01,-3.389068926638383772e+01,-2.136057449553820220e+01,-5.464191875252085850e+01,-4.137692726057650816e+01,-2.585091409556876130e+01,-7.605224347674607088e+00,-2.931285103681719306e+01,-1.248203024837320640e+01
-6.561150950579122565e+00,4.728776797224522710e+00,-5.199061041296231878e+01,-4.341058171605540394e+01,-3.706856553107029129e+01,-5.363020345805590949e+00,-6.765544060332751997e+01,-2.949700219703774451e+01,-3.264136560760186967e+01,-2.067516356834565272e+01,-5.314823939613240356e+01,-4.013614502592662348e+01,-2.507131310941772995e+01,-7.278695430834275726e+00,-2.825044879472800119e+01,-1.193304757602040667e+01
-6.480974052796021567e+00,5.178486559991668514e+00,-4.979349995004158558e+01,-4.167114759568644899e+01,-3.602383064219768016e+01,-5.375216152218676768e+00,-6.582929812534672465e+01,-2.811879618695395777e+01,-3.141257000867885552e+01,-2.003975391579281506e+01,-5.158119348709713847e+01,-3.883365745912365696e+01,-2.428249609530422504e+01,-7.048188778691340417e+00,-2.719100884032420140e+01,-1.139792908399204663e+01
-6.439421119073493571e+00,5.595174664421126209e+00,-4.771814235947475424e+01,-3.998831284208637271e+01,-3.505944910016630445e+01,-5.457462574304628333e+00,-6.386369089363176954e+01,-2.680951545540382597e+01,-3.027242598906524051e+01,-1.947901173098486538e+01,-5.004365565921575154e+01,-3.754399201020346766e+01,-2.352158417321663819e+01,-6.925143667990951712e+00,-2.618618200648977989e+01,-1.091592230727342638e+01
-6.429491558692511433e+00,5.977687885238839982e+00,-4.587830140105504029e+01,-3.844368248346717110e+01,-3.420976881735118980e+01,-5.599080201224793996e+00,-6.192372890749550152e+01,-2.561704263073085031e+01,-2.928311146636498563e+01,-1.901293734641559752e+01,-4.863299641743692803e+01,-3.633877042104403898e+01,-2.282383783108346620e+01,-6.915273500988092792e+00,-2.528342478442010233e+01,-1.052289790137835723e+01
-6.441379340218137628e+00,6.326202115017022010e+00,-4.437031869352272651e+01,-3.710660736894784861e+01,-3.349942953999067186e+01,-5.786064813633181814e+00,-6.016361208785315284e+01,-2.458068488095184989e+01,-2.849475255442741428e+01,-1.865374506872865368e+01,-4.743291161818336832e+01,-3.528012033396174729e+01,-2.221857766996665617e+01,-7.016459833025649573e+00,-2.452127457606269090e+01,-1.024735698650368221e+01
-6.464441477596867713e+00,6.641026075577471488e+00,-4.327328796048877990e+01,-3.603585351156395689e+01,-3.294678617397822507e+01,-6.003903181025240343e+00,-5.872363515672384437e+01,-2.373297396237606449e+01,-2.794759428767282827e+01,-1.840947483003577645e+01,-4.651474380700462063e+01,-3.442256427406444175e+01,-2.173142333983968655e+01,-7.221752715615238571e+00,-2.393147551572921827e+01,-1.011264560241195909e+01
-6.487830316299856293e+00,6.922518453177996633e+00,-4.264682342194137732e+01,-3.527735089210789710e+01,-3.256268407531113951e+01,-6.236921548379093849e+00,-5.772581042530481454e+01,-2.309736684354703584e+01,-2.766955475136840903e+01,-1.828230933218435439e+01,-4.593500018160519005e+01,-3.381017485166314884e+01,-2.138226705091079793e+01,-7.517942342538660228e+00,-2.353712071170253139e+01,-1.013519107480767900e+01
-6.501076398942771561e+00,7.171049808265369307e+00,-4.252375899280957583e+01,-3.485884506982879572e+01,-3.234868645319879477e+01,-6.469971576485896492e+00,-5.726221176050665918e+01,-2.268705001890023709e+01,-2.767296840036792815e+01,-1.826864101275788244e+01,-4.572885374472273412e+01,-3.347240479825511272e+01,-2.118358494931209179e+01,-7.886991165286303840e+00,-2.335039192842507205e+01,-1.032291884240819968e+01
-6.495436139163693667e+00,7.386475439833585455e+00,-4.291571694418652072e+01,-3.479420977418894267e+01,-3.230040005716030294e+01,-6.688940658608863998e+00,-5.739977759910715349e+01,-2.250608372174363581e+01,-2.795774699668910301e+01,-1.836085426748535099e+01,-4.591527531688284114e+01,-3.342707416119099406e+01,-2.114194477700847585e+01,-8.307085111243338815e+00,-2.337496015228313340e+01,-1.067706461379486882e+01
-6.464466556584099521e+00,7.568144683584023369e+00,-4.381060842362280994e+01,-3.508147830584439930e+01,-3.240733976540860795e+01,-6.882062221484900988e+00,-5.817471729627669674e+01,-2.254954757474726534e+01,-2.851064587028755426e+01,-1.854803370504528459e+01,-4.649453959575441075e+01,-3.367882090888603841e+01,-2.125764129032759797e+01,-8.754414548731034529e+00,-2.360563381474199218e+01,-1.119205220213978436e+01
-6.404246988393875739e+00,7.715138948639356897e+00,-4.517501905592931166e+01,-3.570389330945439355e+01,-3.265342448286591548e+01,-7.039418388262305371e+00,-5.959397872557968867e+01,-2.280331701104418585e+01,-2.930599345331027905e+01,-1.881561675729703609e+01,-4.744973476077753105e+01,-3.421926186359648625e+01,-2.152427048174081392e+01,-9.203202333305796401e+00,-2.402863622822362544e+01,-1.185540347607627609e+01
-6.312847474968432238e+00,7.827051920365658333e+00,-4.694720132180191285e+01,-3.662394459948404091e+01,-3.301388688439409691e+01,-7.153851578126303679e+00,-6.162474692837810153e+01,-2.324310677564017169e+01,-3.030240866846042991e+01,-1.914452367929885668e+01,-4.873985849574439300e+01,-3.502240958907324853e+01,-2.192654462560855677e+01,-9.627109147967459535e+00,-2.461899902515109773e+01,-1.264568513776511338e+01
-6.191473653935613441e+00,7.903354858613926837e+00,-4.905031111473481076e+01,-3.779369895376617450e+01,-3.346202086522153252e+01,-7.221433929292910392e+00,-6.420887469094429889e+01,-2.383886496826616508e+01,-3.145117938178223227e+01,-1.951519324633109420e+01,-5.031197072475536913e+01,-3.605300017341967589e+01,-2.244490297591264749e+01,-1.000181382756956339e+01,-2.534668613581855823e+01,-1.353743896890720322e+01
-6.043165158452609376e+00,7.944494018827342074e+00,-5.138627490820262267e+01,-3.914890450853791748e+01,-3.396511149478270397e+01,-7.241073827294638221e+00,-6.725435594969781050e+01,-2.455330314643917688e+01,-3.269261899422146200e+01,-1.990530718055566695e+01,-5.209442651718877926e+01,-3.726160571343400818e+01,-2.305272765705935001e+01,-1.030495708894321183e+01,-2.617344112543334944e+01,-1.449852982068788521e+01
-5.872987610878297460e+00,7.951724438968561515e+00,-5.384615094836560445e+01,-4.061675727346879228e+01,-3.448901005960452437e+01,-7.214475843777314878e+00,-7.064715170230908825e+01,-2.534540114604112659e+01,-3.396252690517149375e+01,-2.029248627421779361e+01,-5.400608334834461033e+01,-3.859096908926313318e+01,-2.371969941429247797e+01,-1.051790926645270474e+01,-2.705726630531153987e+01,-1.549370196979319303e+01
-5.687241586176810415e+00,7.927545005948605450e+00,-5.631101347553696002e+01,-4.211591977522736840e+01,-3.499780277420832419e+01,-7.146260490294451984e+00,-7.425185765458650167e+01,-2.617163801373376941e+01,-3.519318577140940363e+01,-2.065472420541411225e+01,-5.595641855290333666e+01,-3.997643765317826592e+01,-2.441214747274698027e+01,-1.062693621059563043e+01,-2.795287456750595112e+01,-1.648495303808473267e+01
-5.494420661666548966e+00,7.874702024797169742e+00,-5.867124156180949512e+01,-4.357163822348804416e+01,-3.546262924650403647e+01,-7.043862608089479949e+00,-7.793510813500427048e+01,-2.699215749012542176e+01,-3.632487883967371545e+01,-2.097531941995933380e+01,-5.786286367469666914e+01,-4.135821970606289710e+01,-2.509971174698880247e+01,-1.062525781310559125e+01,-2.882015640167394821e+01,-1.743846013711288379e+01
-5.302942886646384579e+00,7.797474322426236171e+00,-6.081943008284557095e+01,-4.490863298353461630e+01,-3.585564221957088193e+01,-6.916028973645751421e+00,-8.155825121207277562e+01,-2.776825133460147299e+01,-3.730060969853582264e+01,-2.123900880718159101e+01,-5.964274818419880830e+01,-4.267550150681786647e+01,-2.575155149945504718e+01,-1.051120777716639054e+01,-2.961979490832730022e+01,-1.832081310372819161e+01
-5.122179870572523441e+00,7.700358868859993322e+00,-6.266961429444464926e+01,-4.606661162777630381e+01,-3.615921702175756991e+01,-6.773320710983700366e+00,-8.500131207757459606e+01,-2.846895035859148493e+01,-3.807793039570367455e+01,-2.143769509168848231e+01,-6.123096196289830573e+01,-4.387944315715672872e+01,-2.634355351478058083e+01,-1.029064260719833612e+01,-3.032216398669255142e+01,-1.910633720150701720e+01
-4.960588207979643727e+00,7.588888737357358139e+00,-6.415266425480828616e+01,-4.699548343313851717e+01,-3.636130601119390349e+01,-6.626520072943534956e+00,-8.815936152840288287e+01,-2.906906438682695182e+01,-3.862493445731064412e+01,-2.156710758239120196e+01,-6.257441774513316091e+01,-4.492909377255199388e+01,-2.685552591992838956e+01,-9.974712539515934395e+00,-3.090406586969847069e+01,-1.977434467106495930e+01
-4.826314011101374035e+00,7.468560438062084472e+00,-6.522953686229939763e+01,-4.766612218003744772e+01,-3.646137332533426445e+01,-6.486479026775150203e+00,-9.095966722435025531e+01,-2.955338646609968123e+01,-3.892800644610586147e+01,-2.163014857136187175e+01,-6.364412004274407053e+01,-4.580027866363271727e+01,-2.727597836244586915e+01,-9.580626911835793180e+00,-3.135469986199598225e+01,-2.031402661305651947e+01
-4.724471873267017230e+00,7.346258369523031462e+00,-6.587516727596823785e+01,-4.805645953395050896e+01,-3.645996958445269343e+01,-6.362152866043501831e+00,-9.334449756196158887e+01,-2.991100765916220894e+01,-3.898079012481217376e+01,-2.163014380329784103e+01,-6.441912346894871177e+01,-4.647400563472322688e+01,-2.759498554960481442e+01,-9.127610829401049841e+00,-3.166695100522026962e+01,-2.071724022118316100e+01
-4.658917832410072180e+00,7.228345490609740409e+00,-6.609384316660504055e+01,-4.816511462039029112e+01,-3.636770427509114256e+01,-6.261826029769899549e+00,-9.529006378519710552e+01,-3.014129252979920182e+01,-3.879453889495475494e+01,-2.157679708071465541e+01,-6.490170661511572803e+01,-4.694818580083219217e+01,-2.781118293073424752e+01,-8.639309712136920893e+00,-3.184551338292913059e+01,-2.098553770001483088e+01
-4.630132580878701276e+00,7.121763173249167522e+00,-6.590383423630515836e+01,-4.799841001270794294e+01,-3.619568379581042450e+01,-6.190981276794239818e+00,-9.678987596357336542e+01,-3.024797741126961625e+01,-3.838736311528391099e+01,-2.147950153620368496e+01,-6.510235459916606260e+01,-4.722649276937155349e+01,-2.792495912502592148e+01,-8.139210424300955538e+00,-3.189853747646053961e+01,-2.112321467321655177e+01
-4.636577883603969497e+00,7.032635782459781382e+00,-6.534404160467030920e+01,-4.757704657461898989e+01,-3.596036549774903790e+01,-6.153356935046154774e+00,-9.786299561851524231e+01,-3.024218935235050765e+01,-3.778914194083510836e+01,-2.135071833682809483e+01,-6.504699298768801441e+01,-4.732424685383521989e+01,-2.794219849045370552e+01,-7.651704288762900319e+00,-3.184163325257046395e+01,-2.114094698595735622e+01
-4.673366977808207423e+00,6.966992726365091926e+00,-6.445906643041945472e+01,-4.692411296361416362e+01,-3.567543343431138680e+01,-6.149814680842567327e+00,-9.853752330454420871e+01,-3.013714303926931848e+01,-3.703173303135181982e+01,-2.120072858657738379e+01,-6.476321432687704771e+01,-4.725832410235669556e+01,-2.786840822162852760e+01,-7.198577129010388376e+00,-3.169034388627010657e+01,-2.104967210803525290e+01
-4.735295406665574802e+00,6.928450064101461692e+00,-6.331435342478791028e+01,-4.607923095248736445e+01,-3.536216047913443106e+01,-6.180417439296192583e+00,-9.886841247978082947e+01,-2.995410094664839562e+01,-3.615950707013259091e+01,-2.104455770133036197e+01,-6.429602802352292201e+01,-4.705925953981983412e+01,-2.771639807402523559e+01,-6.801850195583654113e+00,-3.146873322573478760e+01,-2.086809570129080527e+01
-4.814955487927683464e+00,6.919700781392300826e+00,-6.197555746814634858e+01,-4.508136756259994371e+01,-3.503764912036908186e+01,-6.242397821482651210e+00,-9.891433114030530760e+01,-2.971418490340531093e+01,-3.521499501038383073e+01,-2.089374576791534821e+01,-6.368829395722347897e+01,-4.675633524555306053e+01,-2.749738633702413892e+01,-6.478497378952923214e+00,-3.119847404933409862e+01,-2.061356161995225023e+01
-4.905537581264553637e+00,6.940624767090113778e+00,-6.051931894312994586e+01,-4.397958208424672932e+01,-3.472343851838252249e+01,-6.332802936357335710e+00,-9.875004392862336999e+01,-2.944319762946403785e+01,-3.424712654643047927e+01,-2.076266677805828920e+01,-6.299270246962694841e+01,-4.638709449302107402e+01,-2.722742110758396450e+01,-6.243663985181967746e+00,-3.090576124800771396e+01,-2.030814502468469129e+01
-4.999845087336684202e+00,6.989394847319225335e+00,-5.901932408357313875e+01,-4.282145502944439386e+01,-3.443772845952840100e+01,-6.447143864638746891e+00,-9.845090480654448584e+01,-2.916561179419683469e+01,-3.330124683065301383e+01,-2.066288863014284516e+01,-6.225890129882856172e+01,-4.598719817372804641e+01,-2.692132609338366933e+01,-6.106923366447290391e+00,-3.061389143053843043e+01,-1.997236234686993583e+01
-5.092718276319409654e+00,7.061087118442131327e+00,-5.755501475481983675e+01,-4.166177736770583095e+01,-3.420255491870901210e+01,-6.581588167059081229e+00,-9.810248202730872435e+01,-2.890837915877560249e+01,-3.242568918055422955e+01,-2.060820449191231063e+01,-6.154322078737132529e+01,-4.559801082067647116e+01,-2.659800478698245740e+01,-6.075104021425516976e+00,-3.034903147082886221e+01,-1.963016859330945607e+01
-5.178850824925994800e+00,7.149894416331068925e+00,-5.618957422636113819e+01,-4.054392207792953684e+01,-3.403122473787284719e+01,-6.730912000699554198e+00,-9.777523406205949641e+01,-2.869206627337695181e+01,-3.165667254858564661e+01,-2.060601312451692024e+01,-6.088792542207133351e+01,-4.525054258061267376e+01,-2.627085989954547074e+01,-6.147529103109178550e+00,-3.012874012151009140e+01,-1.929911062289185253e+01
-5.255418502224273425e+00,7.247715321965813473e+00,-5.498055458865690071e+01,-3.951037115674967026e+01,-3.393724147241613309e+01,-6.891600035725382156e+00,-9.753571068418290224e+01,-2.853623571986966567e+01,-3.102707901519700329e+01,-2.066417641022287910e+01,-6.033321027014613946e+01,-4.497505905932802506e+01,-2.595454962712467761e+01,-6.320709296515289566e+00,-2.996936237243819079e+01,-1.899676458452926653e+01
-5.320554409507167293e+00,7.345897177100962239e+00,-5.396693221195907597e+01,-3.859133222903010108e+01,-3.392648543764020985e+01,-7.059974222850314618e+00,-9.743145533864901608e+01,-2.845361388042078943e+01,-3.055711453740000394e+01,-2.078512927773441987e+01,-5.990485699168240785e+01,-4.479105084462589303e+01,-2.565890729330885023e+01,-6.585071353881858158e+00,-2.987892020708989804e+01,-1.873442908571179544e+01
-5.374676713290970298e+00,7.434749218206579968e+00,-5.317464236414873113e+01,-3.781025356591386810e+01,-3.400231914781868170e+01,-7.234135208321777810e+00,-9.749617468334866999e+01,-2.845323377850522206e+01,-3.025926741779668205e+01,-2.096995730921688761e+01,-5.962061698207415361e+01,-4.471249329194573363e+01,-2.539285832262157783e+01,-6.928323805213480568e+00,-2.986147717939864066e+01,-1.852084612464857827e+01
-5.418810625091769140e+00,7.505301996781469143e+00,-5.260602905357016823e+01,-3.717422847526074747e+01,-3.415882056477937567e+01,-7.412414550232377053e+00,-9.773751741502354662e+01,-2.853575053316500032e+01,-3.013077878594184966e+01,-2.121358351820554589e+01,-5.948003040222386062e+01,-4.473952631946269065e+01,-2.515916642621067467e+01,-7.333196168964065009e+00,-2.991119579005692941e+01,-1.835686463648359990e+01
-5.456978406735217391e+00,7.547872364741262885e+00,-5.225767200665510614e+01,-3.668947456138685936e+01,-3.439236916701327118e+01,-7.596000824765866355e+00,-9.815674370961693285e+01,-2.870106320410829426e+01,-3.016652283552570779e+01,-2.151312298807457069e+01,-5.948212738325139526e+01,-4.487221800985365405e+01,-2.496328446788619715e+01,-7.783100142297925572e+00,-3.002281408181440270e+01,-1.824426728599964065e+01
-5.493907731340996747e+00,7.554107151502911677e+00,-5.211107170463819216e+01,-3.635180472103011340e+01,-3.469395911035084623e+01,-7.786104732789212335e+00,-9.873862708322457138e+01,-2.894308046890830610e+01,-3.035100602690135574e+01,-2.186165651200742843e+01,-5.961529154694238741e+01,-4.510186388815650105e+01,-2.480727913309596033e+01,-8.258631068079253623e+00,-3.018532525113795373e+01,-1.817988437792949696e+01
-5.536066794693745408e+00,7.516315535164487471e+00,-5.214387241218910418e+01,-3.615615343321587716e+01,-3.505637066807217650e+01,-7.985927592392506824e+00,-9.946385165577362386e+01,-2.925500809728907825e+01,-3.066687736947343268e+01,-2.225392334023806029e+01,-5.986810978588960097e+01,-4.541987769687447241e+01,-2.469542050038344883e+01,-8.742048697839692295e+00,-3.038880260163098512e+01,-1.816131071515401985e+01
-5.590152442913421282e+00,7.428652936555160124e+00,-5.232905818801661013e+01,-3.609414642161404174e+01,-3.547117598185536735e+01,-8.198551093932021416e+00,-1.003091196828670491e+02,-2.962733305357870961e+01,-3.109266600799679736e+01,-2.268332476945714404e+01,-6.022721684130709718e+01,-4.581522592254221848e+01,-2.463152980457353891e+01,-9.215566754028913010e+00,-3.062241649617682882e+01,-1.818474885490157078e+01
-5.663728831661757113e+00,7.286509054826314724e+00,-5.264529450940315058e+01,-3.616258007286991472e+01,-3.593472120635971123e+01,-8.428143692261684805e+00,-1.012587080261235997e+02,-3.005250530632493167e+01,-3.161025423574767146e+01,-2.314639343617007938e+01,-6.068672676958894385e+01,-4.628214369354788005e+01,-2.462356432479745649e+01,-9.664816702648117541e+00,-3.088041521987018356e+01,-1.824996259676486687e+01
-5.762658417901178609e+00,7.088249176510007743e+00,-5.306791966542431283e+01,-3.635394894546554667e+01,-3.644020785817093611e+01,-8.676963183686062564e+00,-1.022949195622834395e+02,-3.052001108259506168e+01,-3.219730938857717462e+01,-2.363660127776230979e+01,-6.123786213608366324e+01,-4.681164666692492204e+01,-2.467717780514585968e+01,-1.007539704660905500e+01,-3.115572546853110225e+01,-1.835444471205401129e+01
-5.891608334354234700e+00,6.834534266137247016e+00,-5.357513798955564255e+01,-3.666189921210597191e+01,-3.698219266343841127e+01,-8.947032416693659229e+00,-1.034043043661906154e+02,-3.102049210746938002e+01,-3.283316074877642876e+01,-2.414852162733826901e+01,-6.187482547098795749e+01,-4.739710166083033016e+01,-2.479915718178246209e+01,-1.043652343233534197e+01,-3.144435839700499002e+01,-1.849728174613199272e+01
-6.052864680893591753e+00,6.528867587567013686e+00,-5.414722369751611097e+01,-3.707923419940453158e+01,-3.755412366833391502e+01,-9.238069494401045745e+00,-1.045772726547062348e+02,-3.154425545582986956e+01,-3.349720210136521814e+01,-2.467523398887154684e+01,-6.259268049386491839e+01,-4.803203948734690698e+01,-2.499490373937678100e+01,-1.073923211485069373e+01,-3.174351012521847082e+01,-1.867727143346548502e+01
-6.246227517097924675e+00,6.177293714909009026e+00,-5.476616207649951917e+01,-3.759774324216058972e+01,-3.814887980382488308e+01,-9.548207047099865008e+00,-1.058064633907381449e+02,-3.208254952564037410e+01,-3.417013369137680456e+01,-2.520950904853950192e+01,-6.338667137970554677e+01,-4.871061082701250200e+01,-2.526864132489458825e+01,-1.097789229248599696e+01,-3.205210270797351058e+01,-1.889362417399152605e+01
-6.467963692760672956e+00,5.788764439729671807e+00,-5.541177589573639040e+01,-3.820407758792494946e+01,-3.875534987526118869e+01,-9.872458693731118728e+00,-1.070824674981440694e+02,-3.262539714006695135e+01,-3.483093350192802973e+01,-2.574097364983212799e+01,-6.424760114108823927e+01,-4.942375163243705316e+01,-2.562013754078598993e+01,-1.114822997285983774e+01,-3.236754625756373827e+01,-1.914311392277117818e+01
-6.712296002565452113e+00,5.373683875304958946e+00,-5.606880763806394441e+01,-3.888648061021528690e+01,-3.936410850450373289e+01,-1.020477635806260963e+01,-1.084007818680838682e+02,-3.316596810754730029e+01,-3.546345542966155762e+01,-2.626096333018573148e+01,-6.516885755474271491e+01,-5.016552740653430931e+01,-2.604875899687820606e+01,-1.125060488986240159e+01,-3.269044909585544190e+01,-1.942442899778715670e+01
-6.971174329692001237e+00,4.943807200913433064e+00,-5.672643253154996046e+01,-3.963351626176706333e+01,-3.996568950238500406e+01,-1.053645411885658234e+01,-1.097616887713870710e+02,-3.369881637595344159e+01,-3.605495713291830384e+01,-2.676028508289957131e+01,-6.614487436062076142e+01,-5.093118282460483925e+01,-2.655130997393755621e+01,-1.128753696303539300e+01,-3.302257074178250207e+01,-1.973632849222713048e+01
-7.234657199817956297e+00,4.511674585011167693e+00,-5.737500526586764948e+01,-4.043206504089747710e+01,-4.055027814315855039e+01,-1.085751664536671512e+01,-1.111653692396712358e+02,-3.422022980925021329e+01,-3.659551433651495955e+01,-2.723007067069797671e+01,-6.716831177603947367e+01,-5.171594143065363625e+01,-2.712172614356058631e+01,-1.126458931363258387e+01,-3.336601376072552938e+01,-2.007732362874084941e+01
-7.491827240370682262e+00,4.089823019901931644e+00,-5.801071105326573729e+01,-4.127110357748262004e+01,-4.110981908660448880e+01,-1.115652410125924376e+01,-1.126176690059758130e+02,-3.472871051475212312e+01,-3.708042204869936143e+01,-2.766253929481732143e+01,-6.823422355544258266e+01,-5.251748855898276247e+01,-2.775200638629619476e+01,-1.118956793272309369e+01,-3.372437792987597760e+01,-2.044664839155181824e+01
-7.731533373257921227e+00,3.690100731023733260e+00,-5.863349036231841183e+01,-4.214082013533241167e+01,-4.163828110448626774e+01,-1.142192674730026880e+01,-1.141267668973284799e+02,-3.522516691426912416e+01,-3.750985022110779710e+01,-2.805182976917318172e+01,-6.933847477505153734e+01,-5.333535006576789073e+01,-2.843253847672065149e+01,-1.107298307423559436e+01,-3.410236618947867271e+01,-2.084421830816274479e+01
-7.942628089661187829e+00,3.323495448264829122e+00,-5.924522028607782431e+01,-4.303100460700204621e+01,-4.213002705699817341e+01,-1.164137045479161614e+01,-1.157012039271527328e+02,-3.571083319944251855e+01,-3.788667253794794476e+01,-2.839214102587077093e+01,-7.047584383177834866e+01,-5.416865675557451709e+01,-2.915047497933093013e+01,-1.092570258630239266e+01,-3.450360681231058635e+01,-2.126876042685170631e+01
-8.114125006775807947e+00,3.000068250692486060e+00,-5.984106322234435282e+01,-4.392503477190042105e+01,-4.257685597187614235e+01,-1.180316028552992691e+01,-1.173386247262358211e+02,-3.618559577264464622e+01,-3.821226945967468680e+01,-2.867700729902841772e+01,-7.163269598698758500e+01,-5.501141846990134354e+01,-2.988810041465638534e+01,-1.075894948181860400e+01,-3.492743080201578465e+01,-2.171547877253117775e+01
-8.236733210994898968e+00,2.727956456510199246e+00,-6.041679001421800166e+01,-4.480655098999243080e+01,-4.297235021833580504e+01,-1.189687596700319361e+01,-1.190341645031537610e+02,-3.664973690786602134e+01,-3.849078710494928401e+01,-2.890163508597201769e+01,-7.279456051865801669e+01,-5.585747714118628693e+01,-3.062610482601347428e+01,-1.058432484503598658e+01,-3.537205442400646405e+01,-2.217871237365964632e+01
-8.302465307392324689e+00,2.513768868704516990e+00,-6.095900561027218600e+01,-4.565210477780987475e+01,-4.330739220085126817e+01,-1.191384659558327286e+01,-1.207680693798050697e+02,-3.710098075932860695e+01,-3.872320645626082580e+01,-2.906047547649922791e+01,-7.393742421070683690e+01,-5.669422367418789577e+01,-3.134101473227310919e+01,-1.041241851456459244e+01,-3.583023216738730810e+01,-2.264853699163604261e+01
-8.305483045261610187e+00,2.362114437795860056e+00,-6.144922760680117335e+01,-4.643506659405284154e+01,-4.357247514600726390e+01,-1.184756701095195908e+01,-1.225104481832563579e+02,-3.753517937000900417e+01,-3.890929815109102208e+01,-2.914844234017507318e+01,-7.503228719472627972e+01,-5.750534566661971780e+01,-3.200735878648805510e+01,-1.025250595807830933e+01,-3.629099034216233122e+01,-2.311215216870439804e+01
-8.242319378019274723e+00,2.275599750907478125e+00,-6.186099370014017040e+01,-4.712408902519242559e+01,-4.375711582716917292e+01,-1.169485707705223021e+01,-1.242174203967549602e+02,-3.794611825507034553e+01,-3.904615635495348158e+01,-2.916132367715540852e+01,-7.604329405394645391e+01,-5.826974141812743113e+01,-3.259836288138454563e+01,-1.011286033811866503e+01,-3.673905344794428629e+01,-2.355368830519327261e+01
-8.113402128922061252e+00,2.253826767026900768e+00,-6.217310776926613869e+01,-4.769429394226173713e+01,-4.385647738552935948e+01,-1.145620035927898073e+01,-1.258472122181867690e+02,-3.832895181807995755e+01,-3.913522769653622646e+01,-2.909925968002370666e+01,-7.694056552737251309e+01,-5.897010855085294878e+01,-3.309148729586175364e+01,-1.000133984744388727e+01,-3.716089953507019317e+01,-2.395911636232013819e+01
-7.921561611307247119e+00,2.294629610017889121e+00,-6.235910438602687833e+01,-4.811847522930855803e+01,-4.386502199524973378e+01,-1.113522076843198860e+01,-1.273482865014686922e+02,-3.867644962323464597e+01,-3.917467587348199487e+01,-2.896284757103758523e+01,-7.769018092061173775e+01,-5.958555788269770659e+01,-3.346489567501160423e+01,-9.923305325601866400e+00,-3.753968215299090616e+01,-2.431202265813170271e+01
-7.673475780297714266e+00,2.393052612546171076e+00,-6.240265196543873571e+01,-4.838018733002790839e+01,-4.378447277591493503e+01,-1.073950631278029988e+01,-1.286784805169850188e+02,-3.898388729545688136e+01,-3.916825633692130282e+01,-2.875804518669048093e+01,-7.826931603545466487e+01,-6.010233858844773636e+01,-3.370418695443716217e+01,-9.883612135701383750e+00,-3.786290157573338178e+01,-2.459998889807270217e+01
-7.378175978480427943e+00,2.542470311530507843e+00,-6.229101125658952753e+01,-4.846790662756146872e+01,-4.361908060652527297e+01,-1.027964753676074849e+01,-1.297984652152806575e+02,-3.924644593247552393e+01,-3.911984752080999783e+01,-2.849291116977931182e+01,-7.865971290176133834e+01,-6.050886864188716174e+01,-3.379993416656039074e+01,-9.884895204211545661e+00,-3.811917248766228283e+01,-2.481183670853653211e+01
-7.047571722398487282e+00,2.734176865861659422e+00,-6.202573100829451391e+01,-4.838376892621194258e+01,-4.338048340687483062e+01,-9.769026244676123127e+00,-1.306855581449826786e+02,-3.946238567877128389e+01,-3.903915045926773075e+01,-2.818011433870553617e+01,-7.885782960465311930e+01,-6.080287221562347355e+01,-3.375189083708031745e+01,-9.928515208037637763e+00,-3.830342528368478838e+01,-2.494186085245155127e+01
-6.693729188466218005e+00,2.959341133300632976e+00,-6.160694331772843668e+01,-4.812991973739765683e+01,-4.307787148851940628e+01,-9.222152713292363302e+00,-1.313164209566813270e+02,-3.962777331320872065e+01,-3.893083556691105684e+01,-2.783072418388931624e+01,-7.885954499930869588e+01,-6.098018490703943684e+01,-3.356246313842338935e+01,-1.001188316329640315e+01,-3.840924982020952427e+01,-2.498346551721575892e+01
-6.330185575934542896e+00,3.207931659309171124e+00,-6.104860628220743024e+01,-4.772155992167925831e+01,-4.272658552566350920e+01,-8.655400658319564400e+00,-1.316857205684093515e+02,-3.974244892829952391e+01,-3.880459256674117796e+01,-2.745968475897038985e+01,-7.867517097415884564e+01,-6.104610617997374078e+01,-3.324344605260408514e+01,-1.013177206918063433e+01,-3.843727749948605776e+01,-2.493627640132000778e+01
-5.969286125828453748e+00,3.470579711889993035e+00,-6.036409571679716635e+01,-4.717408157166113369e+01,-4.233884678476537999e+01,-8.084665635586226529e+00,-1.317902997685798709e+02,-3.980492892181934650e+01,-3.866519749391016347e+01,-2.707933302747130000e+01,-7.831513245337194462e+01,-6.100473034192803823e+01,-3.280923708564430541e+01,-1.028136907149317381e+01,-3.838777122470455083e+01,-2.479996517826901936e+01
-5.622752096925594856e+00,3.738041291969334878e+00,-5.957427912644665469e+01,-4.650993254143149613e+01,-4.192862931295849194e+01,-7.525662696915269123e+00,-1.316389915524787284e+02,-3.981612211399102819e+01,-3.851840763832467474e+01,-2.670260287912833519e+01,-7.779799106662113672e+01,-6.086528220166101733e+01,-3.228026094674161328e+01,-1.045267480508992719e+01,-3.826541026930190981e+01,-2.457838591392668803e+01
-5.299709809177407749e+00,4.002567628431862090e+00,-5.869552123918022346e+01,-4.574803249649255577e+01,-4.150454568600319760e+01,-6.992318773283034972e+00,-1.312393489923033485e+02,-3.977564677273416294e+01,-3.836357120571405943e+01,-2.633838932149065215e+01,-7.713884255489523412e+01,-6.063372211644291099e+01,-3.167738463951958039e+01,-1.063499559075832224e+01,-3.807338421102977577e+01,-2.427479393403013574e+01
-5.008745275336707437e+00,4.256314871185640669e+00,-5.775664768603903099e+01,-4.491817786296594761e+01,-4.108019255846689077e+01,-6.497794335047853309e+00,-1.306177206951155085e+02,-3.968872004595191783e+01,-3.820568302161952801e+01,-2.599814597112062842e+01,-7.636581973835549775e+01,-6.032536101924063843e+01,-3.102879309567707367e+01,-1.081903679744280566e+01,-3.782257218641157692e+01,-2.389972777681973781e+01
-4.755182330717349970e+00,4.493367918705569508e+00,-5.678056241577783680e+01,-4.404455585739290768e+01,-4.066285724372325205e+01,-6.051809050680837743e+00,-1.297984822291259661e+02,-3.955926623642483975e+01,-3.804326059206816524e+01,-2.568798118313458190e+01,-7.550176341934613333e+01,-5.995114280400180462e+01,-3.036066597802712863e+01,-1.099324974935045418e+01,-3.752158712962859966e+01,-2.346261633713580252e+01
-4.543122928876815791e+00,4.708204446480714012e+00,-5.579757322045660572e+01,-4.315742525294325560e+01,-4.026264404130282060e+01,-5.662372658926436486e+00,-1.288193443012576154e+02,-3.939597933290053788e+01,-3.787890466104323650e+01,-2.541501510305819522e+01,-7.457757401725660884e+01,-5.952825681266856606e+01,-2.970293272613603364e+01,-1.114828504696404110e+01,-3.718442344285932677e+01,-2.297844267284227016e+01
-4.373804578465609438e+00,4.897025873588582101e+00,-5.483331391440523817e+01,-4.228208259730433838e+01,-3.988512942605954947e+01,-5.333802115113478237e+00,-1.277176841008829342e+02,-3.920739950350002800e+01,-3.771145224201909230e+01,-2.518200628200189328e+01,-7.362009230806154392e+01,-5.907085045151485048e+01,-2.908252512474109608e+01,-1.127450718404108443e+01,-3.682356253393919587e+01,-2.246186829180327749e+01
-4.247519279133797454e+00,5.056405242399733879e+00,-5.391918537894046892e+01,-4.144810709786513314e+01,-3.953878265733948183e+01,-5.068247708880821989e+00,-1.265418788152705929e+02,-3.900642915163136593e+01,-3.754447320327042803e+01,-2.499239793599529236e+01,-7.266245995895513943e+01,-5.859829146589467541e+01,-2.852772917676657016e+01,-1.136544547076807987e+01,-3.645588458331921089e+01,-2.193228897225788643e+01
-4.161211298628312960e+00,5.185278953080668884e+00,-5.307160432799307159e+01,-4.067115634611664632e+01,-3.922291243394735716e+01,-4.863424736692778083e+00,-1.253267937348647365e+02,-3.880219121858964115e+01,-3.737295297837439989e+01,-2.484205543757191492e+01,-7.172376995544942702e+01,-5.811975401431571697e+01,-2.805790240533225699e+01,-1.141376529186645428e+01,-3.609127317546371216e+01,-2.140408417809743469e+01
-4.111064889729366456e+00,5.283154758054617872e+00,-5.230454752592022771e+01,-3.996458215192723884e+01,-3.893731536788210690e+01,-4.715328893087527007e+00,-1.241065432050093023e+02,-3.860590576884136738e+01,-3.719394419615468905e+01,-2.472650841302513669e+01,-7.082199961785408959e+01,-5.764471175729858032e+01,-2.768976968722294885e+01,-1.141613878044029207e+01,-3.574015876082102494e+01,-2.089310840554669824e+01
-4.091077797829033358e+00,5.351386626759627063e+00,-5.161632741496472931e+01,-3.932770884701988479e+01,-3.867438059753398250e+01,-4.616522298205673280e+00,-1.228982729071866515e+02,-3.842483586819306396e+01,-3.699771526761728069e+01,-2.463510505753862034e+01,-6.996075789177893967e+01,-5.717256354771081561e+01,-2.743039433721686038e+01,-1.136982940127158770e+01,-3.540569007457741435e+01,-2.040978330208873359e+01
-4.094892066575710032e+00,5.391965082038630896e+00,-5.099700041588484112e+01,-3.875297286724635626e+01,-3.842531557058896396e+01,-4.558330863699275426e+00,-1.217085570029223618e+02,-3.826578419464683378e+01,-3.677436249872821605e+01,-2.455592739219191145e+01,-6.913698089796139357e+01,-5.669902606318012772e+01,-2.728124390683679223e+01,-1.127577346229831790e+01,-3.508830163395460744e+01,-1.996294453164393445e+01
-4.114502239365343428e+00,5.408637984413246613e+00,-5.041714524280075693e+01,-3.821601620628035789e+01,-3.817320859513515074e+01,-4.529651721507434559e+00,-1.205194230822310146e+02,-3.812961865890072488e+01,-3.650591625362569914e+01,-2.447101020904747770e+01,-6.832971380198699762e+01,-5.620722261928718666e+01,-2.723243099383077492e+01,-1.113549821416750518e+01,-3.477887964387816311e+01,-1.955367394571212003e+01
-4.143432921655648471e+00,5.404647128052406657e+00,-4.984668521193844981e+01,-3.769257163689956514e+01,-3.790553471797348095e+01,-4.520283313168270922e+00,-1.193083333908142549e+02,-3.801869080818301683e+01,-3.617986162369364678e+01,-2.436544367829723257e+01,-6.751863100845054078e+01,-5.568215058683647811e+01,-2.727204627232270440e+01,-1.095591107704517242e+01,-3.446921156869422731e+01,-1.918401643062578898e+01
-4.175114806714180560e+00,5.384061370196860707e+00,-4.924496501721475283e+01,-3.714906725645225549e+01,-3.760648541615577756e+01,-4.518834281898641336e+00,-1.180364535056658042e+02,-3.793067582096921342e+01,-3.578040459354794933e+01,-2.422143668282759776e+01,-6.667317552697932115e+01,-5.510157367266883455e+01,-2.738028184487671979e+01,-1.074460121260965906e+01,-3.414495151053992572e+01,-1.885043391364821375e+01
-4.204820621957626514e+00,5.350303717331723163e+00,-4.857338328604812716e+01,-3.655415905711949165e+01,-3.726517023361896008e+01,-4.515555455762754633e+00,-1.166620997417358012e+02,-3.786359890540458650e+01,-3.529720704710388191e+01,-2.402490933178840038e+01,-6.576490527690964427e+01,-5.444595217070837379e+01,-2.753622721753833957e+01,-1.051312211856046019e+01,-3.379286870048215974e+01,-1.854971023189293433e+01
-4.228772376164386060e+00,5.306780260420207895e+00,-4.779353949037738403e+01,-3.587619861457258708e+01,-3.687223462883687830e+01,-4.501052982118970647e+00,-1.151391057221428582e+02,-3.781270628723844140e+01,-3.472154842894286020e+01,-2.376256425956562524e+01,-6.476443219065293988e+01,-5.369521404833692912e+01,-2.771577944769482826e+01,-1.027363367641451930e+01,-3.339814251212485630e+01,-1.827605979984772944e+01
-4.245610839726630559e+00,5.255673263364109005e+00,-4.687916089914796203e+01,-3.509394372205959201e+01,-3.642689265551813094e+01,-4.468403114286864763e+00,-1.134301706782747488e+02,-3.777499245325768129e+01,-3.405379217678355275e+01,-2.342727618577144000e+01,-6.365268033748640164e+01,-5.283770302185983780e+01,-2.789800471800636217e+01,-1.004120045129486982e+01,-3.295109173378185830e+01,-1.802661045424926911e+01
-4.254162043135544025e+00,5.199454981798560027e+00,-4.580559860068736100e+01,-3.418667342394280695e+01,-3.592816870257601636e+01,-4.410824141378125063e+00,-1.114957299951155392e+02,-3.774317357496629199e+01,-3.329368366860687445e+01,-2.301167225957748741e+01,-6.240950352069324936e+01,-5.186079392017171585e+01,-2.805938356843059012e+01,-9.828552786286365972e+00,-3.244018240739427483e+01,-1.779490650960008935e+01
-4.254644822450892150e+00,5.139814759295816771e+00,-4.455879924526321645e+01,-3.314272430165577532e+01,-3.538081876591577668e+01,-4.324206222871922023e+00,-1.093040424184902122e+02,-3.771034999950197886e+01,-3.244669642771685147e+01,-2.251348032929559650e+01,-6.102261214066106731e+01,-5.075861051210660690e+01,-2.817980165035772444e+01,-9.648907298548074607e+00,-3.185804713012060319e+01,-1.757604313329498069e+01
-4.247473747761368656e+00,5.078319429166544552e+00,-4.313272796614904792e+01,-3.195653221263774668e+01,-3.479155950176325973e+01,-4.205327229679728163e+00,-1.068296766784844749e+02,-3.766748391358134995e+01,-3.152002100871174406e+01,-2.193229577785625395e+01,-5.948420219839761103e+01,-4.952865468796697712e+01,-2.824056519755804118e+01,-9.512505625231838735e+00,-3.119898279561296306e+01,-1.736415575397919042e+01
-4.233389316981515549e+00,5.016090530159367233e+00,-4.153097430178982563e+01,-3.063070865655048181e+01,-3.417040484687360902e+01,-4.053038771703334930e+00,-1.040555152706089075e+02,-3.760540268119078888e+01,-3.052390844070676934e+01,-2.127144386758708805e+01,-5.779272282244130565e+01,-4.817392500788906062e+01,-2.822681584819060419e+01,-9.427548127978582215e+00,-3.046098407343380643e+01,-1.715433157957106047e+01
-4.212125040818790467e+00,4.954616405516436117e+00,-3.976127370436367414e+01,-2.917076612602447483e+01,-3.352582922702441692e+01,-3.866693472725884817e+00,-1.009682466766321340e+02,-3.751216571984902259e+01,-2.946661963380952187e+01,-2.053441071242160731e+01,-5.594730037919259757e+01,-4.669814360328071245e+01,-2.812470759438137691e+01,-9.397165938182801881e+00,-2.964223499521950345e+01,-1.693950564742359433e+01
-4.183847731712933893e+00,4.894502720509358085e+00,-3.784441025205016729e+01,-2.759361118097076826e+01,-3.287110560959774830e+01,-3.648262219534551321e+00,-9.756932443854543635e+01,-3.737853327857324359e+01,-2.836150009986968712e+01,-1.973018448629875365e+01,-5.395715858688950561e+01,-4.511367936252084121e+01,-2.792729921825164752e+01,-9.422695036769624721e+00,-2.874736279682208817e+01,-1.671618816198199298e+01
-4.148159676080549474e+00,4.836162892924704693e+00,-3.581070037608640177e+01,-2.592357066140495903e+01,-3.222028454420988908e+01,-3.400132834643493140e+00,-9.387330533124304566e+01,-3.719566739081917461e+01,-2.722301050237898323e+01,-1.886947771896953441e+01,-5.183778965301917196e+01,-4.343762027162131290e+01,-2.763187493103743009e+01,-9.500593976380713457e+00,-2.778447862328562934e+01,-1.648194683554763884e+01
-4.104317238229583609e+00,4.779599002359042004e+00,-3.369807236090233005e+01,-2.419149247439791139e+01,-3.158851044663268226e+01,-3.126326810019243396e+00,-8.990653487974907421e+01,-3.695687882905612298e+01,-2.606711683898214460e+01,-1.796597453751953566e+01,-4.961013873200676016e+01,-4.169200850955778037e+01,-2.724089026896714216e+01,-9.624091073581197975e+00,-2.676578669986476200e+01,-1.623645094300178471e+01
-4.051308818936639966e+00,4.724391400978323219e+00,-3.155361627573296346e+01,-2.243548239261939159e+01,-3.099195337167202524e+01,-2.831408501779907994e+00,-8.571127596599058052e+01,-3.665792688745648320e+01,-2.491178327353900102e+01,-1.703548528608733648e+01,-4.730248925986484210e+01,-3.990432655416393004e+01,-2.676184048659330017e+01,-9.782522142330485337e+00,-2.570775157497301677e+01,-1.598183808313100940e+01
-3.988248995213787396e+00,4.669528496420351615e+00,-2.943134236544267424e+01,-2.069959560670254461e+01,-3.044808323484897983e+01,-2.521275696866034366e+00,-8.134386060971155530e+01,-3.629835464820371271e+01,-2.377735108341811099e+01,-1.609664255050528681e+01,-4.494944730301676827e+01,-3.810723130254372393e+01,-2.620768061361296475e+01,-9.963069828271081008e+00,-2.463133489913955287e+01,-1.572350005216402735e+01
-3.913777334040595690e+00,4.614018710488331010e+00,-2.738639275260956651e+01,-1.902833162879410622e+01,-2.997175799840438515e+01,-2.201386586918776089e+00,-7.686954338619386817e+01,-3.587903467989279704e+01,-2.268265358039010948e+01,-1.516720591425010767e+01,-4.258687414381518010e+01,-3.633373476004113911e+01,-2.559329286983682294e+01,-1.014911061901032951e+01,-2.355829942921163678e+01,-1.546718085130668641e+01
-3.826062594259305172e+00,4.557150147906106952e+00,-2.546649410154796556e+01,-1.746030098928013530e+01,-2.957284437812614897e+01,-1.877720153344995424e+00,-7.235227400235407913e+01,-3.540181776407271741e+01,-2.164228569242953881e+01,-1.426347147521091330e+01,-4.024538988869136347e+01,-3.461309970841985262e+01,-2.493365498735862218e+01,-1.032221765473326514e+01,-2.250857884015971422e+01,-1.521753470712078737e+01
-3.723682236395035261e+00,4.498131061224512450e+00,-2.371521203349391271e+01,-1.603087944869577086e+01,-2.925850940140523448e+01,-1.556236717122917668e+00,-6.785891037658393543e+01,-3.487070219588430575e+01,-2.066954203178298144e+01,-1.340078067330358991e+01,-3.795455538697285647e+01,-3.297299535728873821e+01,-2.424463175987333585e+01,-1.046320575191957403e+01,-2.150161176159038234e+01,-1.497952590674156426e+01
-3.605154686727100710e+00,4.436687870170249681e+00,-2.216135576796844475e+01,-1.476375904057044863e+01,-2.902908490582059642e+01,-1.242828789748116947e+00,-6.344572297431921015e+01,-3.428958619905371563e+01,-1.977158027020591646e+01,-1.259100112242010283e+01,-3.573388738741596171e+01,-3.143304047184520300e+01,-2.353940823496617440e+01,-1.055287165959877882e+01,-2.055188621937386984e+01,-1.475527659967698924e+01
-3.469427361057913828e+00,4.372991159204143941e+00,-2.081960355529179196e+01,-1.367140189627396296e+01,-2.887903016631886999e+01,-9.428766879985630567e-01,-5.915853906195684431e+01,-3.366228518680713933e+01,-1.895058112603268796e+01,-1.184234998169737452e+01,-3.359436760648071640e+01,-3.000510489730962149e+01,-2.282819794962277626e+01,-1.057292442493732665e+01,-1.966881586533579451e+01,-1.454416838713778048e+01
-3.316387936636420619e+00,4.307541933438384874e+00,-1.968802850454380859e+01,-1.275360956495117648e+01,-2.879753177448340296e+01,-6.621587109474731392e-01,-5.502808946094182829e+01,-3.299293949625960920e+01,-1.820411058507485791e+01,-1.116021708211027530e+01,-3.153714055142273764e+01,-2.869270627701988019e+01,-2.211822447451572060e+01,-1.050844669314560065e+01,-1.885641429566350524e+01,-1.434306311647020493e+01
-3.148089267719957007e+00,4.240441939680053451e+00,-1.875803059104495674e+01,-1.200542983507790495e+01,-2.877385104227770540e+01,-4.064159895122507749e-01,-5.108065285874590700e+01,-3.228815345902015110e+01,-1.753099291057566234e+01,-1.054927523132389666e+01,-2.956303161693284665e+01,-2.749700406013383258e+01,-2.141664951919413085e+01,-1.034928138404452369e+01,-1.811722577100042031e+01,-1.414954252553479108e+01
-2.967676063802304753e+00,4.172317675545759386e+00,-1.800473833826123382e+01,-1.140906609583747411e+01,-2.879244404374804844e+01,-1.809614802479302398e-01,-4.732499613824370499e+01,-3.155356965874479158e+01,-1.692540751195137716e+01,-1.001032641524083289e+01,-2.766329464639102298e+01,-2.641006135702085089e+01,-2.072657470039774807e+01,-1.008971891758935158e+01,-1.744745490373124142e+01,-1.395800062309579204e+01
-2.780852678922480337e+00,4.103263834075745464e+00,-1.740142259597769225e+01,-1.094586267461946250e+01,-2.884083083010193604e+01,8.879476745537573379e-03,-4.376798494148579266e+01,-3.079757076776004254e+01,-1.638544777791304341e+01,-9.544644035389307390e+00,-2.583307917931938391e+01,-2.542435095770089504e+01,-2.005215913526129157e+01,-9.730849095361051582e+00,-1.684339163925552185e+01,-1.376486809114471477e+01
-2.594853706230690449e+00,4.033506691993045123e+00,-1.691487010854990558e+01,-1.059209767334618846e+01,-2.890654351564391789e+01,1.583581363754937854e-01,-4.040747680293225130e+01,-3.002872149907996402e+01,-1.590917269592749506e+01,-9.151695583675358847e+00,-2.406606604887622325e+01,-2.452881054611810896e+01,-1.939621120303354473e+01,-9.279793131420412067e+00,-1.629868757259080070e+01,-1.356616834228436197e+01
-2.418911023083493816e+00,3.962902339849662781e+00,-1.651594916885551356e+01,-1.032740133494908719e+01,-2.898189950981779361e+01,2.636184996471264697e-01,-3.724330202715918858e+01,-2.925750520141100708e+01,-1.549959436279777947e+01,-8.831322144847440825e+00,-2.236331948947463388e+01,-2.371509530294270007e+01,-1.876324303016826178e+01,-8.750105010815886430e+00,-1.580853162776473653e+01,-1.336065620917343466e+01
-2.262034768653364836e+00,3.892320740091671283e+00,-1.616731095592453471e+01,-1.012424258733479121e+01,-2.905643479852533062e+01,3.226533608954973431e-01,-3.426125482465795358e+01,-2.849127094104383673e+01,-1.515561871035831132e+01,-8.579020974072964378e+00,-2.072020868807692295e+01,-2.296840278944553404e+01,-1.815402654988815101e+01,-8.159332636296440455e+00,-1.536320035789783844e+01,-1.314419437187766171e+01
-2.134288762624304781e+00,3.822332302258139691e+00,-1.584037155446299039e+01,-9.962233405722869861e+00,-2.912589728703321157e+01,3.344003169603020353e-01,-3.145143004831811595e+01,-2.773914772804542395e+01,-1.488172940214897721e+01,-8.391613649871624503e+00,-1.914150657086884166e+01,-2.227904242907303001e+01,-1.757222514610501207e+01,-7.530965137072385573e+00,-1.495630793704935257e+01,-1.291633067018804226e+01
-2.044396973742394152e+00,3.754567540424877947e+00,-1.550428822669047690e+01,-9.818353888262009832e+00,-2.918463042587868017e+01,3.002774250345119356e-01,-2.879418741055178543e+01,-2.700689665648512516e+01,-1.467896081411890918e+01,-8.262119274508457067e+00,-1.762886271135482730e+01,-2.163357561789146644e+01,-1.701890799765861573e+01,-6.890597924175231981e+00,-1.457858998276523721e+01,-1.267470664889231102e+01
-2.000176524204778872e+00,3.690936378198163226e+00,-1.513632005698428884e+01,-9.675757393901577075e+00,-2.923082212115551215e+01,2.235678162340164477e-01,-2.627132053831314806e+01,-2.629990942727954462e+01,-1.455041119229957758e+01,-8.183362401559110211e+00,-1.618947407716143516e+01,-2.102191251468241262e+01,-1.649659286251861090e+01,-6.266331637035392532e+00,-1.422300093562922996e+01,-1.241905571268021902e+01
-2.006717438747614324e+00,3.634542391770185787e+00,-1.471357786180413996e+01,-9.516525631229228566e+00,-2.926088578814055552e+01,1.100692169549901678e-01,-2.385603628560488687e+01,-2.561985179825937564e+01,-1.449461172551022514e+01,-8.144803744631268216e+00,-1.482652404739008034e+01,-2.043105119183219642e+01,-1.600545130199360244e+01,-5.685767894940653377e+00,-1.388038552722043306e+01,-1.214725888714653124e+01
-2.068197823154854120e+00,3.587875830537349486e+00,-1.423197142239700952e+01,-9.337703796959289093e+00,-2.927974125222731061e+01,-3.334295728577885143e-02,-2.153518621121656906e+01,-2.497106019382609787e+01,-1.451686321479957087e+01,-8.139474006958092644e+00,-1.355615890883734664e+01,-1.985839006586044775e+01,-1.555107099192264286e+01,-5.177601831321943848e+00,-1.354909861710422803e+01,-1.186319137074166008e+01
-2.185146003810114479e+00,3.554518891882420206e+00,-1.369026527801949555e+01,-9.137107516271726126e+00,-2.929013667420872480e+01,-1.968645652387870371e-01,-1.929157600094686131e+01,-2.435408429907606376e+01,-1.461724077250559617e+01,-8.157104141750378901e+00,-1.239032035831354506e+01,-1.929946006935912806e+01,-1.513675372448577150e+01,-4.766166112183164216e+00,-1.322625610505576788e+01,-1.156901535601707920e+01
-2.356332937475311695e+00,3.537396018927294605e+00,-1.310519535635705779e+01,-8.926496282918847669e+00,-2.930169681333933340e+01,-3.700184543839597495e-01,-1.712253159979286465e+01,-2.377185305400506365e+01,-1.480076470925536114e+01,-8.191009872891335419e+00,-1.135090981392454523e+01,-1.875950961457124322e+01,-1.477043131689018907e+01,-4.473518445380946673e+00,-1.291611515329586979e+01,-1.127217896789127138e+01
-2.577073914706254243e+00,3.539872047365438590e+00,-1.249982626118168128e+01,-8.721119180644578250e+00,-2.932314014554279424e+01,-5.404217176725651939e-01,-1.502818526126316101e+01,-2.322519324338082924e+01,-1.506892954937831064e+01,-8.233139934492015755e+00,-1.045750975436192221e+01,-1.824460417144743474e+01,-1.445896980441114010e+01,-4.315174159140909182e+00,-1.262371918073470312e+01,-1.097981220149966930e+01
-2.841007341116633000e+00,3.564305544571368500e+00,-1.191395043182967584e+01,-8.548946096973864428e+00,-2.936897197147888505e+01,-6.956399756383717659e-01,-1.302493808675035325e+01,-2.271755204993651489e+01,-1.542746391258992844e+01,-8.279189068733277423e+00,-9.737567070330953811e+00,-1.776997130180193096e+01,-1.421318008265374289e+01,-4.301711450140743409e+00,-1.236095913309402050e+01,-1.070389606748546640e+01
-3.137765806322125428e+00,3.613880113985807441e+00,-1.138221568732075184e+01,-8.431741562846880811e+00,-2.944659357180103143e+01,-8.216216668334794804e-01,-1.112194558133955979e+01,-2.224753704111274999e+01,-1.587238141423755167e+01,-8.320590816281896451e+00,-9.205252950735939521e+00,-1.734435858492813054e+01,-1.403817469429394293e+01,-4.433734629711622688e+00,-1.213530728899557687e+01,-1.045169000821672256e+01
-3.455768869881268301e+00,3.690630958885046553e+00,-1.094597696847165480e+01,-8.396198010791216859e+00,-2.956534162006413169e+01,-9.057997374021447001e-01,-9.335825014784404630e+00,-2.181549321524599350e+01,-1.640055125540064296e+01,-8.351823522190979787e+00,-8.874458889276411355e+00,-1.698060406419655521e+01,-1.394022750022319457e+01,-4.705972871249009870e+00,-1.195755224898076818e+01,-1.023258246382616932e+01
-3.780928452325980516e+00,3.796714660901448823e+00,-1.063689600649243516e+01,-8.459766919230375493e+00,-2.972711533524864080e+01,-9.357162080056937725e-01,-7.673459848445872922e+00,-2.141786323925698809e+01,-1.699985478470499345e+01,-8.364140920414225633e+00,-8.743757001082713032e+00,-1.668386153133323546e+01,-1.391946473657087324e+01,-5.103671919696623149e+00,-1.183320422854318110e+01,-1.005084046428486033e+01
-4.098772793965274275e+00,3.933162692390078874e+00,-1.048191062380163885e+01,-8.635908624929129473e+00,-2.993157609575449385e+01,-9.013727194231861972e-01,-6.138269396909663556e+00,-2.105116251846958164e+01,-1.765549285217575459e+01,-8.350089817250267998e+00,-8.803252501954631271e+00,-1.645712060545758959e+01,-1.397376118725950533e+01,-5.606014758067175308e+00,-1.176648084540682504e+01,-9.909399200907969885e+00
-4.393715903858936400e+00,4.100887446982824258e+00,-1.048907739400124228e+01,-8.922067957002255412e+00,-3.016853723265271014e+01,-7.944070286215065835e-01,-4.715186535559723779e+00,-2.070733184414767436e+01,-1.834220738027121911e+01,-8.298664204625602281e+00,-9.022528392946810527e+00,-1.629139627831718684e+01,-1.409281970056311195e+01,-6.184303249449229156e+00,-1.175298600014300376e+01,-9.803806972515545226e+00
-4.652574689000893216e+00,4.298512195283535675e+00,-1.066300730818639408e+01,-9.313834908662265377e+00,-3.042923786757249616e+01,-6.111380655920619631e-01,-3.388857431059477676e+00,-2.038122673798676487e+01,-1.903738376469988225e+01,-8.203466315570786094e+00,-9.367986224694391240e+00,-1.617860810672321037e+01,-1.426660644921638976e+01,-6.807982471008614311e+00,-1.178901740569523682e+01,-9.730485939960395569e+00
-4.863516775210939613e+00,4.523673410354533075e+00,-1.099175995449525089e+01,-9.793315853532234883e+00,-3.069825354141531193e+01,-3.506341946338977777e-01,-2.129773584660370034e+00,-2.006508644105234396e+01,-1.971267982786235962e+01,-8.056548718195543302e+00,-9.791348360588642663e+00,-1.610144321820541080e+01,-1.447904536725101821e+01,-7.442275278932100946e+00,-1.186388154693856123e+01,-9.680249258783597099e+00
-5.018566262655074439e+00,4.771636244994169829e+00,-1.145772906825871473e+01,-1.033937258194485764e+01,-3.096166136632612620e+01,-1.718711750886470213e-02,-9.068017827735275205e-01,-1.975390327116008393e+01,-2.034355562655191818e+01,-7.854502497743787615e+00,-1.024251840767931299e+01,-1.604273314333497780e+01,-1.471432141106240721e+01,-8.053703642812365615e+00,-1.196658740915717445e+01,-9.644281170743909115e+00
-5.112937462483067463e+00,5.036235025696999656e+00,-1.203180797063606633e+01,-1.092213465752242030e+01,-3.120269460517027937e+01,3.814172188208644343e-01,3.185945594598251773e-01,-1.944194606212204235e+01,-2.090501967909979442e+01,-7.594575404878487035e+00,-1.066500984521974260e+01,-1.598028524087546032e+01,-1.495355529614759860e+01,-8.609255059262764576e+00,-1.208178899196468237e+01,-9.610616126847119745e+00
-5.147061160445762340e+00,5.308695415045633581e+00,-1.268563398091410477e+01,-1.151423593870303108e+01,-3.140995633049308822e+01,8.321842017281966264e-01,1.578874245960605549e+00,-1.912781887646623602e+01,-2.138086565445048848e+01,-7.280148783180898420e+00,-1.100944218921330275e+01,-1.589655000473255342e+01,-1.518128603014434930e+01,-9.081583642630633335e+00,-1.219685990315316815e+01,-9.570330722625861597e+00
-5.124360783188922852e+00,5.579620447748389722e+00,-1.337890122266659887e+01,-1.207930931712185441e+01,-3.156832418662153827e+01,1.319988284728360384e+00,2.914737912409918863e+00,-1.880787197985503667e+01,-2.175386825890321063e+01,-6.913382041496035413e+00,-1.122167989278258915e+01,-1.576799458477258753e+01,-1.537872728611652207e+01,-9.446190395793735206e+00,-1.229392890877334921e+01,-9.510582701210651635e+00
-5.052719129092370309e+00,5.838029360666496359e+00,-1.407044698857683329e+01,-1.258260463916380445e+01,-3.166677247065666734e+01,1.825690907024206666e+00,4.363854309850921709e+00,-1.848128336281875761e+01,-2.201429175326408938e+01,-6.500967558634116017e+00,-1.125507259951615424e+01,-1.557440808809652566e+01,-1.553025326878624668e+01,-9.686896908291487307e+00,-1.235689735714217719e+01,-9.420781642577985338e+00
-4.942910217327153077e+00,6.072648077322408966e+00,-1.471535413856980767e+01,-1.298779310362195361e+01,-3.169461246531818688e+01,2.328935967177297783e+00,5.964436208029383124e+00,-1.814666284206785463e+01,-2.215564904740016061e+01,-6.049936066604274743e+00,-1.106730714439368057e+01,-1.529500869187533141e+01,-1.562067454693489310e+01,-9.794076709560506799e+00,-1.236848889462138601e+01,-9.289759056894354217e+00
-4.808511742988493154e+00,6.271881596496591271e+00,-1.527003796726563678e+01,-1.326210289515194773e+01,-3.164493061622935954e+01,2.807740560222335091e+00,7.751134479320853643e+00,-1.780425746372826268e+01,-2.217800971812980038e+01,-5.570074837935415246e+00,-1.062578164514869172e+01,-1.491265007706737578e+01,-1.563844779474456459e+01,-9.767370260486011091e+00,-1.231365287106990181e+01,-9.108758448504950422e+00
-4.663819465249929408e+00,6.425301510445969200e+00,-1.568830004908849673e+01,-1.337222496671765981e+01,-3.151017664718472133e+01,3.241226281193153369e+00,9.759985719941141724e+00,-1.745239174303875984e+01,-2.208277962947056494e+01,-5.069722680539740622e+00,-9.902866457347045070e+00,-1.440932981695887349e+01,-1.557250237963576467e+01,-9.613179584691771140e+00,-1.217622481264879752e+01,-8.868252674587921547e+00
-4.524770013426334003e+00,6.522720373154335505e+00,-1.593525180547325704e+01,-1.329692659650288533e+01,-3.129072211690666450e+01,3.608272398518643342e+00,1.201381833176810687e+01,-1.709311496219518745e+01,-2.188145709227838154e+01,-4.561742898150793479e+00,-8.889109321947614717e+00,-1.377680082479223245e+01,-1.541924623618932344e+01,-9.348417983236053885e+00,-1.194709161701976541e+01,-8.564879824141627296e+00
-4.406731749735431691e+00,6.555610539758966127e+00,-1.598531424614563434e+01,-1.302408109291081928e+01,-3.099068842061392104e+01,3.890823911185876227e+00,1.452430875657205434e+01,-1.672869765208926651e+01,-2.159056084510936557e+01,-4.058966463256755475e+00,-7.589207870365669351e+00,-1.301267153758601580e+01,-1.517931924235892893e+01,-8.996334954139399542e+00,-1.162123656467749910e+01,-8.198454019192325859e+00
-4.323981512365548951e+00,6.517194140157616999e+00,-1.582581566222341962e+01,-1.255408537823163329e+01,-3.062027700287097787e+01,4.073357542747210402e+00,1.728892326167510873e+01,-1.636358210663014745e+01,-2.123328210762520030e+01,-3.576317173919083103e+00,-6.024487105121636432e+00,-1.212349392773684542e+01,-1.485982774344053325e+01,-8.587334890295487355e+00,-1.120046718121297502e+01,-7.774245691861828789e+00
-4.288483574430927092e+00,6.403099651306593643e+00,-1.546001463662241804e+01,-1.190135394673470159e+01,-3.019515880389877793e+01,4.144818920349642610e+00,2.028668198532136557e+01,-1.600345539353546087e+01,-2.083833888293384007e+01,-3.129191214165313539e+00,-4.233690480040763759e+00,-1.112504927345645456e+01,-1.447360300964706425e+01,-8.155869434798560746e+00,-1.069350368959138819e+01,-7.302602015583332218e+00
-4.309516237187516197e+00,6.211323926878193902e+00,-1.490938884123158914e+01,-1.109640723693462405e+01,-2.973803916753897170e+01,4.098117582658815650e+00,2.347609294428593785e+01,-1.565683884459832598e+01,-2.044085608834373602e+01,-2.734980592183632098e+00,-2.273769415887215928e+00,-1.004438228427794400e+01,-1.404057422916767450e+01,-7.740025035065571046e+00,-1.011795051159860037e+01,-6.800553819305704906e+00
-4.391879047037285488e+00,5.943332876989199320e+00,-1.420786096310865787e+01,-1.017974065359160818e+01,-2.927332758385378497e+01,3.932473348506793087e+00,2.680110443191597369e+01,-1.533137080764657867e+01,-2.007599438980989248e+01,-2.408521439419509136e+00,-2.120536511069985863e-01,-8.913952586357382302e+00,-1.358321522737276155e+01,-7.376443596283912996e+00,-9.495890732646024901e+00,-6.287713231659708413e+00
-4.535508628053108282e+00,5.604193393346218244e+00,-1.339663462591624921e+01,-9.197871560224854193e+00,-2.882557688875937174e+01,3.652130480869541174e+00,3.019789621075597097e+01,-1.503394751643880056e+01,-1.977649506132675583e+01,-2.162440515878579106e+00,1.879556201284117378e+00,-7.769241543177997755e+00,-1.312553394431523657e+01,-7.099608236271023998e+00,-8.852675017829270132e+00,-5.785382591238018790e+00
-4.735561921447583700e+00,5.202331614089871437e+00,-1.252585940585345270e+01,-8.203944649078238172e+00,-2.841975894700159699e+01,3.266959725555111049e+00,3.359241353613697356e+01,-1.477080945566321191e+01,-1.957280469628216224e+01,-2.006842613306272227e+00,3.924474103050386020e+00,-6.649156222797074633e+00,-1.269247416631168335e+01,-6.939132439503886474e+00,-8.216993471888834222e+00,-5.316358739725288274e+00
-4.982024495997201541e+00,4.749772052713140624e+00,-1.164473696180556317e+01,-7.249454590348207716e+00,-2.807697006002095463e+01,2.791661930958163396e+00,3.691265062635511640e+01,-1.454573567345826746e+01,-1.948779922580141033e+01,-1.947522157331622594e+00,5.851739101835335077e+00,-5.589861449946411653e+00,-1.230653236626254454e+01,-6.917819752937774069e+00,-7.616703195251581349e+00,-4.901648649363437471e+00
-5.260134997486140662e+00,4.261806665484808576e+00,-1.079919881926929293e+01,-6.381630499814249902e+00,-2.781316404744492843e+01,2.245704573959145023e+00,4.009104512305384560e+01,-1.435934351067898262e+01,-1.953551557727681143e+01,-1.985131939963668657e+00,7.598982718542174553e+00,-4.622906057027606153e+00,-1.198601816364676154e+01,-7.049395275389905180e+00,-7.077092378234034697e+00,-4.558923284253154407e+00
-5.551602111630103309e+00,3.756124632146601527e+00,-1.002881279660323344e+01,-5.641139445971518285e+00,-2.763950913500067941e+01,1.651041844027464123e+00,4.306882701437166361e+01,-1.421034523290893503e+01,-1.972142127278951307e+01,-2.116945364680731245e+00,9.115369017247246575e+00,-3.774456549565897490e+00,-1.174512171484026624e+01,-7.339164816754220055e+00,-6.620448697693362305e+00,-4.302524768968481794e+00
-5.836399090179639870e+00,3.251567030587651175e+00,-9.371543340510299913e+00,-5.065231276188569609e+00,-2.756489860552169091e+01,1.031656952213531042e+00,4.578997697956765478e+01,-1.409690318132476250e+01,-2.004571017402582811e+01,-2.338026987355942055e+00,1.035755965008240764e+01,-3.067983613026115108e+00,-1.159495982464295594e+01,-7.783228520568926001e+00,-6.267450327289949996e+00,-4.144595385487349404e+00
-6.093024857135077355e+00,2.768039217678353481e+00,-8.852356286755934889e+00,-4.678091045063240472e+00,-2.759090014093460752e+01,4.122485746235327042e-01,4.821506745818555828e+01,-1.401423318576870258e+01,-2.049797358947384396e+01,-2.639193816833701689e+00,1.130049330701848476e+01,-2.517117801758132600e+00,-1.153968220215632812e+01,-8.367871517783001423e+00,-6.031858671556989293e+00,-4.090996329638514339e+00
-6.301094036550065169e+00,2.324676292865092364e+00,-8.492563218840018635e+00,-4.498371891169625769e+00,-2.771743766858776326e+01,-1.834010025511965125e-01,5.030999520410000514e+01,-1.395804508397480959e+01,-2.106431935376986075e+01,-3.010744460567621239e+00,1.192796426677455202e+01,-2.132217715140171777e+00,-1.158019977103243292e+01,-9.071447939541272376e+00,-5.924700800134402812e+00,-4.144924244626857046e+00
-6.442001927125446059e+00,1.939449542309677810e+00,-8.302609264378418175e+00,-4.533011959212842612e+00,-2.793959720122909118e+01,-7.335678304468231659e-01,5.205489847294711581e+01,-1.392300687295842465e+01,-2.172437062768466376e+01,-3.441095933362812165e+00,1.223909078247902471e+01,-1.915747450491210202e+00,-1.171190495659230635e+01,-9.864932439389974661e+00,-5.950793361829404660e+00,-4.304340842680801416e+00
-6.500735397246383940e+00,1.627823282930016546e+00,-8.288006607807801629e+00,-4.781946804542741347e+00,-2.825087123943849576e+01,-1.219379114600773306e+00,5.343723386385363483e+01,-1.390437914353314852e+01,-2.245583030288975124e+01,-3.918613281261740244e+00,1.224202129936725214e+01,-1.866135327656451182e+00,-1.192681154928490628e+01,-1.071355909761805947e+01,-6.110985977846425499e+00,-4.563960992412553708e+00
-6.465405312460337228e+00,1.403147838437764250e+00,-8.435574768722972294e+00,-5.226767482264307318e+00,-2.863620637953313519e+01,-1.625337095266836229e+00,5.446865053710962457e+01,-1.389418240764874213e+01,-2.322741925585680178e+01,-4.427984180784944712e+00,1.196616226305201280e+01,-1.968698176713473913e+00,-1.220887131634380296e+01,-1.157731996230879190e+01,-6.395597839595112077e+00,-4.910165825590617317e+00
-6.329832099834078463e+00,1.274627208265293632e+00,-8.727716556120356017e+00,-5.843244992609214705e+00,-2.908063205569733611e+01,-1.941056049013305085e+00,5.516892291902104262e+01,-1.388633863336272611e+01,-2.400936987856240989e+01,-4.955782575029520132e+00,1.144711828214212801e+01,-2.206118087400028571e+00,-1.254051610308296461e+01,-1.241553620791859203e+01,-6.791632088673566159e+00,-5.327335897944195153e+00
-6.092412249704651117e+00,1.248062771454701902e+00,-9.131018670415528504e+00,-6.591877035235370386e+00,-2.956270753384627881e+01,-2.160578769519034381e+00,5.557998855547202766e+01,-1.387256046675909715e+01,-2.476674724391710924e+01,-5.486246540555280049e+00,1.073687227373801534e+01,-2.550286877520335338e+00,-1.289835920546843795e+01,-1.318689696553140323e+01,-7.276943470173307560e+00,-5.793255125847469600e+00
-5.757409609304687592e+00,1.324685887058329570e+00,-9.606448749703190515e+00,-7.427152102694634550e+00,-3.006042150117392708e+01,-2.283225233413539002e+00,5.575469509165304771e+01,-1.384571835911509652e+01,-2.546676242416978653e+01,-6.005042127985255718e+00,9.892736454451039663e+00,-2.969770840503258569e+00,-1.325801750538743562e+01,-1.385334064437368795e+01,-7.825511967012005243e+00,-6.283729810135778138e+00
-5.333767049162025486e+00,1.501808275206650833e+00,-1.010307470804980312e+01,-8.292768808399671343e+00,-3.054755240290365492e+01,-2.313172511675585241e+00,5.576449092153870879e+01,-1.379758453244049576e+01,-2.607508420588064268e+01,-6.497051735264705030e+00,8.982482915565412895e+00,-3.425543502551732900e+00,-1.359216919071782570e+01,-1.438109723052676259e+01,-8.404543487811281466e+00,-6.770405769608593971e+00
-4.836876407947029222e+00,1.771245832490977890e+00,-1.057839496070369023e+01,-9.139462601360293093e+00,-3.100486128103271710e+01,-2.260204125084847249e+00,5.567568174798020664e+01,-1.372523167329116234e+01,-2.656876452312809533e+01,-6.953150484534102560e+00,8.063986013155499677e+00,-3.885306068890429287e+00,-1.387934705182999551e+01,-1.474546664085055170e+01,-8.984877614209864305e+00,-7.229596580436520981e+00
-4.285563955316993301e+00,2.121289428823072143e+00,-1.098554201247657147e+01,-9.914218216898518676e+00,-3.141141410825697733e+01,-2.137407309219614859e+00,5.556379767162457028e+01,-1.362527799538983686e+01,-2.692666848936249835e+01,-7.364014089215466186e+00,7.197543752237834269e+00,-4.313637444991911707e+00,-1.409816553210833234e+01,-1.492876356781219016e+01,-9.534152650423948216e+00,-7.636514905853324819e+00
-3.703155184649509657e+00,2.535646935130415613e+00,-1.129215664080425086e+01,-1.057722041180841188e+01,-3.175529324127481345e+01,-1.962099726708181890e+00,5.549092610144680293e+01,-1.350024526588423157e+01,-2.714144368083054815e+01,-7.727016129947607226e+00,6.426914380113771585e+00,-4.685819399532022089e+00,-1.423573801435684771e+01,-1.492477241158650259e+01,-1.002709628183680479e+01,-7.973878962779453516e+00
-3.114599971648336130e+00,2.995330233785200136e+00,-1.147257134844130633e+01,-1.109518041413787159e+01,-3.202749315196628288e+01,-1.753389916898704826e+00,5.551346556312955727e+01,-1.335421494461409964e+01,-2.721252751300147565e+01,-8.041452873157389547e+00,5.787253684112897645e+00,-4.981366149491293527e+00,-1.428363251267155931e+01,-1.473636911067012534e+01,-1.044124242109523948e+01,-8.228097411956676765e+00
-2.546617765348523132e+00,3.478367413409028330e+00,-1.152188323700625006e+01,-1.145399855897460384e+01,-3.222972098622324921e+01,-1.532207531136862144e+00,5.566464830536779118e+01,-1.319724075969138255e+01,-2.715442277604978472e+01,-8.313233987285016724e+00,5.291364323014136062e+00,-5.194215073352353329e+00,-1.424387740146460857e+01,-1.437771350803159010e+01,-1.076474122304264824e+01,-8.395605744751907906e+00
-2.023604956497050189e+00,3.962788390263195737e+00,-1.143771259573668431e+01,-1.164330435751804771e+01,-3.236268361396989235e+01,-1.318207649761518496e+00,5.597421106058163787e+01,-1.303773931470548320e+01,-2.698309924429213424e+01,-8.546765847841577113e+00,4.947772547467820914e+00,-5.319143298820563359e+00,-1.412042680784777104e+01,-1.386937387897279450e+01,-1.098703772858962679e+01,-8.474646596976230128e+00
-1.568473582641877195e+00,4.425973843320383239e+00,-1.123575737698001831e+01,-1.167075330919556109e+01,-3.243598293867029270e+01,-1.130930573747679801e+00,5.644950504176676986e+01,-1.288859550842126112e+01,-2.672624932145856747e+01,-8.751710938566858999e+00,4.745231147236495417e+00,-5.363966892682697107e+00,-1.392655604296350802e+01,-1.324126267343281427e+01,-1.110828822327063392e+01,-8.473019098901064083e+00
-1.199338262352751983e+00,4.847255546678949756e+00,-1.093515240187628024e+01,-1.154928529270938498e+01,-3.245864543963323001e+01,-9.867428696537512423e-01,5.709091639000780560e+01,-1.276078251732018032e+01,-2.641197914701683658e+01,-8.936011697971594003e+00,4.667608904400822212e+00,-5.338316218115096490e+00,-1.367746636546218753e+01,-1.252711844497376603e+01,-1.113159177592712012e+01,-8.401038987069481934e+00
-9.297912341624723354e-01,5.207904175524505241e+00,-1.056562956242373730e+01,-1.130398056825669073e+01,-3.244437083118707932e+01,-8.995651129295412218e-01,5.788302546846534824e+01,-1.266662399255297089e+01,-2.607368790223921451e+01,-9.109714750122719806e+00,4.686810102285107860e+00,-5.259780557220665287e+00,-1.339387384976425821e+01,-1.176526884864815514e+01,-1.106789159921518717e+01,-8.275414678110875499e+00
-7.664098733456299328e-01,5.493304525892270362e+00,-1.015315835059834626e+01,-1.095950330744926760e+01,-3.240294013023741115e+01,-8.787665912257667244e-01,5.880985744066697407e+01,-1.261422862934526279e+01,-2.573965844820298798e+01,-9.279103476046117294e+00,4.777115062447592209e+00,-5.143338866225349193e+00,-1.309504901865825133e+01,-1.099350717089425444e+01,-1.092851525721533790e+01,-8.112476852658000226e+00
-7.111296009634759940e-01,5.691622270827857655e+00,-9.736450822332358257e+00,-1.055461874466135441e+01,-3.235121862662104064e+01,-9.312249342297400645e-01,5.983533257434328334e+01,-1.261450078107576900e+01,-2.544443744360978599e+01,-9.454430892670487196e+00,4.899162918164392977e+00,-5.014245963395808303e+00,-1.280642130842102233e+01,-1.025148581461073150e+01,-1.073466672845523817e+01,-7.935966714212229434e+00
-7.588098556904370184e-01,5.796142029617106672e+00,-9.349300876240931757e+00,-1.012597956199186910e+01,-3.230190689121344860e+01,-1.058496211966065026e+00,6.092248407636907359e+01,-1.267368117228002689e+01,-2.521560775414286582e+01,-9.641750489015208814e+00,5.018082655424223049e+00,-4.894167521503163698e+00,-1.255029284659764599e+01,-9.573924286594383659e+00,-1.050721526597951083e+01,-7.767859462316135222e+00
-8.996038079385888508e-01,5.804017713096667030e+00,-9.030916929706677365e+00,-9.717235223399143251e+00,-3.227131688840601953e+01,-1.259344114772474654e+00,6.202161993136996898e+01,-1.279869469321133124e+01,-2.508173870175119191e+01,-9.849054499323884215e+00,5.093234483730384454e+00,-4.809907735180900090e+00,-1.235108958012667202e+01,-8.992711165050813804e+00,-1.027296548041402957e+01,-7.633533842687231896e+00
-1.118173646701556834e+00,5.717408691679218613e+00,-8.815531879083550848e+00,-9.368830435829977432e+00,-3.227243246432957591e+01,-1.528089916289407491e+00,6.308153797839054278e+01,-1.299250299288079447e+01,-2.506432240392342692e+01,-1.008108057926855849e+01,5.089184285777832883e+00,-4.784763673973884579e+00,-1.222928667639632749e+01,-8.532186207979428616e+00,-1.005789794671417781e+01,-7.555666918609251326e+00
-1.396332161486436796e+00,5.542057904604000385e+00,-8.741209564218593187e+00,-9.125473860707700169e+00,-3.232149430485117136e+01,-1.856932181814716643e+00,6.404026716164025856e+01,-1.325874060635706542e+01,-2.518471663532818638e+01,-1.034435313510235233e+01,4.967027681003401085e+00,-4.845740607116056253e+00,-1.220584195125208815e+01,-8.211158980001940222e+00,-9.892181397877038762e+00,-7.558447672505547388e+00
-1.711746400341298546e+00,5.288754002015066291e+00,-8.831542209643316710e+00,-9.019125207496699659e+00,-3.242640764258160857e+01,-2.233908615938802633e+00,6.484648453769932530e+01,-1.359434854940721493e+01,-2.545126610065869954e+01,-1.063905379010240893e+01,4.702825018094017651e+00,-5.009197520666191394e+00,-1.229278882690054253e+01,-8.037464508425976817e+00,-9.799050383095675443e+00,-7.657955193504768943e+00
-2.041051734437853149e+00,4.971411809102979085e+00,-9.104056604859124491e+00,-9.076504152258678459e+00,-3.259380738746127548e+01,-2.646194263666585833e+00,6.545195214675391071e+01,-1.399501629456256069e+01,-2.586711475247591352e+01,-1.096505038994092729e+01,4.278716416514384946e+00,-5.288391813644864214e+00,-1.249849446332804881e+01,-8.012020421260821479e+00,-9.800065231904852681e+00,-7.866972361470271125e+00
-2.359869346646869204e+00,4.607337411680142658e+00,-9.561545070493252751e+00,-9.310403100408620958e+00,-3.282299598828043941e+01,-3.078803411254386724e+00,6.582261921444023756e+01,-1.445125222211549243e+01,-2.642391908826039071e+01,-1.131718936132708109e+01,3.691793901956089030e+00,-5.685972391860559583e+00,-1.282257750869015567e+01,-8.125890532114802056e+00,-9.908778991411196557e+00,-8.189621057997225506e+00
-2.645028466684526514e+00,4.215696071420841129e+00,-1.019531171587811968e+01,-9.722683281343563522e+00,-3.310936871270310178e+01,-3.516980087794303600e+00,6.593759395340657647e+01,-1.495147698220655741e+01,-2.710596439800440294e+01,-1.168857172998082206e+01,2.950321683493029923e+00,-6.197360124726856156e+00,-1.325875304197219684e+01,-8.363484462675181419e+00,-1.013290855936719481e+01,-8.623713114879759445e+00
-2.874471585575337329e+00,3.817603479214556117e+00,-1.097740088725186069e+01,-1.029657807570794148e+01,-3.343888628136546259e+01,-3.945204191530795157e+00,6.579962205053925572e+01,-1.547857549273049926e+01,-2.788475268146078179e+01,-1.206650503712059219e+01,2.081468275367228671e+00,-6.804068206740282676e+00,-1.379054741117145255e+01,-8.700939221434467186e+00,-1.046861466932799090e+01,-9.156169878606167600e+00
-3.030566721656229312e+00,3.433462839648718123e+00,-1.187505367644746457e+01,-1.100953352595854540e+01,-3.379789129662000846e+01,-4.350550494513180766e+00,6.542092847663957400e+01,-1.601704326569178960e+01,-2.873056372671459258e+01,-1.244005288497993433e+01,1.116565583312421950e+00,-7.485263362682815114e+00,-1.439926674019657327e+01,-9.112168722225725048e+00,-1.090863608207467905e+01,-9.770610232772874326e+00
-3.099602779841984734e+00,3.083053039875101931e+00,-1.284617109645728306e+01,-1.182799829687530746e+01,-3.416822918503684292e+01,-4.720850852607388681e+00,6.482924537298140422e+01,-1.654958819187284291e+01,-2.960804090885216056e+01,-1.279561758253242942e+01,9.624729948438925931e-02,-8.212493295733395371e+00,-1.506043847276793635e+01,-9.566949219944234528e+00,-1.143771851193253042e+01,-1.044366791473845524e+01
-3.073287443528605500e+00,2.783953251631978709e+00,-1.384593241620223125e+01,-1.271367354113249348e+01,-3.453203664486936475e+01,-5.047012052117866077e+00,6.406214106103561789e+01,-1.706103206971336306e+01,-3.048217946605234374e+01,-1.312118398823363918e+01,-9.365219087387686159e-01,-8.955540662884800440e+00,-1.574829759894490699e+01,-1.003550128813072462e+01,-1.203675924813214237e+01,-1.114927532170706570e+01
-2.948646093640800103e+00,2.551077896509669429e+00,-1.483032126272678397e+01,-1.362572967591887618e+01,-3.487166186621595187e+01,-5.322042269818211935e+00,6.316290036804821284e+01,-1.753786410305720267e+01,-3.131936867323844353e+01,-1.340534033357251076e+01,-1.939344642071660019e+00,-9.683415312232909855e+00,-1.643610835639442058e+01,-1.048862612118720961e+01,-1.268304856246592749e+01,-1.185905477939639141e+01
-2.728713685567669245e+00,2.395447160715819201e+00,-1.576301510741734546e+01,-1.452735235022157667e+01,-3.517409891418972734e+01,-5.542584231309295006e+00,6.217356591345014749e+01,-1.797156620917338898e+01,-3.209293535733172575e+01,-1.364078148794422418e+01,-2.877384158474455944e+00,-1.037010197128120126e+01,-1.710048612310163918e+01,-1.090152139747920756e+01,-1.335468195260580160e+01,-1.254671773316833594e+01
-2.420869907461646875e+00,2.324789529211958694e+00,-1.661162898189854786e+01,-1.538199336167980391e+01,-3.542657236878912386e+01,-5.706814777839780639e+00,6.113856675555052789e+01,-1.835526377360344696e+01,-3.277911009579742085e+01,-1.382029131922226384e+01,-3.719057783058701716e+00,-1.099037532057343469e+01,-1.771846018458764860e+01,-1.125198146659465692e+01,-1.402734367599458665e+01,-1.318543357001568950e+01
-2.036554768857966380e+00,2.343002030563184679e+00,-1.734917280919705718e+01,-1.615592761340656125e+01,-3.561853020158676486e+01,-5.815971046190542282e+00,6.010358328819256712e+01,-1.868561086720078279e+01,-3.335960034160473242e+01,-1.393927045618652016e+01,-4.438174078772817666e+00,-1.152243124383704753e+01,-1.827007062528314663e+01,-1.152367832482406840e+01,-1.467691589804235264e+01,-1.375061003916528080e+01
-1.590393808638257411e+00,2.450156675176238252e+00,-1.795859925070510599e+01,-1.682215999001573437e+01,-3.574284282457708173e+01,-5.873056861185191657e+00,5.910894030906592889e+01,-1.896275663899412223e+01,-3.382348973913292411e+01,-1.399551243820351942e+01,-5.018033806431617450e+00,-1.195032687187119791e+01,-1.873950015923368539e+01,-1.170589609633802297e+01,-1.528140891512666144e+01,-1.422152360031213902e+01
-1.098841909129895100e+00,2.642854991283524857e+00,-1.842909327409552134e+01,-1.735844622251681812e+01,-3.579447047895183687e+01,-5.883111087119036853e+00,5.819357276080017982e+01,-1.918971192544979942e+01,-3.416566041115703456e+01,-1.398896252436264831e+01,-5.448112082447437388e+00,-1.226243829153742126e+01,-1.911487753093673447e+01,-1.179424266360381779e+01,-1.582070506680705080e+01,-1.458138161225390661e+01
-5.787565466276944903e-01,2.914847415761147253e+00,-1.875646594247530174e+01,-1.774785530334725081e+01,-3.576976462918327115e+01,-5.851848342362666600e+00,5.739272396250316888e+01,-1.937109521201035278e+01,-3.438617067077575484e+01,-1.392061744253402367e+01,-5.724341983348267604e+00,-1.245134079531072757e+01,-1.938780812321835612e+01,-1.178943141551734186e+01,-1.627679001746548693e+01,-1.481732985479592912e+01
-4.704961331827917093e-02,3.256877760613472894e+00,-1.894543569126585680e+01,-1.798209895979857720e+01,-3.566925257955909245e+01,-5.786843267446407424e+00,5.673423638869599017e+01,-1.951498514406252482e+01,-3.449285955192351594e+01,-1.379526150342150004e+01,-5.851844653058094536e+00,-1.251702617136544404e+01,-1.955596398547773518e+01,-1.169907845289164072e+01,-1.663708233209010245e+01,-1.492336952410176565e+01
4.799805616488015403e-01,3.657065268061480801e+00,-1.901479503669008864e+01,-1.806581716000567894e+01,-3.549937187260186278e+01,-5.696001753112287957e+00,5.622988261852333380e+01,-1.963283253009927165e+01,-3.450305124479882579e+01,-1.362142627121474447e+01,-5.849316508679407889e+00,-1.246959763278667310e+01,-1.962402174657296428e+01,-1.153594952868537149e+01,-1.689671723630954148e+01,-1.490171994168554903e+01
9.882299742827349576e-01,4.101997737218537665e+00,-1.898903055879691237e+01,-1.801034365254054137e+01,-3.526870457598988651e+01,-5.587529383551060214e+00,5.588357252937544217e+01,-1.973712363246011137e+01,-3.443855123239984550e+01,-1.340961831672922244e+01,-5.741079579590916637e+00,-1.232435547803783038e+01,-1.960104878047214427e+01,-1.131675124696427304e+01,-1.705585590010676356e+01,-1.476040783623029284e+01
1.465489444036045086e+00,4.576723812656203982e+00,-1.890643278260426996e+01,-1.784068653954898309e+01,-3.499221207715510218e+01,-5.469554274321970055e+00,5.567930049859478459e+01,-1.984306170024901306e+01,-3.432980808301766729e+01,-1.317442936107219964e+01,-5.564716684667473601e+00,-1.210719830427876786e+01,-1.950311081205050456e+01,-1.106160998233177395e+01,-1.712388479683073683e+01,-1.451614928328071841e+01
1.902467030187638741e+00,5.065797836747941929e+00,-1.881193962739678227e+01,-1.758997438613016584e+01,-3.468799342055237389e+01,-5.349883803351600520e+00,5.558793161686503481e+01,-1.996645978655010012e+01,-3.421128930069664875e+01,-1.293267629383542783e+01,-5.364149175651164114e+00,-1.185013068827925053e+01,-1.935072958318460934e+01,-1.079234780508353708e+01,-1.711686615482081208e+01,-1.419181261106935210e+01
2.292784748401304640e+00,5.553763788885142105e+00,-1.875880574031225478e+01,-1.730065810922673109e+01,-3.437781676563839994e+01,-5.235035756279739161e+00,5.556337001079964466e+01,-2.012321323398976958e+01,-3.412129911608957400e+01,-1.270290249242530933e+01,-5.190921129929847666e+00,-1.159174289210125153e+01,-1.916848705606496850e+01,-1.053053336397371709e+01,-1.705799524108562082e+01,-1.381612667758926705e+01
2.634290599842437075e+00,6.026744143454060065e+00,-1.879293840915943292e+01,-1.701173341422122576e+01,-3.407948925450959621e+01,-5.129962291362813787e+00,5.556033821085111413e+01,-2.032494070749982384e+01,-3.409240941665473201e+01,-1.250110207804766560e+01,-5.089418618544414130e+00,-1.136691618091509781e+01,-1.897916464725794938e+01,-1.029511297815650295e+01,-1.697065991277851538e+01,-1.341749329078717068e+01
2.927410244642267401e+00,6.471889734864948451e+00,-1.896173819924194959e+01,-1.676633545857836793e+01,-3.381254598512167320e+01,-5.038519638807429146e+00,5.552354897141162837e+01,-2.058214396041819327e+01,-3.415703613458970267e+01,-1.234398581701792352e+01,-5.105669750683603070e+00,-1.121306160428437693e+01,-1.880716707251988495e+01,-1.010305918034923423e+01,-1.688285809904189705e+01,-1.302723037580254584e+01
3.176258465653180707e+00,6.878940537029713198e+00,-1.929847616523193210e+01,-1.659839951318940621e+01,-3.359000865494348176e+01,-4.962519242638022021e+00,5.540638263670894048e+01,-2.089938768359505161e+01,-3.433736522263563984e+01,-1.224367254638710989e+01,-5.272312375656497352e+00,-1.115901305177067115e+01,-1.867201316204947048e+01,-9.966368471723725975e+00,-1.681928685417999247e+01,-1.267259619510664947e+01
3.387203658393587613e+00,7.239844080868461873e+00,-1.982658733570855247e+01,-1.653623193263410940e+01,-3.342153015612530709e+01,-4.902199393241383873e+00,5.516655182786536216e+01,-2.127728868679979257e+01,-3.464827704941021125e+01,-1.220945623933337032e+01,-5.613123562771988873e+00,-1.122797385734243392e+01,-1.858995501885105384e+01,-9.892572951634235778e+00,-1.680308069117990044e+01,-1.237798762776559158e+01
3.568947584642269799e+00,7.549553172308691273e+00,-2.054982199664249265e+01,-1.659404039559049693e+01,-3.330866356391191374e+01,-4.856201456969975183e+00,5.477891794225564581e+01,-2.171020375837198557e+01,-3.509149275589243189e+01,-1.224513146729206881e+01,-6.133814579861251559e+00,-1.143071321279084884e+01,-1.857020925172293602e+01,-9.883717949576322326e+00,-1.685065645278204016e+01,-1.216056794028462384e+01
3.729769495868129781e+00,7.804576524962716810e+00,-2.146704426357877082e+01,-1.678406101173237630e+01,-3.325351835917129506e+01,-4.822644501441111231e+00,5.421937824890545699e+01,-2.219174809435320839e+01,-3.566508741169917585e+01,-1.235400317870436737e+01,-6.836419823760962799e+00,-1.177554990535836055e+01,-1.862074584244118824e+01,-9.938734304872696157e+00,-1.697823307755471234e+01,-1.203564508292298285e+01
3.878811764658715688e+00,8.004452575061289821e+00,-2.255655768468682254e+01,-1.710244225743122115e+01,-3.324943565448166538e+01,-4.797856675591191333e+00,5.348459835153644804e+01,-2.270952192416610416e+01,-3.635298076377361554e+01,-1.253269441862438072e+01,-7.703849067554529029e+00,-1.225638548961640595e+01,-1.874119744654279884e+01,-1.005062898446667674e+01,-1.719269941560665416e+01,-1.200904236709362927e+01
4.023299711642673415e+00,8.150013010209987030e+00,-2.379215161242370868e+01,-1.754261801273028709e+01,-3.329048851063390657e+01,-4.778238290443560743e+00,5.257489626721667264e+01,-2.325153036899094872e+01,-3.713592124343307432e+01,-1.277735256299678390e+01,-8.715734184658074923e+00,-1.286413928920421768e+01,-1.892968897113593485e+01,-1.021026431263108236e+01,-1.749905524400265122e+01,-1.208353459071411606e+01
4.169413001467013657e+00,8.244260871804335977e+00,-2.513429976547172373e+01,-1.808683627463535970e+01,-3.336556944423129067e+01,-4.759268200740301324e+00,5.150582031147005324e+01,-2.380289351043477808e+01,-3.798524434560945906e+01,-1.307936808373027304e+01,-9.839452178588082631e+00,-1.357943346955075548e+01,-1.917837958578783386e+01,-1.040466212788930989e+01,-1.789450926167703670e+01,-1.225406691704505491e+01
4.320306615042410314e+00,8.290903906969916193e+00,-2.654405966004875950e+01,-1.871756051104975782e+01,-3.346608908693352191e+01,-4.736761037638792970e+00,5.029357739862801679e+01,-2.435095095698040524e+01,-3.887224127686499742e+01,-1.343022524264070050e+01,-1.104356475135625359e+01,-1.438222619148042725e+01,-1.947914786230963102e+01,-1.062007615346874445e+01,-1.837472337029234026e+01,-1.251332648926899083e+01
4.478367575012509150e+00,8.295896710747086900e+00,-2.796649698270555007e+01,-1.940255503019369598e+01,-3.357546874281747762e+01,-4.705363137549710473e+00,4.897568613196806098e+01,-2.487916401185601245e+01,-3.975720571049117780e+01,-1.381459511118469408e+01,-1.228141211712135750e+01,-1.523927486583365720e+01,-1.981599549727147291e+01,-1.083923062513459001e+01,-1.892423966301576499e+01,-1.284399236951331602e+01
4.642818594911867436e+00,8.265353495045900445e+00,-2.934956901885179548e+01,-2.011109836709052345e+01,-3.368044372222600202e+01,-4.660968816760181710e+00,4.759069042684839701e+01,-2.537465946493806257e+01,-4.060307345654968003e+01,-1.421826321457051989e+01,-1.350981757266294636e+01,-1.611832795937974083e+01,-2.017376627008970047e+01,-1.104649313418173051e+01,-1.952629050531947996e+01,-1.322751905599890421e+01
4.811849496524764902e+00,8.206711107441300612e+00,-3.063291056811987545e+01,-2.080352636722381376e+01,-3.376314543730029527e+01,-4.598962208168515531e+00,4.619206041210816238e+01,-2.582322143753766852e+01,-4.136767572764181722e+01,-1.462248677552217657e+01,-1.467761468152926341e+01,-1.697917780792066367e+01,-2.053247037728912261e+01,-1.122519379667839701e+01,-2.015596503353284064e+01,-1.363860652241629623e+01
4.981482118395003766e+00,8.127261143616781425e+00,-3.176053680010841873e+01,-2.144227376686880859e+01,-3.380863373773300395e+01,-4.516017218535210986e+00,4.483462354710482600e+01,-2.621418229853595960e+01,-4.201318443311072315e+01,-1.500960022032250407e+01,-1.573815028714412279e+01,-1.778348112964842187e+01,-2.087332847522190349e+01,-1.136131846368168397e+01,-2.078712246001588682e+01,-1.405155272370745223e+01
5.147609646041956921e+00,8.035074271544644375e+00,-3.267188395452366478e+01,-2.198361375475955981e+01,-3.379850442700741553e+01,-4.408943518197425249e+00,4.358500652135785458e+01,-2.653625781435530939e+01,-4.250006747789959149e+01,-1.535892520838512354e+01,-1.664016140057120197e+01,-1.848797602298863296e+01,-2.117437279488035529e+01,-1.144152614452616490e+01,-2.138730178810465077e+01,-1.443616159557113576e+01
5.303711401669957581e+00,7.936615762422018605e+00,-3.332452777711543490e+01,-2.239729761997986657e+01,-3.372416687037484451e+01,-4.277146227206081619e+00,4.249542862162746815e+01,-2.678573502183128596e+01,-4.280287867068849295e+01,-1.565611826140740703e+01,-1.734976989394445468e+01,-1.906156657078847161e+01,-2.142082205270755679e+01,-1.145828856665275453e+01,-2.193024527804035984e+01,-1.476860835317685172e+01
5.443770901117989780e+00,7.838277317952776713e+00,-3.368120548853552521e+01,-2.265452267489088456e+01,-3.357714143730292733e+01,-4.120223967798885667e+00,4.161759704196180110e+01,-2.695968475696355426e+01,-4.290037956640122729e+01,-1.588639089075070387e+01,-1.783686397881575658e+01,-1.947492100390252290e+01,-2.159811096795813512e+01,-1.140570466304484398e+01,-2.238835682082621759e+01,-1.502504452465122142e+01
5.560766578243320879e+00,7.744580860363541319e+00,-3.372617313540458639e+01,-2.274235580482245211e+01,-3.335898300417399298e+01,-3.940361534649451158e+00,4.098322059995780364e+01,-2.706207172161701635e+01,-4.278720377089510407e+01,-1.604215663767163846e+01,-1.809099955474954413e+01,-1.971345108812337799e+01,-2.169985550078997960e+01,-1.128376418683272675e+01,-2.274253661267712801e+01,-1.519000848545199744e+01
5.648596317841892755e+00,7.659123644007138410e+00,-3.345851602099803301e+01,-2.265731983178370967e+01,-3.307544802332847667e+01,-3.740536288671684417e+00,4.060975205899342200e+01,-2.709927630046425406e+01,-4.246793258721067588e+01,-1.611886752571309955e+01,-1.811400257847898843e+01,-1.977160587882181630e+01,-2.172370901629047069e+01,-1.109521503151295008e+01,-2.297830667917577330e+01,-1.525288517483081563e+01
5.700981792621583111e+00,7.583286732158232013e+00,-3.290392715336896146e+01,-2.241591869031891804e+01,-3.274357661129617725e+01,-3.526047396988829519e+00,4.048584097741252208e+01,-2.708422477604622713e+01,-4.196512049679046186e+01,-1.612038564130176610e+01,-1.793123502998872709e+01,-1.966222366152247503e+01,-2.167708265436292692e+01,-1.084828672597929256e+01,-2.309321186611666121e+01,-1.521409536028694731e+01
5.714438878842550196e+00,7.518208257687568619e+00,-3.209645657840448507e+01,-2.203861482313402576e+01,-3.237965126764271417e+01,-3.301827840239837997e+00,4.059064959742147494e+01,-2.702824420949070827e+01,-4.130588946359772962e+01,-1.605087282157840889e+01,-1.757320772833355704e+01,-1.940275254543107053e+01,-2.156829380452482781e+01,-1.055159458124899174e+01,-2.308731470657159690e+01,-1.507666367688923259e+01
5.686474782672569006e+00,7.463245745259712294e+00,-3.108926634592447158e+01,-2.156019188162615308e+01,-3.200708634958118637e+01,-3.074864809117066500e+00,4.088108419818831862e+01,-2.694627266221537809e+01,-4.053024614229794764e+01,-1.592136785348657213e+01,-1.708665161656696796e+01,-1.902475868225981515e+01,-2.141289678017331255e+01,-1.021806008658373344e+01,-2.297097940607704203e+01,-1.485276242297784677e+01
5.617377971372043532e+00,7.417364481020577216e+00,-2.994240299977521857e+01,-2.101897191404502507e+01,-3.164822432756916726e+01,-2.851686142720858186e+00,4.130445886818364443e+01,-2.685105883273246263e+01,-3.968145498677435512e+01,-1.574370587757879036e+01,-1.652213059436735421e+01,-1.856424942078685092e+01,-2.122739134840821862e+01,-9.860651776437862281e+00,-2.275827339685515938e+01,-1.455767128034084124e+01
5.509184096015115273e+00,7.378513573430950601e+00,-2.872447828175524975e+01,-2.045945769235638068e+01,-3.132711673021353249e+01,-2.639749764966559553e+00,4.179674723677044312e+01,-2.675539879888950168e+01,-3.880810327168282470e+01,-1.553338351817443197e+01,-1.593635553942908700e+01,-1.806432808077121877e+01,-2.103155916748641374e+01,-9.494282990611310424e+00,-2.246972419235033414e+01,-1.421204343279197957e+01
5.367069712064164833e+00,7.345003203456609953e+00,-2.749919269044904624e+01,-1.992076432655548501e+01,-3.106132233274541932e+01,-2.445271714739980951e+00,4.229722935839828324e+01,-2.666678074262313203e+01,-3.795407145123929382e+01,-1.530369631874614811e+01,-1.537909377541839717e+01,-1.756485838966422364e+01,-2.084207499002849318e+01,-9.132096862509087032e+00,-2.212513367204039128e+01,-1.383543852374869232e+01
5.196696168804948002e+00,7.313944516516986738e+00,-2.633605633951701108e+01,-1.944709750845269980e+01,-3.087052894664616076e+01,-2.275625477627620796e+00,4.273657147954361335e+01,-2.659362889947441033e+01,-3.716679705957283630e+01,-1.507231943515901662e+01,-1.490455497965797349e+01,-1.711170214807680168e+01,-2.067902238820754235e+01,-8.789461855324844919e+00,-2.175090016828743700e+01,-1.345256593368733178e+01
5.005395965382774648e+00,7.282675759827561990e+00,-2.529790116922297472e+01,-1.907659621765270686e+01,-3.076830966927869326e+01,-2.136435390269284085e+00,4.305039082320968191e+01,-2.653986840736105535e+01,-3.648701814529761833e+01,-1.485449159098109817e+01,-1.455887564704687520e+01,-1.674604344585527826e+01,-2.055913737459583501e+01,-8.479323169378062630e+00,-2.137227468810950626e+01,-1.308632541638997537e+01
4.800549854318838072e+00,7.248144364123376704e+00,-2.444318119738493778e+01,-1.884454854440741656e+01,-3.076591959842861002e+01,-2.033346646504448074e+00,4.317740101625162197e+01,-2.650837621363631058e+01,-3.595153739721915542e+01,-1.466632748139245734e+01,-1.438341218486959860e+01,-1.650739866851834847e+01,-2.049865980411072997e+01,-8.214803393610097260e+00,-2.101594080837270440e+01,-1.276018637651166188e+01
4.589742465192877319e+00,7.207636009293665325e+00,-2.382112920054801108e+01,-1.877894288501725839e+01,-3.086895744575070921e+01,-1.970229275439852046e+00,4.306427547029841207e+01,-2.649888494868997668e+01,-3.558857874789738673e+01,-1.452130108431566669e+01,-1.441009687113111681e+01,-1.642875990213219950e+01,-2.051012772856287825e+01,-8.006594904990251393e+00,-2.070621893387398416e+01,-1.249464513959850365e+01
4.379233577720000881e+00,7.158176642647418930e+00,-2.347478948692494782e+01,-1.890405756442220309e+01,-3.108123783077512314e+01,-1.950555468405255510e+00,4.266320204300109253e+01,-2.651143375378292433e+01,-3.542079260410319108e+01,-1.443299065235828493e+01,-1.466524557659084849e+01,-1.653958542949537502e+01,-2.060513793131131877e+01,-7.865122758304906370e+00,-2.046740676160770533e+01,-1.230951961589357779e+01
4.175118425293394608e+00,7.097964139388537319e+00,-2.343015338377217915e+01,-1.923076573736298656e+01,-3.139785449705104270e+01,-1.974947881926560456e+00,4.194409005711975169e+01,-2.654193147657123575e+01,-3.545688603076133916e+01,-1.440898036959752915e+01,-1.515909722049894981e+01,-1.685646517680189049e+01,-2.078839152901440457e+01,-7.796605108201902112e+00,-2.031656128292063812e+01,-1.221764020818515917e+01
3.982246521297319930e+00,7.025959397294048614e+00,-2.369609550422301680e+01,-1.975780812071614889e+01,-3.180789104082585084e+01,-2.043097812532703728e+00,4.089620263987592352e+01,-2.658508608797986028e+01,-3.569372780004665913e+01,-1.445335677845415034e+01,-1.588708529516677004e+01,-1.738461449863598318e+01,-2.105966012084103056e+01,-7.805602591664779766e+00,-2.026461595269250893e+01,-1.222631987245310370e+01
3.804222170382018930e+00,6.942218055334528515e+00,-2.426481135925559585e+01,-2.047186689560109585e+01,-3.229434754417576414e+01,-2.152487392354377249e+00,3.952757318815224608e+01,-2.663404537799279126e+01,-3.611607997859807284e+01,-1.456513337545177933e+01,-1.683053372137061388e+01,-1.811698308689534542e+01,-2.141288238342848160e+01,-7.893454448916116917e+00,-2.031514601341535808e+01,-1.233622989852356966e+01
3.643277067785422929e+00,6.847934667337959525e+00,-2.510916370737677994e+01,-2.134610985971177399e+01,-3.283446168785215491e+01,-2.299364870310462550e+00,3.786948498306639976e+01,-2.668126215253204236e+01,-3.669659348067637694e+01,-1.473864688285439684e+01,-1.795494357836057020e+01,-1.903328167305045326e+01,-2.183633789022027827e+01,-8.059201032920896068e+00,-2.046351645257679763e+01,-1.254118720614090421e+01
3.500778489446609854e+00,6.745862110095330877e+00,-2.618255709899079875e+01,-2.233973595218779451e+01,-3.339911692908214036e+01,-2.477840731131180974e+00,3.597646623964101309e+01,-2.671759193053046033e+01,-3.739559873170630055e+01,-1.496211337836996336e+01,-1.921012249295537799e+01,-2.009902487686409245e+01,-2.231156057082972666e+01,-8.298190158502308122e+00,-2.069548125518652171e+01,-1.282696329731496121e+01
3.376199466258650972e+00,6.639405522518146086e+00,-2.742589617813628422e+01,-2.340466726386787855e+01,-3.395859250097490190e+01,-2.682045961756685415e+00,3.391911325666330868e+01,-2.673620758863833657e+01,-3.816769243116570465e+01,-1.522197682806735486e+01,-2.053770127986587113e+01,-2.127177590214998304e+01,-2.281765490996367873e+01,-8.605044545630590846e+00,-2.099152917114560069e+01,-1.317541721256898768e+01
3.267257167714170407e+00,6.532452537024070693e+00,-2.877487054984104020e+01,-2.449074534225724165e+01,-3.448503394514864340e+01,-2.905126632768215700e+00,3.177470339525291365e+01,-2.673293554564286012e+01,-3.896553590180704418e+01,-1.550305376707478899e+01,-2.187760545713084070e+01,-2.250488728226184776e+01,-2.333260426106447483e+01,-8.972425227136596959e+00,-2.132880550142246534e+01,-1.356594914198637980e+01
3.170539230372561690e+00,6.429466577850369902e+00,-3.015857057341335690e+01,-2.554478597950611629e+01,-3.495213654799039205e+01,-3.140336696811509398e+00,2.962902228199800447e+01,-2.670594837244972553e+01,-3.974026206938994221e+01,-1.578901764639721250e+01,-2.316686792628553349e+01,-2.374734821732781143e+01,-2.383332439025993210e+01,-9.391731226479009820e+00,-2.168084988929962265e+01,-1.397555256093384912e+01
3.081132052820144906e+00,6.334714961159257030e+00,-3.151203287470065106e+01,-2.652039787574324237e+01,-3.534070231801581485e+01,-3.381173858895174078e+00,2.756045556029982890e+01,-2.665785311960866011e+01,-4.044902840501449504e+01,-1.606527699521606678e+01,-2.435120472953508397e+01,-2.495193104268651041e+01,-2.429958245118174887e+01,-9.853687669864953591e+00,-2.202284665562767429e+01,-1.438301034774566745e+01
2.993256634630419910e+00,6.252179570997647318e+00,-3.277707612001839266e+01,-2.737851843257897144e+01,-3.563867413142051532e+01,-3.622131837003948363e+00,2.563880517150494143e+01,-2.659523218863927241e+01,-4.105617404140795657e+01,-1.631959149237378881e+01,-2.538541446156762049e+01,-2.607634117597049794e+01,-2.471456655377558320e+01,-1.034884644156737465e+01,-2.233243177719445782e+01,-1.476966661000058423e+01
2.900729451527702452e+00,6.185295146599333549e+00,-3.390867063256449399e+01,-2.809181792110041442e+01,-3.584256812092579025e+01,-3.858124002726519564e+00,2.391659920169945508e+01,-2.652805468408240586e+01,-4.153629160276851451e+01,-1.654241895183534439e+01,-2.623858387956954630e+01,-2.708684100987153442e+01,-2.506597303158085310e+01,-1.086688046575922328e+01,-2.259187219821625092e+01,-1.512085713905217688e+01
2.798472722867920481e+00,6.137538972212304600e+00,-3.486698911036425841e+01,-2.863796957162148260e+01,-3.595262335280096977e+01,-4.084937420206088632e+00,2.243842121707507431e+01,-2.646641187627680836e+01,-4.186987760835552308e+01,-1.672505297513973233e+01,-2.688615935343113961e+01,-2.795362125906825668e+01,-2.534325713220378873e+01,-1.139639193636557479e+01,-2.278494194132071016e+01,-1.542333270139994283e+01
2.681679334941158288e+00,6.111234009616595131e+00,-3.563030314721032710e+01,-2.901001286496597231e+01,-3.597869595743358673e+01,-4.299797369621785492e+00,2.122536049559903404e+01,-2.642312738316500997e+01,-4.205123926905279319e+01,-1.686355550887367372e+01,-2.732176663627313928e+01,-2.865985149466337134e+01,-2.554241238981207118e+01,-1.192662227237065053e+01,-2.290329658095645016e+01,-1.567035831243596533e+01
2.547480389345750496e+00,6.108366301506524820e+00,-3.618464223599042384e+01,-2.920727913563430889e+01,-3.593348065087468513e+01,-4.500848259724534728e+00,2.028733934490639967e+01,-2.640924759857580284e+01,-4.208168985300802234e+01,-1.695521683310741423e+01,-2.754655994478684988e+01,-2.919473826349351953e+01,-2.566174084619375151e+01,-1.244610970478427703e+01,-2.294173117304356424e+01,-1.585761663710621860e+01
2.394604674447990078e+00,6.129951393993280817e+00,-3.652963510235031208e+01,-2.923995030216835289e+01,-3.583464568834614283e+01,-4.687344418531381507e+00,1.961634612180762360e+01,-2.643483076389253483e+01,-4.197279293620687923e+01,-1.700036794025089648e+01,-2.757434150150822916e+01,-2.955771219193104571e+01,-2.570394845344910095e+01,-1.294372535639917032e+01,-2.290115125575714217e+01,-1.598547518282518354e+01
2.224078483497130776e+00,6.176357090514262183e+00,-3.667131428870317222e+01,-2.912288508725143288e+01,-3.570042712929603113e+01,-4.859834010159332252e+00,1.919547578001538568e+01,-2.650657271447640539e+01,-4.174176857024166054e+01,-1.700086248454547899e+01,-2.742427582007962883e+01,-2.975404373357946497e+01,-2.567385023562083290e+01,-1.340889024283495701e+01,-2.278577791206703296e+01,-1.605664820296715334e+01
2.037546679891399037e+00,6.245974830829851498e+00,-3.663505978285786568e+01,-2.888610226394553138e+01,-3.555589909207418486e+01,-5.020508178215230544e+00,1.898402043728071931e+01,-2.663155995288971667e+01,-4.141880826358561762e+01,-1.696420838127387754e+01,-2.713270516988831105e+01,-2.980370618705924812e+01,-2.558338106858357719e+01,-1.383360682504486761e+01,-2.260950391890528977e+01,-1.608136747820566370e+01
1.839068675803311237e+00,6.336647969716832307e+00,-3.644872976620855809e+01,-2.856010408597308015e+01,-3.542261140626467864e+01,-5.171905884202445236e+00,1.893773042423924835e+01,-2.681144091453833767e+01,-4.103519608028097565e+01,-1.689752192380369422e+01,-2.673618622310340243e+01,-2.972924969460945022e+01,-2.544460505558072327e+01,-1.421013748974372959e+01,-2.238739688061735933e+01,-1.607023108105535414e+01
1.633053405744256281e+00,6.444348686953869532e+00,-3.615463713181677008e+01,-2.818598600451278458e+01,-3.532531247476620706e+01,-5.317930372528387295e+00,1.899541608526635628e+01,-2.704726320612829227e+01,-4.063056501736721060e+01,-1.681243776991829009e+01,-2.628293775558211109e+01,-2.956445914840378464e+01,-2.527504349531486127e+01,-1.453403301096599876e+01,-2.214199172170528129e+01,-1.603949822627424737e+01
1.425348517346442634e+00,6.564362010485801591e+00,-3.579642312135234050e+01,-2.780397332197568971e+01,-3.528406918266990999e+01,-5.462532475402710475e+00,1.909475518042364683e+01,-2.733554402727192212e+01,-4.024329507321655797e+01,-1.672011921321691830e+01,-2.581966650171170841e+01,-2.934458004746588244e+01,-2.509216103096652262e+01,-1.480214872876416621e+01,-2.189645087395615519e+01,-1.600541504782152913e+01
1.221595541018302811e+00,6.690478420470775234e+00,-3.542647843534101781e+01,-2.745973350306709904e+01,-3.531880530100050919e+01,-5.610079627877915698e+00,1.916449120183148125e+01,-2.767197591604499962e+01,-3.991470574508022651e+01,-1.663415412431740492e+01,-2.539872119320580168e+01,-2.911142603338515755e+01,-2.491662870252352491e+01,-1.501445565121113646e+01,-2.167823671665010465e+01,-1.598741698166594460e+01
1.029236435741232469e+00,6.817061200746152849e+00,-3.508376385311424883e+01,-2.718553098201945772e+01,-3.543696213552470908e+01,-5.763524699569348542e+00,1.915107997914913085e+01,-2.804509920962378544e+01,-3.967415208328046106e+01,-1.656266997218983761e+01,-2.505667179839929304e+01,-2.889726921867611509e+01,-2.476318130522571437e+01,-1.517064951081255231e+01,-2.150768009203281395e+01,-1.599874112113192837e+01
8.548452518433222735e-01,6.937613662872315956e+00,-3.480637019052684167e+01,-2.701160944226134575e+01,-3.564258258858743034e+01,-5.926085573928020267e+00,1.900533753799692249e+01,-2.844325057606559426e+01,-3.954792597212396288e+01,-1.651442274740435323e+01,-2.482724844863454905e+01,-2.873441610835237725e+01,-2.464697312926820416e+01,-1.527390544698398855e+01,-2.140496047401957469e+01,-1.605269049963683869e+01
7.057859100802161834e-01,7.046617732388600785e+00,-3.461429638932931852e+01,-2.695145012982167998e+01,-3.592693297491929627e+01,-6.099176165619624612e+00,1.870303514554700541e+01,-2.884968657154934135e+01,-3.954750337230728974e+01,-1.649194204177862844e+01,-2.472472134236534203e+01,-2.864212949019955090e+01,-2.457601288096925884e+01,-1.532727800813027841e+01,-2.138071173636484446e+01,-1.615492327951264429e+01
5.884007671898245917e-01,7.138703808912495674e+00,-3.451705056856226861e+01,-2.700899917438280795e+01,-3.627495033990034301e+01,-6.283670590012221169e+00,1.823711636423382743e+01,-2.924758267123684163e+01,-3.967551044071019817e+01,-1.649563130004420941e+01,-2.475216124505985249e+01,-2.863252206518171761e+01,-2.455521574978610033e+01,-1.533602104270978828e+01,-2.144028220851414801e+01,-1.630741663052073420e+01
5.092589574634516225e-01,7.210107975278567949e+00,-3.450092925580956660e+01,-2.716789648663348089e+01,-3.665890282070408546e+01,-6.478654346519995499e+00,1.763252453758758520e+01,-2.961673817540420828e+01,-3.991751970690759777e+01,-1.651899806421072014e+01,-2.488954017370434713e+01,-2.870096476993215617e+01,-2.458084117301312688e+01,-1.530487943763041869e+01,-2.157674429499397206e+01,-1.650285546529963199e+01
4.720111924379466473e-01,7.256695996916853630e+00,-3.454918980925781824e+01,-2.740933743538592182e+01,-3.705203711445258818e+01,-6.683640576250397203e+00,1.692294503503160286e+01,-2.994252737377115636e+01,-4.025627840223777554e+01,-1.655710116205237625e+01,-2.511400430758305902e+01,-2.884083586501762397e+01,-2.464965083063546558e+01,-1.524213159378874138e+01,-2.178158283620351199e+01,-1.673390182233922019e+01
4.796843810743176562e-01,7.276021027373957395e+00,-3.462712694181877282e+01,-2.769881380002777860e+01,-3.741972552878064562e+01,-6.896216045917320514e+00,1.616702207033642935e+01,-3.021004135590939654e+01,-4.066119455583965703e+01,-1.659931935221131027e+01,-2.538519197527111260e+01,-2.903137814607475775e+01,-2.475117565409829012e+01,-1.515464148108071640e+01,-2.203572711221679015e+01,-1.698557877778279135e+01
5.322458204920579306e-01,7.265604350846594173e+00,-3.469984723927169057e+01,-2.800204116339411087e+01,-3.773166331269331408e+01,-7.114575743848092770e+00,1.542714916320653629e+01,-3.041159462539731351e+01,-4.110142922457717418e+01,-1.663724619784852621e+01,-2.566325471002289760e+01,-2.925114029156537754e+01,-2.487589928784215942e+01,-1.505168303479294423e+01,-2.231931457134155039e+01,-1.724368364311826696e+01
6.281810299100527573e-01,7.224181584789644006e+00,-3.472596811028814301e+01,-2.827895627551211533e+01,-3.795748604233021695e+01,-7.335872614652068080e+00,1.477483930545861313e+01,-3.054296034504788793e+01,-4.154095565569852511e+01,-1.666037571819487084e+01,-2.590240302890998692e+01,-2.947205350205135232e+01,-2.501097996787382272e+01,-1.494127867607730309e+01,-2.260731627725037640e+01,-1.749076117293925847e+01
7.626955555919465723e-01,7.150237604656624057e+00,-3.467406278953014009e+01,-2.849826361273525777e+01,-3.807730151792854656e+01,-7.558203655550890687e+00,1.427061791807074087e+01,-3.060907865449004817e+01,-4.195038843200074297e+01,-1.666270370075757512e+01,-2.606719705067951054e+01,-2.967166325403336202e+01,-2.514743436706888247e+01,-1.483304906322520367e+01,-2.287852229960589057e+01,-1.771366276151046293e+01
9.305945075830877045e-01,7.043947278863658568e+00,-3.450790679589935905e+01,-2.862419320929164002e+01,-3.807189603608686923e+01,-7.778257538670128923e+00,1.397910319292634540e+01,-3.061641886675886326e+01,-4.229652544772807232e+01,-1.663516764644191426e+01,-2.611778835681812438e+01,-2.982128460878436726e+01,-2.527213806335086588e+01,-1.473302868167171198e+01,-2.310701015027166250e+01,-1.789579879723514466e+01
1.124379714066790825e+00,6.905402684118893575e+00,-3.420309611449576437e+01,-2.863164089134148327e+01,-3.793374391763718734e+01,-7.994193882576031029e+00,1.394913180512997997e+01,-3.057899721422828065e+01,-4.255522300457264606e+01,-1.657352004754217489e+01,-2.602676777592728286e+01,-2.989941152924001244e+01,-2.537597257592307187e+01,-1.464795685504682865e+01,-2.327221684382897138e+01,-1.802557033963247335e+01
1.336293938422404182e+00,6.735794304284389966e+00,-3.373943772043011791e+01,-2.849899737510320108e+01,-3.766071708522125050e+01,-8.203561322751262708e+00,1.422081695474204821e+01,-3.051256593830181885e+01,-4.270538507349343149e+01,-1.647319719103785474e+01,-2.577115149818152418e+01,-2.988503108775472583e+01,-2.544892293396341643e+01,-1.458135449238879744e+01,-2.335418012252637254e+01,-1.809172119934918044e+01
1.557556412222805164e+00,6.536320998283070338e+00,-3.310945525072465045e+01,-2.821613081949180213e+01,-3.726163324684290501e+01,-8.405165102221715756e+00,1.481546852512008172e+01,-3.043706915667910096e+01,-4.273599405649012795e+01,-1.633373002321533818e+01,-2.534107036306102145e+01,-2.976507725489911138e+01,-2.548467736112061743e+01,-1.453615446288861790e+01,-2.333935620481778983e+01,-1.808807173857100992e+01
1.780364834426332976e+00,6.309262511997900447e+00,-3.230940875253801892e+01,-2.777622915190819697e+01,-3.674911432666360156e+01,-8.597340073303911367e+00,1.574480285951509018e+01,-3.037061825504119383e+01,-4.263942433457065562e+01,-1.615383739295548082e+01,-2.473056402668493092e+01,-2.952735313698903497e+01,-2.547565799717015977e+01,-1.451154506664394717e+01,-2.321553661654206735e+01,-1.800863711050432414e+01
1.995758667019259747e+00,6.055955019411879192e+00,-3.135587130544662671e+01,-2.719071950447114716e+01,-3.614965725346394265e+01,-8.780654687412706494e+00,1.699190110027694800e+01,-3.033518812336723158e+01,-4.242362919027480928e+01,-1.593930840906847379e+01,-2.395407975601318640e+01,-2.917400452533851762e+01,-2.542160221777133700e+01,-1.450789437249341063e+01,-2.298210291213521828e+01,-1.785617533309026328e+01
2.195861349505140225e+00,5.778083255256085238e+00,-3.027489620453530961e+01,-2.647900621682413203e+01,-3.549431547322838298e+01,-8.955157452526730566e+00,1.852278605416367441e+01,-3.034939879513508743e+01,-4.210306820916862591e+01,-1.569631422388303577e+01,-2.303489397341203926e+01,-2.871242632191459165e+01,-2.532334528443294630e+01,-1.452255204038088721e+01,-2.264332506878834295e+01,-1.763592047511389893e+01
2.372758121878213444e+00,5.476546821665543519e+00,-2.910838435643265143e+01,-2.567471850241155096e+01,-3.482280428728378752e+01,-9.122496361358994221e+00,2.027987565846757434e+01,-3.043130771305396820e+01,-4.170408190073187882e+01,-1.543595443821624258e+01,-2.201173639026882256e+01,-2.816169089867494790e+01,-2.518742446736982288e+01,-1.455357682634007688e+01,-2.221343242863196110e+01,-1.735991870391624303e+01
2.519697559468333736e+00,5.152135809372346387e+00,-2.790868467030585975e+01,-2.482029246437193848e+01,-3.417768545523279045e+01,-9.283982966932384784e+00,2.218771265411433546e+01,-3.059418415677008340e+01,-4.125950102948558396e+01,-1.517025463734813684e+01,-2.093281772355229009e+01,-2.754773181509324331e+01,-2.502272396337127702e+01,-1.459748141334253546e+01,-2.171287937654329880e+01,-1.704352649897811034e+01
2.630172771074597904e+00,4.804703592526600175e+00,-2.674122571772832657e+01,-2.396986767312751709e+01,-3.360622383171377692e+01,-9.442038185499676217e+00,2.415153677112559194e+01,-3.084856365344819551e+01,-4.081117875192965272e+01,-1.491503716076820751e+01,-1.985866423529779468e+01,-2.690679042385620789e+01,-2.484352809061326184e+01,-1.465216768287461946e+01,-2.117119460817453103e+01,-1.670800989840331141e+01
2.699863483140788389e+00,4.434635075046195141e+00,-2.567052893723922580e+01,-2.317669954540161825e+01,-3.315014360575965213e+01,-9.597559706877987651e+00,2.607379485601640567e+01,-3.119609658370633554e+01,-4.039912826767222498e+01,-1.468302843412006098e+01,-1.884807519884989802e+01,-2.627455295123506573e+01,-2.466281262918940342e+01,-1.471342929906229813e+01,-2.061880722731336846e+01,-1.637360399048282034e+01
2.725794915097530691e+00,4.042295858125942942e+00,-2.475858272934129900e+01,-2.249286388345847598e+01,-3.284622022632419203e+01,-9.751764790511153080e+00,2.785848368774665573e+01,-3.163188179665586119e+01,-4.006216703618100894e+01,-1.448642234217223290e+01,-1.795747756445720711e+01,-2.568725148955707027e+01,-2.449423113049967071e+01,-1.477819408140116764e+01,-2.008802634550944788e+01,-1.606091574278904943e+01
2.706875084189544367e+00,3.628621238120175008e+00,-2.405890947942671687e+01,-2.196370936348928637e+01,-3.272164919043734699e+01,-9.904415534788853392e+00,2.941901690227012978e+01,-3.214244226682595240e+01,-3.983285867051085916e+01,-1.433358828224345416e+01,-1.723501104940658024e+01,-2.517672645323287384e+01,-2.434927316295028277e+01,-1.484283042378629602e+01,-1.960905677444947059e+01,-1.578777490999836175e+01
2.643758405555505675e+00,3.195204475940919053e+00,-2.361029140320701458e+01,-2.162337512057322186e+01,-3.279209604237178155e+01,-1.005468265283204232e+01,3.068808816642777515e+01,-3.270672250941088066e+01,-3.973473792789671677e+01,-1.422917011496878104e+01,-1.671524414307000939e+01,-2.476752712395895628e+01,-2.423671015221074754e+01,-1.490454803424427155e+01,-1.920786966520674355e+01,-1.556820122557414265e+01
2.539421849593168190e+00,2.745025351443203476e+00,-2.342997583091278102e+01,-2.148857055736211308e+01,-3.305738961254735386e+01,-1.019976619364452830e+01,3.162657199487438220e+01,-3.329469400565037063e+01,-3.977720477817872791e+01,-1.417105257835913790e+01,-1.641269853033517734e+01,-2.447150164367585035e+01,-2.415942350190891830e+01,-1.495967514676415533e+01,-1.890165232367505155e+01,-1.540894838390866539e+01
2.397701859147701953e+00,2.281606136942819774e+00,-2.351712808161985890e+01,-2.156241845526415801e+01,-3.350592541819855796e+01,-1.033692212595749282e+01,3.222157328216590599e+01,-3.387249529666492265e+01,-3.995952382274417403e+01,-1.415448140163525181e+01,-1.632617145572092454e+01,-2.429187229304523044e+01,-2.411804517608049991e+01,-1.500686085671046044e+01,-1.870166627752435318e+01,-1.531279189148209241e+01
2.223272845572221712e+00,1.809304937679808489e+00,-2.385334217094910514e+01,-2.183394812970987431e+01,-3.411421362295206450e+01,-1.046195985319948107e+01,3.248595119851131585e+01,-3.440298696703472103e+01,-4.026973382245181199e+01,-1.417049261763020240e+01,-1.643872641754757069e+01,-2.422202305353876284e+01,-2.410977877957070348e+01,-1.504510377185997072e+01,-1.861155059398873846e+01,-1.527736161992383046e+01
2.021545118369591165e+00,1.333402036008966007e+00,-2.439939082781259572e+01,-2.227577741664153876e+01,-3.484703330364203566e+01,-1.057031327574114243e+01,3.246310390141303515e+01,-3.484782461954695520e+01,-4.068376457282616343e+01,-1.420667369818393411e+01,-1.671508518198680804e+01,-2.424403947476423582e+01,-2.412813910314883969e+01,-1.507452426905919651e+01,-1.862605301586150119e+01,-1.529476376698371354e+01
1.797914858740210065e+00,8.597280297911424896e-01,-2.510342138267517953e+01,-2.285028637126404050e+01,-3.566194304879495292e+01,-1.065676763934634863e+01,3.221664409437312315e+01,-3.517079779149247543e+01,-4.116992129056668404e+01,-1.424888181199975179e+01,-1.710928152225838517e+01,-2.433320935683926223e+01,-2.416505357241001661e+01,-1.509599990975883088e+01,-1.873356514473236700e+01,-1.535386486923039229e+01
1.557507733860461485e+00,3.944991929887038395e-01,-2.590210556983515744e+01,-2.351070657050951240e+01,-3.651152254918098095e+01,-1.071639016456734339e+01,3.182904257477943588e+01,-3.534030679589653801e+01,-4.169035853406986547e+01,-1.428254559403733026e+01,-1.756585653158521154e+01,-2.445900330702875181e+01,-2.421152800008036365e+01,-1.511160627292576919e+01,-1.891667106362774575e+01,-1.544115637719505685e+01
1.305289782402631715e+00,-5.561101991226635732e-02,-2.672533258530009448e+01,-2.420411634785421384e+01,-3.734545724410833145e+01,-1.074360554300258030e+01,3.139469591232162315e+01,-3.533034430507407819e+01,-4.220296095140782455e+01,-1.429232102185977737e+01,-1.802369466280214283e+01,-2.458657767254085513e+01,-2.425748228877105106e+01,-1.512273479518037789e+01,-1.915270517563610042e+01,-1.554106052463865240e+01
1.046644014354644270e+00,-4.831685850529403581e-01,-2.749200192218009420e+01,-2.486812030007989449e+01,-3.810985404272045685e+01,-1.073311959432283658e+01,3.102441188650192316e+01,-3.512057104168177091e+01,-4.265979966287399350e+01,-1.426177363345007620e+01,-1.841215940874732837e+01,-2.467419977086717608e+01,-2.429016008056224507e+01,-1.512995774124908621e+01,-1.941200734459063426e+01,-1.563456420624200405e+01
7.862797974281718894e-01,-8.810507289556355204e-01,-2.812442008237559321e+01,-2.544251682651445279e+01,-3.875543410472093342e+01,-1.068024973975388292e+01,3.082701403755075376e+01,-3.470042835548821358e+01,-4.301605347447596728e+01,-1.417716078199663343e+01,-1.866464779157911380e+01,-2.468225169255481433e+01,-2.429846974840090468e+01,-1.513357363765558716e+01,-1.966414308865078908e+01,-1.570412630556991473e+01
5.292771802026052796e-01,-1.241885886310839737e+00,-2.854343482290212819e+01,-2.586500043264702242e+01,-3.923532297021225190e+01,-1.058089042624009579e+01,3.091423493990347993e+01,-3.406716637518287882e+01,-4.322713834276065370e+01,-1.402549307882360097e+01,-1.871346089330680229e+01,-2.456934190844133070e+01,-2.427022762602808825e+01,-1.513215126560895385e+01,-1.987537749472902249e+01,-1.573127564358611608e+01
2.806113157668548297e-01,-1.558836750969625484e+00,-2.867845255577245211e+01,-2.607923152394432265e+01,-3.951043145428008074e+01,-1.043174339929028704e+01,3.138736579769275181e+01,-3.322762380613112043e+01,-4.325479721165490332e+01,-1.379687194814862039e+01,-1.849907662758991478e+01,-2.429842109868823741e+01,-2.419476316680028560e+01,-1.512274579691475651e+01,-2.001306460109054797e+01,-1.569966256996168852e+01
4.545993447356977413e-02,-1.825660596762570975e+00,-2.846740764237156895e+01,-2.603490835153437999e+01,-3.954994594735096314e+01,-1.023104556769521878e+01,3.233630553054715051e+01,-3.219748544748209440e+01,-4.306757475904822741e+01,-1.348474628968828881e+01,-1.796993849783729047e+01,-2.383682399762255955e+01,-2.406263176126894621e+01,-1.510112906895056994e+01,-2.004614722560025086e+01,-1.559510048150573169e+01
-1.723018409115653071e-01,-2.038172438099742578e+00,-2.787405066958851307e+01,-2.570181424791216074e+01,-3.934003268301903233e+01,-9.978912706564386781e+00,3.381775251801417426e+01,-3.100452617786038445e+01,-4.265090399490854622e+01,-1.309029695318739073e+01,-1.709833014779886184e+01,-2.316726491227271367e+01,-2.387116171779386775e+01,-1.506311165880961767e+01,-1.995321824961135349e+01,-1.541148823295047521e+01
-3.683597646557927874e-01,-2.193272193000645132e+00,-2.687762863011226955e+01,-2.506085591653098987e+01,-3.887720519548157938e+01,-9.676594531755974060e+00,3.586610446072336345e+01,-2.968297048140935601e+01,-4.199992816994598854e+01,-1.261796506558516739e+01,-1.586976958821298922e+01,-2.228008819821502584e+01,-2.361949456082925280e+01,-1.500251270480737276e+01,-1.971746802905482809e+01,-1.514591738368827123e+01
-5.396903322569563954e-01,-2.290412664593748815e+00,-2.548888823641607360e+01,-2.411753258096904773e+01,-3.817657205036235268e+01,-9.327503975133392800e+00,3.847364438728226332e+01,-2.827670817851783625e+01,-4.112926426163350868e+01,-1.208047393093845301e+01,-1.429818086308878833e+01,-2.118434888154268947e+01,-2.331458068742442435e+01,-1.491376309272888534e+01,-1.933493231049047267e+01,-1.480485938712359939e+01
-6.832647603330848085e-01,-2.330782325662106302e+00,-2.374113839004871807e+01,-2.289416168259817752e+01,-3.726553418277202923e+01,-8.936294109594633994e+00,4.160024963066527448e+01,-2.683389890422000690e+01,-4.006632444912646918e+01,-1.149467153246199302e+01,-1.241667694592663906e+01,-1.990111547303847317e+01,-2.296708297854756609e+01,-1.479037687423981140e+01,-1.881024850146464189e+01,-1.439999150872107236e+01
-7.972385425773786949e-01,-2.318191159904849030e+00,-2.169919656295181198e+01,-2.143754224400409214e+01,-3.618782540798886771e+01,-8.509162858471629676e+00,4.516272533649600973e+01,-2.540784795323784806e+01,-3.885637976824952489e+01,-1.088398271401425177e+01,-1.028596763946973169e+01,-1.846972685613309295e+01,-2.259493961873252488e+01,-1.462668095423512682e+01,-1.816150482123752852e+01,-1.395170085207771393e+01
-8.786849386114745641e-01,-2.257245406342669014e+00,-1.943854439475001072e+01,-1.980146938210582164e+01,-3.499078120858202112e+01,-8.052354561651466014e+00,4.905935612987116201e+01,-2.404826709152357012e+01,-3.754867234272477106e+01,-1.027080768523704535e+01,-7.974205937611259287e+00,-1.693333586459307583e+01,-2.221505999595046887e+01,-1.441521772497550558e+01,-1.741037450106699680e+01,-1.348043487552685349e+01
-9.258091182620802329e-01,-2.154742815438826398e+00,-1.705677830231613257e+01,-1.805727367836573194e+01,-3.373217792753500532e+01,-7.573635718983776854e+00,5.315766278598323424e+01,-2.280480644363463227e+01,-3.620436266292030325e+01,-9.681685185769623558e+00,-5.568718471880742982e+00,-1.534827031909389916e+01,-2.184951724806744267e+01,-1.415064304939969020e+01,-1.658919506292940582e+01,-1.301254646982516761e+01
-9.360237443427941173e-01,-2.017847714989635222e+00,-1.465376863775549054e+01,-1.627716966968559120e+01,-3.246799339791343186e+01,-7.080303229084123018e+00,5.731855570448112758e+01,-2.171902640992234979e+01,-3.488311289133353199e+01,-9.139754155399145930e+00,-3.156926215559082038e+00,-1.377011269391113046e+01,-2.151776863604277423e+01,-1.382686960020825495e+01,-1.573128817882883368e+01,-1.257213258865014893e+01
-9.074622764076636372e-01,-1.854746438466360559e+00,-1.233520534199985264e+01,-1.453823523516639682e+01,-3.125513348139543268e+01,-6.580179259715947637e+00,6.139400615817996254e+01,-2.082618128613927411e+01,-3.364622755657681097e+01,-8.667533085746200072e+00,-8.306760139453785996e-01,-1.225772570526069671e+01,-2.123995178979266996e+01,-1.343984931552728312e+01,-1.487400606076631959e+01,-1.218384529546661099e+01
-8.376146956925047959e-01,-1.673097747535837954e+00,-1.019506458214772238e+01,-1.290797536339005092e+01,-3.014139925652740715e+01,-6.080381234910266386e+00,6.524883869648800783e+01,-2.014935859217366954e+01,-3.254539787528186423e+01,-8.281251534978622431e+00,1.330079656075156436e+00,-1.086156056207634890e+01,-2.103069764849888656e+01,-1.298576182198100071e+01,-1.405038242733908760e+01,-1.186624426687450296e+01
-7.262561361741184385e-01,-1.481571379125139032e+00,-8.329383706453228342e+00,-1.145691831195098231e+01,-2.917438268412324476e+01,-5.589087126723214283e+00,6.874645100074008042e+01,-1.970569145047733173e+01,-3.163262877617796676e+01,-7.997580361040917296e+00,3.243051642717034611e+00,-9.634881635095581487e+00,-2.090683431412740845e+01,-1.246533993093655113e+01,-1.329718948685528801e+01,-1.163916560026397917e+01
-5.732171055077408539e-01,-1.287592694337824639e+00,-6.814430765533217027e+00,-1.023994429281571428e+01,-2.838833900106561714e+01,-5.113083629661073104e+00,7.177506946337905447e+01,-1.949888683104039444e+01,-3.094542352144881647e+01,-7.825217860690457883e+00,4.844665450237698678e+00,-8.618097061972861184e+00,-2.087842788385319182e+01,-1.187973654464241235e+01,-1.264344593846963960e+01,-1.151445999367115292e+01
-3.808896938751331618e-01,-1.098638624779304962e+00,-5.718422298183327257e+00,-9.307245462703708228e+00,-2.781258336352532012e+01,-4.659939462061718274e+00,7.423555285184119157e+01,-1.952577270553595667e+01,-3.051590062579590779e+01,-7.771567427002310069e+00,6.077655902046274150e+00,-7.848797855853831607e+00,-2.095573915258407283e+01,-1.123475295122241846e+01,-1.211743225513394862e+01,-1.150274856838979076e+01
-1.527849215386325454e-01,-9.206910330801534315e-01,-5.088221110214931286e+00,-8.692733065161352357e+00,-2.746335508174736617e+01,-4.236103974081736112e+00,7.605699136247457659e+01,-1.977218145587731613e+01,-3.036161430265096328e+01,-7.837304691035399173e+00,6.903900963068309693e+00,-7.351874103474145272e+00,-2.114347113174200388e+01,-1.053763002967278339e+01,-1.173918607104636180e+01,-1.160763854809179918e+01
1.045230695258787534e-01,-7.593432254749608035e-01,-4.960516790168867374e+00,-8.424238304212774864e+00,-2.735173858093946819e+01,-3.848579373472063025e+00,7.718461570080233969e+01,-2.021931354332639330e+01,-3.049407371342645945e+01,-8.022101767081650792e+00,7.293004128657855745e+00,-7.148514511525490889e+00,-2.144670402222023142e+01,-9.800045732764715467e+00,-1.152684349039947165e+01,-1.183179238229122632e+01
3.840933796017971247e-01,-6.175254871583675254e-01,-5.341943782644278826e+00,-8.506119321425110513e+00,-2.747178815040641098e+01,-3.502373404723897465e+00,7.760262777886509866e+01,-2.083741281911672161e+01,-3.090538327035325494e+01,-8.316571003752301294e+00,7.241689878601135888e+00,-7.241311596929122629e+00,-2.186176112801595650e+01,-9.033126092768824833e+00,-1.148544480974371140e+01,-1.216797710640001640e+01
6.763897540536376596e-01,-4.971581693734101748e-01,-6.223899638705447046e+00,-8.932867298774738174e+00,-2.781141406008974570e+01,-3.203128034354573828e+00,7.731773263861154533e+01,-2.159426618076466298e+01,-3.158014234950115906e+01,-8.710324994488246375e+00,6.758528559919199097e+00,-7.626318407901749197e+00,-2.238404392472693871e+01,-8.251761724949545851e+00,-1.161565687981959627e+01,-1.260714490566698487e+01
9.713028428280345850e-01,-3.977712165514226683e-01,-7.572365268037046349e+00,-9.679673199334047240e+00,-2.834589066455779971e+01,-2.954892223922946926e+00,7.637016139701961492e+01,-2.245183478855472003e+01,-3.248815273051550889e+01,-9.186720054494699639e+00,5.874362737891942743e+00,-8.284446599690454605e+00,-2.300222197658391110e+01,-7.470363655904407096e+00,-1.190715506827079651e+01,-1.313311381284992763e+01
1.257150162772813218e+00,-3.176079045083710639e-01,-9.337809618994313610e+00,-1.071145878255745743e+01,-2.904525414318915466e+01,-2.761789990447912402e+00,7.482241159287042365e+01,-2.337221710035935018e+01,-3.359258855343716732e+01,-9.728143141553715623e+00,4.632315160896609996e+00,-9.189277072788826217e+00,-2.370308889555356302e+01,-6.705197742890234736e+00,-1.234434992319359026e+01,-1.372777973242750704e+01
1.522719530721964531e+00,-2.525589711370912482e-01,-1.144749563331427566e+01,-1.197551435514073859e+01,-2.986921464586124841e+01,-2.626259468433936206e+00,7.276694874662328516e+01,-2.431490084443399269e+01,-3.484443097785373311e+01,-1.031185586336253834e+01,3.095818787419830187e+00,-1.030014658939813899e+01,-2.446665924508244672e+01,-5.970777167147403475e+00,-1.290112528061197850e+01,-1.436664748621268473e+01
1.755032852351398276e+00,-1.985337612807498431e-01,-1.382711169746656310e+01,-1.342029424714156249e+01,-3.078107805936446084e+01,-2.551734728740747471e+00,7.030075622349627906e+01,-2.524639345231734922e+01,-3.619808279420996655e+01,-1.091944592996196661e+01,1.327558789804953676e+00,-1.157815738539238737e+01,-2.527577458563480661e+01,-5.284259736325623180e+00,-1.355258969245552692e+01,-1.502891143549392439e+01
1.941922919988549268e+00,-1.502186004734475944e-01,-1.639318195180099735e+01,-1.498744650206501916e+01,-3.174125147401674951e+01,-2.539764084675876887e+00,6.753221783439519754e+01,-2.613579292073599447e+01,-3.760444678191433354e+01,-1.153087808294517913e+01,-6.017128800002353728e-01,-1.297816816592867895e+01,-2.611006069011787645e+01,-4.660276206673117372e+00,-1.426909170662035820e+01,-1.569184708547452090e+01
2.070947831277500484e+00,-1.027585289686996362e-01,-1.906717121268783899e+01,-1.662414845527131746e+01,-3.271637430483448838e+01,-2.592249752510078054e+00,6.456422200044278270e+01,-2.696111273687397158e+01,-3.902124697510703299e+01,-1.213106362580003861e+01,-2.626847798499397868e+00,-1.445935241335199350e+01,-2.695230565325236682e+01,-4.114217498443267118e+00,-1.502417265275954605e+01,-1.633740754464970024e+01
2.131113293444208523e+00,-5.129727712803600070e-02,-2.177468061064131177e+01,-1.828096660670257734e+01,-3.367667397268550644e+01,-2.709462659615383018e+00,6.149304568359343648e+01,-2.770682884830473824e+01,-4.041049955928994564e+01,-1.270666574779650659e+01,-4.686276538137406078e+00,-1.598237566725291003e+01,-2.778555899647281535e+01,-3.658860728833758458e+00,-1.579235766108476469e+01,-1.694963507259770097e+01
2.112028901403618875e+00,7.564401864012637589e-03,-2.445749935393317287e+01,-1.992226468035678266e+01,-3.460324368619907887e+01,-2.891662088477715997e+00,5.839413860584710392e+01,-2.836847662068770148e+01,-4.174681523290917085e+01,-1.325112803708017850e+01,-6.733415498932544097e+00,-1.751822466092234265e+01,-2.859854661686317456e+01,-3.306950829089871036e+00,-1.655603651558269007e+01,-1.752007948484513378e+01
2.006589927353900293e+00,7.704541105125173317e-02,-2.706329294781413353e+01,-2.151602578666658871e+01,-3.547968305142123313e+01,-3.136336910116483523e+00,5.533269318305167417e+01,-2.894631997218979791e+01,-4.300842595893382736e+01,-1.375789258862671716e+01,-8.725579120928273369e+00,-1.903867434170715001e+01,-2.937894868768560741e+01,-3.066390987255260825e+00,-1.729844741035348932e+01,-1.804108558425868125e+01
1.810191620982649852e+00,1.589990663314218011e-01,-2.955232668545167485e+01,-2.304028158528648618e+01,-3.629710512604883377e+01,-3.440340731912179706e+00,5.235659126621601445e+01,-2.944858257810855662e+01,-4.418277370742654853e+01,-1.422479509565710032e+01,-1.063099433155912266e+01,-2.052243811151934949e+01,-3.011773016000495318e+01,-2.943417992693085239e+00,-1.800868026800304733e+01,-1.850979409694579658e+01
1.521924660248036076e+00,2.543543036984559080e-01,-3.189454059232532757e+01,-2.447953666378204218e+01,-3.705048037732794342e+01,-3.798066982801866942e+00,4.949929754391894221e+01,-2.988779818279269307e+01,-4.526270578611888595e+01,-1.465058182019198796e+01,-1.242531564195030569e+01,-2.195158119486819714e+01,-3.080642200903427863e+01,-2.939900406754489381e+00,-1.867886951072425461e+01,-1.892510887732289149e+01
1.144467389240283239e+00,3.627692410801657275e-01,-3.406877699432929774e+01,-2.582466531214991079e+01,-3.773898466144180475e+01,-4.202597781500429619e+00,4.678221894204108366e+01,-3.028074509240771306e+01,-4.624662669461122277e+01,-1.503598906702808335e+01,-1.409135552992594853e+01,-2.331209768128395865e+01,-3.143823390912804427e+01,-3.054824691636184752e+00,-1.930503614504316090e+01,-1.928826375204720733e+01
6.850953615778649919e-01,4.833676716371542170e-01,-3.605646484300763177e+01,-2.706682353457109969e+01,-3.836090979395937950e+01,-4.644273812992292250e+00,4.422216480565930397e+01,-3.064396117284648824e+01,-4.713288296955488477e+01,-1.537990571299948783e+01,-1.561289212950407546e+01,-2.458872017074773453e+01,-3.200467316754222225e+01,-3.281938350439105534e+00,-1.988292890131350532e+01,-1.959893387168813206e+01
1.539729700279899305e-01,6.136440894887549291e-01,-3.784809682374494599e+01,-2.820378271444373297e+01,-3.891881764973192048e+01,-5.113096404977412135e+00,4.182554814609727600e+01,-3.099672766734485663e+01,-4.792510057463056228e+01,-1.568405427549714659e+01,-1.698184066311478091e+01,-2.577137042449149362e+01,-3.250049357431596775e+01,-3.613470530281219339e+00,-2.041287505723558127e+01,-1.985946053776807219e+01
-4.355801787669406622e-01,7.500868331556880264e-01,-3.944056057860431252e+01,-2.923661659216647024e+01,-3.941602997551048304e+01,-5.597059717091703135e+00,3.959151728899468026e+01,-3.135727980522568714e+01,-4.862825336279399835e+01,-1.594964192344360754e+01,-1.819521510066374503e+01,-2.685208166821342957e+01,-3.292149281012537188e+01,-4.037695524399296687e+00,-2.089689379323694141e+01,-2.007222894600663210e+01
-1.067706509162135831e+00,8.883265401818363216e-01,-4.083365189430679720e+01,-3.016741206402407727e+01,-3.985584779737476424e+01,-6.083763881474908430e+00,3.751749252609749874e+01,-3.174217155153462500e+01,-4.924721709777898582e+01,-1.617816841018932905e+01,-1.925258508005560998e+01,-2.782426042465820615e+01,-3.326502810619768979e+01,-4.540683015140160705e+00,-2.133813250521863836e+01,-2.023953687169830573e+01
-1.724940419585585971e+00,1.023192712879918531e+00,-4.203324791216776646e+01,-3.100136942523741368e+01,-4.024219766767376427e+01,-6.560031897632523368e+00,3.559541213750236466e+01,-3.216534876015577993e+01,-4.978738551311880656e+01,-1.637131956394544829e+01,-2.015908564203624564e+01,-2.868452372931034233e+01,-3.353080515556500529e+01,-5.105990074160075665e+00,-2.174138989995921634e+01,-2.036410177215725525e+01
-2.389096297854255369e+00,1.148923429286817566e+00,-4.304945980538369099e+01,-3.174577486111863323e+01,-4.057960318717961457e+01,-7.013299271100898125e+00,3.381493345302152420e+01,-3.263795676436299686e+01,-5.025411770958962165e+01,-1.653178910796056300e+01,-2.092419199646104744e+01,-2.943280420251332430e+01,-3.372166775441245079e+01,-5.716173792230193840e+00,-2.211303829594658055e+01,-2.044949919753923950e+01
-3.041522605987200478e+00,1.259930441328297235e+00,-4.389409454415928025e+01,-3.240726883923561985e+01,-4.087061244302630314e+01,-7.430609394806651835e+00,3.216605699793734630e+01,-3.316565476382068312e+01,-5.064978733929072519e+01,-1.666080429419548636e+01,-2.155904591746647725e+01,-3.006990034888602281e+01,-3.384161322809740113e+01,-6.351257216553477747e+00,-2.245848398270503310e+01,-2.049819721157538766e+01
-3.663517059157015865e+00,1.351462457990088240e+00,-4.457322370403829837e+01,-3.298642634975769283e+01,-4.111324121279280064e+01,-7.800123560102562692e+00,3.064875615834131395e+01,-3.374739116047277321e+01,-5.097049532385580051e+01,-1.675779811950432929e+01,-2.207006090923920283e+01,-3.059401210163019869e+01,-3.389436432258997911e+01,-6.990074587742753920e+00,-2.277956113059613585e+01,-2.051008637354183861e+01
-4.237926810792650656e+00,1.419333926918010746e+00,-4.509450064998816288e+01,-3.348385827721906338e+01,-4.130495522622513249e+01,-8.111374424844079556e+00,2.926405803311951104e+01,-3.437727753701062738e+01,-5.121055352040809794e+01,-1.682234328560846848e+01,-2.246597013898207251e+01,-3.100576192988302182e+01,-3.388588861418514853e+01,-7.611196769616995539e+00,-2.307755522597824438e+01,-2.048526761602614243e+01
-4.748966043623394029e+00,1.460880163556307565e+00,-4.545865980066547252e+01,-3.389360869006447530e+01,-4.143895035007099636e+01,-8.355728523109043238e+00,2.802424130139633007e+01,-3.504263107041801106e+01,-5.135808648508933061e+01,-1.685221548466716968e+01,-2.274982418684305685e+01,-3.130303229708036383e+01,-3.382146837319544375e+01,-8.192992079809101824e+00,-2.334947939629432767e+01,-2.042149539460499597e+01
-5.183258771316886282e+00,1.474888611099320457e+00,-4.566404132205655486e+01,-3.420695659931864441e+01,-4.150658560358533578e+01,-8.526495039447983260e+00,2.694680158015148663e+01,-3.572536332819746008e+01,-5.139804493994805057e+01,-1.684449732682057288e+01,-2.292315668508828708e+01,-3.148380891369393453e+01,-3.370671503070575170e+01,-8.714267908980929178e+00,-2.358973850165151021e+01,-2.031573392296625968e+01
-5.530314413707237975e+00,1.461773748235810189e+00,-4.570455212442286097e+01,-3.441147574791720842e+01,-4.149768329582390436e+01,-8.620149387622547010e+00,2.605657031496548370e+01,-3.640304507099750708e+01,-5.131255659315053208e+01,-1.679644685997628528e+01,-2.298422589364821533e+01,-3.154565552732888989e+01,-3.354739880175876010e+01,-9.155891713804990673e+00,-2.379000238858812111e+01,-2.016447491778038170e+01
-5.784299227429688273e+00,1.422573345992994120e+00,-4.558398518576687053e+01,-3.450287609091036245e+01,-4.140801323537391454e+01,-8.636471190018689015e+00,2.536737917462028236e+01,-3.705356423037551394e+01,-5.108984963101892163e+01,-1.670928362800411549e+01,-2.294107169821575098e+01,-3.149475871729654841e+01,-3.335381936396116487e+01,-9.502398641952936487e+00,-2.394558558155024741e+01,-1.996896010832008272e+01
-5.942777557632069829e+00,1.360021167249183094e+00,-4.530493676087041166e+01,-3.447591299183095259e+01,-4.123328084833761409e+01,-8.578066324129096643e+00,2.489392272231111747e+01,-3.765239487244970462e+01,-5.071781885011819213e+01,-1.658436826759563587e+01,-2.280023818333143026e+01,-3.133782432349465807e+01,-3.313574247178539167e+01,-9.740863496046188175e+00,-2.405008103549548082e+01,-1.973070297354043134e+01
-6.008309284334796274e+00,1.277239560321163481e+00,-4.488405492795472185e+01,-3.433735485922352382e+01,-4.097761248975048431e+01,-8.451119207753691853e+00,2.463227013299939472e+01,-3.817841451145073961e+01,-5.019420222550974131e+01,-1.642819543026365636e+01,-2.258104872670486429e+01,-3.109228253979301826e+01,-3.290766758758019250e+01,-9.863551696141954039e+00,-2.410294954706512272e+01,-1.945748003180580099e+01
-5.987255122103981364e+00,1.178322925873423799e+00,-4.434507645996809089e+01,-3.410020624334570982e+01,-4.064939039391677511e+01,-8.264601884022091838e+00,2.456663943831892993e+01,-3.861243012300521116e+01,-4.952242498331449383e+01,-1.624948623007117021e+01,-2.230815892423916580e+01,-3.078065132398438664e+01,-3.268518706392870854e+01,-9.866971967309112301e+00,-2.410619904085454834e+01,-1.916021486884453395e+01
-5.890442677396642068e+00,1.067320776761697232e+00,-4.372821957172163110e+01,-3.379170327050869105e+01,-4.026614555095719084e+01,-8.030101312441772166e+00,2.465706178363546996e+01,-3.894090194798965854e+01,-4.871766168451253520e+01,-1.606157795918602460e+01,-2.202004689604638088e+01,-3.043624375387086900e+01,-3.248776165032334973e+01,-9.753076436900173007e+00,-2.406903273493347228e+01,-1.885627951384870471e+01
-5.730557331488022044e+00,9.495392487652267732e-01,-4.307319241197302517e+01,-3.343908718382198231e+01,-3.984481344544397530e+01,-7.760325303420458454e+00,2.485850738805731908e+01,-3.915124134519044219e+01,-4.779641762847950304e+01,-1.587628050316132544e+01,-2.175228061628351384e+01,-3.009073777270926087e+01,-3.233129850794327353e+01,-9.526774180670415149e+00,-2.399980174107543007e+01,-1.856221807676641333e+01
-5.523489446804799030e+00,8.297560837890358698e-01,-4.243286260860637782e+01,-3.308176368125563727e+01,-3.941010030260528652e+01,-7.469939988796141961e+00,2.510466882527180132e+01,-3.923801488696190631e+01,-4.678633744230995717e+01,-1.570926613154807683e+01,-2.155097228248115471e+01,-2.978391780432500013e+01,-3.223401742705982542e+01,-9.198997675929689422e+00,-2.391381889235765357e+01,-1.829976627319808813e+01
-5.285677993218371284e+00,7.133309118081463396e-01,-4.185694824782774504e+01,-3.275747854207577348e+01,-3.898484487772424245e+01,-7.173440088574317031e+00,2.532694586367915690e+01,-3.919795520409084588e+01,-4.571558998612508162e+01,-1.557353534916867943e+01,-2.145675191585846164e+01,-2.955143776445956405e+01,-3.220934002052244693e+01,-8.783395585503740222e+00,-2.382535602261700092e+01,-1.808849278399418381e+01
-5.034550257441978260e+00,6.049882062789180281e-01,-4.139847520014262017e+01,-3.250828458144307831e+01,-3.859427837497464964e+01,-6.885461978466871358e+00,2.544762306756229009e+01,-3.903350135435999846e+01,-4.461780551333239941e+01,-1.548241113600889207e+01,-2.151157151313816485e+01,-2.942969306591045608e+01,-3.226922224100907499e+01,-8.297925601545699692e+00,-2.375181751703631505e+01,-1.794880837959105691e+01
-4.786306876838303026e+00,5.095919572872098513e-01,-4.109967348327153047e+01,-3.236862598618443343e+01,-3.825814689117885337e+01,-6.619337721443855571e+00,2.539698618710434630e+01,-3.874872803827520329e+01,-4.352308461515022486e+01,-1.544470483280861117e+01,-2.174544783527028358e+01,-2.944580221500221739e+01,-3.241878970510866509e+01,-7.762315866643092477e+00,-2.370713233498614159e+01,-1.789595802405824543e+01
-4.557720183091348076e+00,4.300480809411340033e-01,-4.100768374803173089e+01,-3.237900613578187858e+01,-3.800035585606327970e+01,-6.388158137828149563e+00,2.509615757122963942e+01,-3.835575515953038916e+01,-4.246854085914131360e+01,-1.547119268407848836e+01,-2.219232978610153850e+01,-2.962929941777622389e+01,-3.266400723146114160e+01,-7.200900513681432358e+00,-2.371054222684676915e+01,-1.794707783809844415e+01
-4.362984822419200270e+00,3.689601454064295183e-01,-4.115458477767400325e+01,-3.256847271263082177e+01,-3.783675758258740984e+01,-6.202101008659553827e+00,2.448122212317230151e+01,-3.786723259294792854e+01,-4.148422604442492911e+01,-1.556648705672068900e+01,-2.287086292767619966e+01,-2.999729317314998411e+01,-3.300324733086358719e+01,-6.637478324898680171e+00,-2.377604943789319236e+01,-1.811197209356943461e+01
-4.215399604767466002e+00,3.268142757577194857e-01,-4.157073272034464395e+01,-3.296634050261937432e+01,-3.778389942689786096e+01,-6.070149718374551639e+00,2.348922328645267044e+01,-3.730195113519343408e+01,-4.060232225244124038e+01,-1.573559110141354722e+01,-2.379841715894926324e+01,-3.056521483310973508e+01,-3.343469809417321414e+01,-6.098234004487792959e+00,-2.392015763564558029e+01,-1.839965606791786001e+01
-4.125180371087061815e+00,3.032144274292818409e-01,-4.227157959718234537e+01,-3.359023843595180381e+01,-3.785060233335372004e+01,-5.998016171823927323e+00,2.207439299149075396e+01,-3.667903123784134323e+01,-3.984709803692916807e+01,-1.597818602156496581e+01,-2.497849171626123166e+01,-3.133697008467080991e+01,-3.395078049055760516e+01,-5.607462116098986371e+00,-2.415446787691371355e+01,-1.881207187437182426e+01
-4.100884176817700677e+00,2.955959952676643354e-01,-4.326892619945235197e+01,-3.445579912553932900e+01,-3.804525228491803546e+01,-5.989495053550271564e+00,2.019687277730162123e+01,-3.602197996403579339e+01,-3.924222059055074396e+01,-1.629391622900661218e+01,-2.641247708175524167e+01,-3.231399665197167792e+01,-3.454438836111353339e+01,-5.189365434018256451e+00,-2.449186033710070376e+01,-1.934959784010791850e+01
-4.146508473943047335e+00,3.013819430042588010e-01,-4.455033365335707174e+01,-3.555837641284843897e+01,-3.836315909829754389e+01,-6.044109517484486105e+00,1.784766222270101821e+01,-3.534985358452009052e+01,-3.879592124640615225e+01,-1.667410603218462484e+01,-2.807993877121651849e+01,-3.348028932887001474e+01,-3.520011576634320249e+01,-4.862457132835345419e+00,-2.493503281748830602e+01,-2.000169415987996047e+01
-4.263693524705878701e+00,3.164539373454786642e-01,-4.609384806657011069e+01,-3.688607721123282346e+01,-3.879667320841659262e+01,-6.159758718296188817e+00,1.503364199900033782e+01,-3.468300073064490618e+01,-3.851145008589514873e+01,-1.710952364594746200e+01,-2.995413108690226522e+01,-3.481479487362554437e+01,-3.590252034110287127e+01,-4.643169476353307346e+00,-2.548487493370322454e+01,-2.075470947278103750e+01
-4.449828695215437335e+00,3.368524018532248476e-01,-4.785570510784944531e+01,-3.840832827008995309e+01,-3.932703612227484768e+01,-6.330691043103115589e+00,1.179264634272249168e+01,-3.403646024706894480e+01,-3.837736513308095709e+01,-1.758452096106591966e+01,-3.198991352190154203e+01,-3.628197154682473524e+01,-3.663027340202836513e+01,-4.541193184944205541e+00,-2.613269530476128466e+01,-2.158582921962028678e+01
-4.699598346301993246e+00,3.580440463878780122e-01,-4.978013653471339239e+01,-4.008456918075781061e+01,-3.993127802907490320e+01,-6.549652347701986344e+00,8.183790388767476998e+00,-3.342337411014764825e+01,-3.837455303517600669e+01,-1.808237540578573999e+01,-3.413396750276743319e+01,-3.784019059227745174e+01,-3.736163286826872820e+01,-4.561921854920896635e+00,-2.686556104520053623e+01,-2.246851456657761048e+01
-5.003515074496966974e+00,3.765479040727015558e-01,-5.179005965414802404e+01,-4.185545665359958178e+01,-4.057575578794136106e+01,-6.806538415938767628e+00,4.298418355983812944e+00,-3.284948910700728675e+01,-3.846880478899964828e+01,-1.858083557179429590e+01,-3.631548544911112231e+01,-3.943448358517865415e+01,-3.806956134349769627e+01,-4.703019374093614147e+00,-2.765998511973212715e+01,-2.336782319867872104e+01
-5.351143283296853070e+00,3.881131325793099052e-01,-5.380893719625922245e+01,-4.366183770821240273e+01,-4.122983217996043948e+01,-7.091695422818418137e+00,2.354974336397788193e-01,-3.232083877372417646e+01,-3.862578401742359802e+01,-1.906174552474163875e+01,-3.846757802714535046e+01,-4.101330782345988268e+01,-3.873187920482331492e+01,-4.959421417235674312e+00,-2.849334467543334881e+01,-2.425102972245707633e+01
-5.729322733551903468e+00,3.897403082034394117e-01,-5.575152768530703895e+01,-4.543548468486265790e+01,-4.185817824766439799e+01,-7.393638764445661593e+00,-3.888806268409581435e+00,-3.183730623830717832e+01,-3.880269885408245045e+01,-1.950485017671800847e+01,-4.051699212088195168e+01,-4.252006402388303741e+01,-3.932497397319201582e+01,-5.318974878554598718e+00,-2.933673438188264981e+01,-2.508203163963220561e+01
-6.124521202818026921e+00,3.785426360091399545e-01,-5.753970720870626110e+01,-4.711303730412254254e+01,-4.243068536306503802e+01,-7.702048640874139096e+00,-7.959594006659330034e+00,-3.139839376566024498e+01,-3.895953121921365891e+01,-1.989512641962360817e+01,-4.239927209232163818e+01,-4.390534987418621427e+01,-3.983095848039212683e+01,-5.766991899070291083e+00,-3.016338090792666549e+01,-2.582922745420987809e+01
-6.522071346451681961e+00,3.529717614610135001e-01,-5.910060628798881055e+01,-4.863328636139958405e+01,-4.291902233844137982e+01,-8.006301191412184437e+00,-1.186320465676735125e+01,-3.099985032521213668e+01,-3.905591851336765785e+01,-2.021928516068646786e+01,-4.405554565461397942e+01,-4.512368720614426820e+01,-4.023433638406653756e+01,-6.283978926818207356e+00,-3.094555314143077851e+01,-2.646317169510622591e+01
-6.908232394261709430e+00,3.117986773037415560e-01,-6.038061636098706231e+01,-4.994956098618183660e+01,-4.330501105940626871e+01,-8.297806491197889045e+00,-1.550419286599060342e+01,-3.063890043158978926e+01,-3.906107880273779642e+01,-2.047164662991141881e+01,-4.544548357636068658e+01,-4.614391777268428996e+01,-4.052789638877787581e+01,-6.849944726855468957e+00,-3.166211202865781615e+01,-2.696340970439894136e+01
-7.268401499794965304e+00,2.560027927037040740e-01,-6.133459323062122337e+01,-5.101962766609561584e+01,-4.357196097876071406e+01,-8.567665645310576394e+00,-1.879513192882251360e+01,-3.030818116220277147e+01,-3.894518308704988385e+01,-2.064715431159552850e+01,-4.653532419723424596e+01,-4.693939083436281123e+01,-4.070538205885776506e+01,-7.440929509739206082e+00,-3.229113580046262655e+01,-2.731214270688477086e+01
-7.589026261597766165e+00,1.876837525842915966e-01,-6.193564262821744393e+01,-5.181514936030861662e+01,-4.371156735991870335e+01,-8.809427844547037978e+00,-2.166855980130264925e+01,-3.000100831406118118e+01,-3.868776159120960756e+01,-2.074686484947838494e+01,-4.730741575053545489e+01,-4.749610910293114330e+01,-4.076652903879349310e+01,-8.034128219462559173e+00,-3.281638539289636469e+01,-2.749998176112657688e+01
-7.856962755215171512e+00,1.108418638113661814e-01,-6.217143362249417748e+01,-5.231803787476087564e+01,-4.371985970061197690e+01,-9.017285478159806189e+00,-2.407482189659995697e+01,-2.970873320761087655e+01,-3.827434167318483560e+01,-2.077389583297085096e+01,-4.775542921583587486e+01,-4.780827314689094010e+01,-4.071323145568814539e+01,-8.606288862761118708e+00,-3.322421791268698144e+01,-2.752289703048520408e+01
-8.060363514428019016e+00,3.085951716177603998e-02,-6.204597608194969638e+01,-5.252305517926904344e+01,-4.359932665869158086e+01,-9.187552790383435308e+00,-2.598454876601917363e+01,-2.942335143642526418e+01,-3.769942980122962695e+01,-2.073537726188374108e+01,-4.788611836452321313e+01,-4.788035782334293344e+01,-4.055111771291788614e+01,-9.136924374580331687e+00,-3.350602465576912437e+01,-2.738414871734420331e+01
-8.187931007103848913e+00,-4.490589878718509453e-02,-6.157269473232191359e+01,-5.243175773512683691e+01,-4.335366974975701737e+01,-9.317043165913361236e+00,-2.738240647203042499e+01,-2.913470720215499910e+01,-3.696163396138615553e+01,-2.063812254934455837e+01,-4.771205162937269506e+01,-4.772090848163128385e+01,-4.028515907143732022e+01,-9.606865497416961830e+00,-3.365418235035910755e+01,-2.709021038842197981e+01
-8.230982588029732483e+00,-1.087505907434191954e-01,-6.078279321313819850e+01,-5.206096178366211547e+01,-4.299443445598441826e+01,-9.405381787740857646e+00,-2.827706570477988635e+01,-2.883629886398492204e+01,-3.607137541952232596e+01,-2.049374617947668753e+01,-4.726032561839451773e+01,-4.734989113581559650e+01,-3.992490216785915891e+01,-1.000307852989408275e+01,-3.366844205121938671e+01,-2.665586635373485080e+01
-8.182860189543248453e+00,-1.523195881490408965e-01,-5.971990914140885565e+01,-5.143765644457296560e+01,-4.253632704001287834e+01,-9.452777472020088112e+00,-2.869676768469432204e+01,-2.852272496013495129e+01,-3.504626869176399850e+01,-2.031417053187760757e+01,-4.656672984396811898e+01,-4.679321016091266472e+01,-3.948067727348357892e+01,-1.031626665819690913e+01,-3.355251639089675564e+01,-2.610027393062648571e+01
-8.039548904615930525e+00,-1.673461008270393791e-01,-5.843780979977468348e+01,-5.059824319587060870e+01,-4.199767522344880888e+01,-9.461315857921867689e+00,-2.868662206257917546e+01,-2.819165395930136242e+01,-3.391155353790065874e+01,-2.011286997273310817e+01,-4.567434872541383584e+01,-4.608254903987877071e+01,-3.896452477129385272e+01,-1.054322185934186962e+01,-3.331500052016282609e+01,-2.544730581475884890e+01
-7.799877613638454221e+00,-1.461293850867164679e-01,-5.700002288657628924e+01,-4.958794598635599726e+01,-4.139947484162803448e+01,-9.433710163596217058e+00,-2.830951281298828803e+01,-2.784361672719924741e+01,-3.269910175824435328e+01,-1.990329552135582958e+01,-4.463330961163623556e+01,-4.525427489532307845e+01,-3.838950150593915112e+01,-1.068571099818234416e+01,-3.296904275785895777e+01,-2.472420723003284593e+01
-7.466079208947576262e+00,-8.235180348189885535e-02,-5.547750612442179374e+01,-4.845976705065553602e+01,-4.076581423057089637e+01,-9.374226043229960226e+00,-2.764295347724257113e+01,-2.748353306490055559e+01,-3.144723356248357504e+01,-1.969982815077531768e+01,-4.349947447825442737e+01,-4.434920843411794067e+01,-3.777071799747824343e+01,-1.075175157151790017e+01,-3.253310134804982567e+01,-2.396174060493909508e+01
-7.042965776505617725e+00,2.914900970755240905e-02,-5.394152806248699505e+01,-4.726797669378747457e+01,-4.011911986709370126e+01,-9.286664876485453135e+00,-2.677144071462160468e+01,-2.711771149531246294e+01,-3.019501042680502678e+01,-1.951372456587466786e+01,-4.232779531862442468e+01,-4.340678153573003328e+01,-3.712187236104415433e+01,-1.075246478886128898e+01,-3.202693564332891185e+01,-2.318984567622619863e+01
-6.537768516415397357e+00,1.920766016197497095e-01,-5.245523981412638648e+01,-4.606205453743419298e+01,-3.947786365470363990e+01,-9.175357812812023894e+00,-2.577537975856051844e+01,-2.675352262637827039e+01,-2.897855041455250102e+01,-1.935292872031976685e+01,-4.116573638001000290e+01,-4.246123532762160835e+01,-3.645443057471534587e+01,-1.070253384319613588e+01,-3.146958908298782376e+01,-2.243564093030826712e+01
-5.960519614690241497e+00,4.079779524970490456e-01,-5.107637802678088690e+01,-4.488876637453505936e+01,-3.885830387315100154e+01,-9.044441453704003209e+00,-2.473395861850426058e+01,-2.640002203990970031e+01,-2.783213264785848651e+01,-1.922260335851512991e+01,-4.005656257487359539e+01,-4.154346618776743583e+01,-3.577899151820442114e+01,-1.061896770579309646e+01,-3.088063856003883245e+01,-2.172387101568760670e+01
-5.323197990149608927e+00,6.764861072487455829e-01,-4.984709747006986191e+01,-4.378407473963072505e+01,-3.827047743329032414e+01,-8.897896680667692237e+00,-2.371170223214591033e+01,-2.606570939938988829e+01,-2.678240091678483736e+01,-1.912330703227098638e+01,-3.903058275016667267e+01,-4.067525609276304976e+01,-3.510290647542956322e+01,-1.051967645372599236e+01,-3.027631213741992156e+01,-2.107353325989967630e+01
-4.639522068419314138e+00,9.951212374140254724e-01,-4.879460136024578532e+01,-4.277335497339878145e+01,-3.771882229080691218e+01,-8.738931883267056833e+00,-2.275855616352822608e+01,-2.575806362428559737e+01,-2.584809786669859477e+01,-1.905114587799081960e+01,-3.810644274498548612e+01,-3.986979731000198512e+01,-3.443068031040473898e+01,-1.042179271623615477e+01,-2.966941380858008870e+01,-2.049748403271324548e+01
-3.924848969062939119e+00,1.359104442493336506e+00,-4.792916425428472849e+01,-4.187016520729571312e+01,-3.720287272045746363e+01,-8.571042120301051170e+00,-2.190597554470386399e+01,-2.548385747032618553e+01,-2.503957784342748027e+01,-1.899935117465508938e+01,-3.729018752447211682e+01,-3.913181193807417912e+01,-3.376494265353272795e+01,-1.034185726386652959e+01,-2.906934787419163513e+01,-2.000272948467681999e+01
-3.196693312274373255e+00,1.760766554888341773e+00,-4.725401436919375442e+01,-4.108383106268726692e+01,-3.672229100579153283e+01,-8.397510169142577752e+00,-2.117809427385898857e+01,-2.525084823596752415e+01,-2.436371157540651211e+01,-1.896084810001150345e+01,-3.658469212502120627e+01,-3.846388239312970825e+01,-3.310980728950681851e+01,-1.029485005344039905e+01,-2.848589325249703563e+01,-1.959352818367813143e+01
-2.472985121100357730e+00,2.190694411434471078e+00,-4.675602323293027496e+01,-4.041135502764544896e+01,-3.627208563416850495e+01,-8.221235438922988692e+00,-2.057975929982367802e+01,-2.506422553697836975e+01,-2.381764452985635216e+01,-1.892587921643945492e+01,-3.598070963442597758e+01,-3.786032276595719281e+01,-3.246741385973727745e+01,-1.029213467988390107e+01,-2.792438241791346343e+01,-1.926772292252573493e+01
-1.772943787398418181e+00,2.637016657633196814e+00,-4.642039683317027965e+01,-3.984927881846435582e+01,-3.585042475752791802e+01,-8.045321948841902326e+00,-2.011352161340320777e+01,-2.493017650236468796e+01,-2.339728643305826949e+01,-1.888699051392836736e+01,-3.547088693148822358e+01,-3.731719961976831712e+01,-3.184327215343387252e+01,-1.034245073845025331e+01,-2.739207420306738072e+01,-1.902233149014668356e+01
-1.115422043011747633e+00,3.086633488481066223e+00,-4.622515108338657086e+01,-3.938853809317900811e+01,-3.545512934452253262e+01,-7.872659263173247268e+00,-1.977265004639654933e+01,-2.485293806341312006e+01,-2.309306747558767370e+01,-1.883699483850435286e+01,-3.504384071440586013e+01,-3.682812252968113853e+01,-3.124345007877835201e+01,-1.045019575420917590e+01,-2.689461795087713369e+01,-1.885111679280642250e+01
-5.189684776404916988e-01,3.525253934656610966e+00,-4.615135363066820418e+01,-3.902243118355034568e+01,-3.508830634835642570e+01,-7.705876232906796020e+00,-1.955295184409342113e+01,-2.483652324866743299e+01,-2.289547333716075173e+01,-1.877167776682034628e+01,-3.469329322636048119e+01,-3.639058136026075374e+01,-3.067736684983779583e+01,-1.061580018330411690e+01,-2.643984992709403059e+01,-1.874815437630863357e+01
7.003739014024290555e-04,3.939433860201624782e+00,-4.617049506810064941e+01,-3.873564004352925849e+01,-3.474870915572819285e+01,-7.546701932991986439e+00,-1.943751341064260885e+01,-2.487974078475080830e+01,-2.278681468807607757e+01,-1.868542715057171222e+01,-3.440526778430484001e+01,-3.599675486135195968e+01,-3.015188125118581297e+01,-1.083376743424513222e+01,-2.603081720044940539e+01,-1.870263390764002054e+01
4.295593254533081051e-01,4.315908360245209963e+00,-4.626077363348233717e+01,-3.851787359354199225e+01,-3.444045350282650020e+01,-7.397044492847200559e+00,-1.941531427519728936e+01,-2.498115642161927497e+01,-2.275183596692605192e+01,-1.857699681397355107e+01,-3.417336813066785339e+01,-3.564470478397925035e+01,-2.967718230462448048e+01,-1.109574462132241024e+01,-2.567331082913133855e+01,-1.870575710132152381e+01
7.577830297443632901e-01,4.643679428417605948e+00,-4.639498246941134596e+01,-3.835314319059599342e+01,-3.416499365018836443e+01,-7.257685512596673050e+00,-1.946673508601405445e+01,-2.513405259509211476e+01,-2.276960384121727543e+01,-1.844430187346867456e+01,-3.398604435823619951e+01,-3.532883400432001508e+01,-2.926045398015003229e+01,-1.138843508296268681e+01,-2.536880841760316230e+01,-1.874541549429903853e+01
9.791383525215735517e-01,4.913818401520654078e+00,-4.655053646426901537e+01,-3.822822379792638969e+01,-3.392626588140348076e+01,-7.129105723062671984e+00,-1.957487951594639242e+01,-2.532977819240353767e+01,-2.282050765490723165e+01,-1.828789857294546550e+01,-3.383582791762896136e+01,-3.504662626871296993e+01,-2.890922483423653944e+01,-1.169622207453966212e+01,-2.511906315019099623e+01,-1.881057763503501690e+01
1.092575559060215085e+00,5.120950963473173800e+00,-4.670026359187808396e+01,-3.812475633788663743e+01,-3.372472266518626327e+01,-7.010871177217218531e+00,-1.971467469424856134e+01,-2.555469356984644946e+01,-2.288077358460890309e+01,-1.810747614341048006e+01,-3.370983717208855523e+01,-3.479166239782423986e+01,-2.862677930866972531e+01,-1.200074167636915945e+01,-2.492104616442935594e+01,-1.888758421290124545e+01
1.100101963035225339e+00,5.261904707982520080e+00,-4.683113544422991481e+01,-3.803509416910806351e+01,-3.356745917310129812e+01,-6.903033468588830601e+00,-1.987475322515027543e+01,-2.579707558931421829e+01,-2.293517587759495768e+01,-1.790826820810536901e+01,-3.360733608894966551e+01,-3.456640934861168546e+01,-2.841938660542065520e+01,-1.228523424775185902e+01,-2.477618617675770452e+01,-1.896832561900693293e+01
1.009161800682480958e+00,5.337789189071909135e+00,-4.692750572814119892e+01,-3.794754412830987178e+01,-3.345711421328024926e+01,-6.804161404978785299e+00,-2.003834622775443819e+01,-2.604101570087549078e+01,-2.296590920936154134e+01,-1.769355104693252656e+01,-3.352261448986145354e+01,-3.436914999017795935e+01,-2.828796879296706379e+01,-1.253179570144666855e+01,-2.468107873977979239e+01,-1.904262583024876676e+01
8.301847900917991296e-01,5.352376877120313736e+00,-4.698708043563072323e+01,-3.786037920504129062e+01,-3.340121178002448232e+01,-6.713318978633807887e+00,-2.020208422398054537e+01,-2.627339460141739380e+01,-2.296421496705181653e+01,-1.747107737522711091e+01,-3.346052323565645281e+01,-3.420566311512240532e+01,-2.823518913310491030e+01,-1.272624398658422251e+01,-2.463615989692857511e+01,-1.910579230743800849e+01
5.779179039017776631e-01,5.313270847342984382e+00,-4.700903278116393835e+01,-3.777119213761361038e+01,-3.340404158090393594e+01,-6.628449649911978270e+00,-2.036290345714620997e+01,-2.647977904772542956e+01,-2.292229003014068667e+01,-1.724722228778273347e+01,-3.342428345114473132e+01,-3.407973005199808370e+01,-2.825954678128660191e+01,-1.285602461242930872e+01,-2.463911458915733022e+01,-1.915304859766003176e+01
2.690930946028800008e-01,5.230336882345575589e+00,-4.700580677679504049e+01,-3.768740083159353560e+01,-3.347377789242653989e+01,-6.547730852162700899e+00,-2.053195168401135717e+01,-2.664994166563131728e+01,-2.284199405245982462e+01,-1.703160515992152568e+01,-3.342714020581915690e+01,-3.400191375831086305e+01,-2.836097568476596109e+01,-1.291371033526577605e+01,-2.469161358016552299e+01,-1.918521351218461746e+01
-7.564075887952625976e-02,5.117217123851169447e+00,-4.698195195816460767e+01,-3.760791136950069102e+01,-3.360958964410872341e+01,-6.467475063839636107e+00,-2.071054464203288248e+01,-2.677085974085662201e+01,-2.272089857887604580e+01,-1.682830407186438038e+01,-3.347170171884297929e+01,-3.397389631610431593e+01,-2.853164854373555670e+01,-1.289319301835831766e+01,-2.478839059541783740e+01,-1.919926823101465629e+01
-4.349363104094408072e-01,4.988943839535821212e+00,-4.694816461988997958e+01,-3.753611691266804229e+01,-3.381143944003613910e+01,-6.384578301434252978e+00,-2.090609034031428237e+01,-2.683404999575957106e+01,-2.256328868962950196e+01,-1.664280144605146461e+01,-3.356455924382422040e+01,-3.399997997494320146e+01,-2.876383423417014740e+01,-1.279436781177966509e+01,-2.492607107042765335e+01,-1.919581982012510935e+01
-7.857369460950494044e-01,4.862669699708906279e+00,-4.690590029893464674e+01,-3.746650665345888598e+01,-3.407074481010472766e+01,-6.294505454115544296e+00,-2.111471657838605864e+01,-2.683012685458916735e+01,-2.236956704794764050e+01,-1.647505402187579193e+01,-3.370140246115911964e+01,-3.407556609371481215e+01,-2.904329329763803003e+01,-1.261929306178207355e+01,-2.509511308768381355e+01,-1.917188792801118780e+01
-1.105712163051666863e+00,4.755744592376370150e+00,-4.685522966511912557e+01,-3.739227450026079680e+01,-3.437668638164514334e+01,-6.193034897451646259e+00,-2.132976053524333082e+01,-2.675346159791796197e+01,-2.214262249887946155e+01,-1.632399390880280521e+01,-3.387559834384876467e+01,-3.419412409196448266e+01,-2.935453823921793060e+01,-1.237484975050305991e+01,-2.528534011320314789e+01,-1.912539761635274260e+01
-1.372638600778159912e+00,4.686047035513759340e+00,-4.678189442820229971e+01,-3.729417244593771841e+01,-3.470877755112843488e+01,-6.074892359224953964e+00,-2.152727969255654727e+01,-2.659754351730859412e+01,-2.187882579350383594e+01,-1.618222055636097423e+01,-3.406596774465511146e+01,-3.433785369339135229e+01,-2.967568982666250577e+01,-1.206926689773248995e+01,-2.547924677523843684e+01,-1.904912253683455958e+01
-1.568248576547080830e+00,4.668921316915138675e+00,-4.667630013471399053e+01,-3.715763571550472477e+01,-3.504976644411489417e+01,-5.936491244050337457e+00,-2.168773494570977078e+01,-2.636310621077126370e+01,-2.158126092060012979e+01,-1.604478121807309776e+01,-3.425608384331104617e+01,-3.449268493149237713e+01,-2.998855740587563901e+01,-1.171631836099592761e+01,-2.566313688612622457e+01,-1.893988933442082612e+01
-1.676821530588075149e+00,4.718072592508725904e+00,-4.651931144672877139e+01,-3.695992469759897858e+01,-3.537640189679302694e+01,-5.773405110237725069e+00,-2.178053244389563758e+01,-2.605142744372206209e+01,-2.124837510353182779e+01,-1.590196237934949863e+01,-3.442005764751846186e+01,-3.463698606087122300e+01,-3.027183036747760525e+01,-1.132974855742298814e+01,-2.581882359108304570e+01,-1.879095185520449718e+01
-1.687980485255053509e+00,4.843261175213456227e+00,-4.629625070959773581e+01,-3.668307081984823981e+01,-3.566944924432371522e+01,-5.583065570193340932e+00,-2.178008114148833840e+01,-2.567028627356650361e+01,-2.088378937820931469e+01,-1.574662223749902523e+01,-3.453699019997731057e+01,-3.475320004963704434e+01,-3.050895966176040019e+01,-1.092653119390561756e+01,-2.593217629380701794e+01,-1.859901875397633830e+01
-1.595881773092031608e+00,5.050689944164695078e+00,-4.599080546116614698e+01,-3.630796464633208132e+01,-3.590900523033434411e+01,-5.362964590376641638e+00,-2.165994620081816890e+01,-2.522955226571960452e+01,-2.048991031062479351e+01,-1.557002430049985264e+01,-3.458447635375922857e+01,-3.482225618266951983e+01,-3.068450503927017792e+01,-1.052271094623216641e+01,-2.598878518603191878e+01,-1.836001172497341827e+01
-1.401184133764623141e+00,5.341335031770132247e+00,-4.559760041622190840e+01,-3.582587829378477551e+01,-3.608312589166597206e+01,-5.112714831023637885e+00,-2.140732265917819177e+01,-2.474578886468766825e+01,-2.007622779794172629e+01,-1.536793695080282873e+01,-3.455120197779191926e+01,-3.483368692692424418e+01,-3.079076019509217588e+01,-1.013579254392951157e+01,-2.598135587957798975e+01,-1.807516894661759466e+01
-1.108720241683940344e+00,5.712571759251613202e+00,-4.510830787462921876e+01,-3.522587503143176946e+01,-3.617837243721047003e+01,-4.831508656790283851e+00,-2.100794730305283053e+01,-2.423461383410109704e+01,-1.964781353323985513e+01,-1.513345427212379946e+01,-3.442279500508345791e+01,-3.477433533949354683e+01,-3.082029688476171714e+01,-9.779125930364074293e+00,-2.590118115935223386e+01,-1.774332234906529493e+01
-7.289985175900923764e-01,6.156915887926608377e+00,-4.452225219997237105e+01,-3.450507569116147977e+01,-3.618787757782327219e+01,-4.520744874895839871e+00,-2.045760404899404250e+01,-2.371521223284959490e+01,-1.921330072751877083e+01,-1.486353559374924771e+01,-3.419286071080709632e+01,-3.463764457761925541e+01,-3.077212395207659767e+01,-9.465307125584573100e+00,-2.574503566800269994e+01,-1.736684682103640398e+01
-2.764832048292795719e-01,6.663256142966019979e+00,-4.384082163910260732e+01,-3.366324098388922437e+01,-3.610668415602658854e+01,-4.182035149526342366e+00,-1.975637919910499818e+01,-2.320563098385167677e+01,-1.877914591902063535e+01,-1.455488170511293333e+01,-3.385683604547909908e+01,-3.441827081431236479e+01,-3.064756754189464516e+01,-9.202476661398776514e+00,-2.551089309515367631e+01,-1.694764377816088086e+01
2.303280366309756744e-01,7.216777512620566881e+00,-4.307124473800045905e+01,-3.270687460165664362e+01,-3.593522349873836674e+01,-3.818740404999239502e+00,-1.891202127398065613e+01,-2.272441998362101856e+01,-1.835297627018570665e+01,-1.420719156814169537e+01,-3.341607839661148205e+01,-3.411598448044574639e+01,-3.045277169468909051e+01,-8.996269574294316840e+00,-2.520090516393297264e+01,-1.648989005151508991e+01
7.710372313850228920e-01,7.800614164221496338e+00,-4.221956197001351541e+01,-3.164271976466600478e+01,-3.567396281884079201e+01,-3.434252159962603912e+00,-1.793227361455669211e+01,-2.228596767043549676e+01,-1.793765818970362602e+01,-1.381914817518035932e+01,-3.287061067849238327e+01,-3.372951613683031269e+01,-3.019403979897128920e+01,-8.846856692265092192e+00,-2.481658774994943428e+01,-1.599576805142638136e+01
1.322318246315035140e+00,8.395162867390901340e+00,-4.130249670935511119e+01,-3.048868305605832774e+01,-3.533167228877107391e+01,-3.034426686135212492e+00,-1.683765063033550291e+01,-2.190556895446079011e+01,-1.754049242827980493e+01,-1.339498788677630614e+01,-3.223114693417431909e+01,-3.326640985776151638e+01,-2.988389410542231417e+01,-8.753270966926223196e+00,-2.436614355697931700e+01,-1.547198590906481286e+01
1.860198727491550130e+00,8.979962862450861394e+00,-4.034209170566973057e+01,-2.926819335089896157e+01,-3.492012307538888649e+01,-2.625173903871115044e+00,-1.565599663882011328e+01,-2.159503963263603055e+01,-1.716797063745531204e+01,-1.293993261950473084e+01,-3.151294678578842934e+01,-3.273732182912085875e+01,-2.953635347715945159e+01,-8.710249612380934536e+00,-2.385998423651809475e+01,-1.492580477299765107e+01
2.360384088429682947e+00,9.534099385878807453e+00,-3.936763717437928278e+01,-2.801244882468041197e+01,-3.445631314786631094e+01,-2.214086885206270949e+00,-1.442387353272494011e+01,-2.136456868122850494e+01,-1.682869868380453227e+01,-1.246295303690564538e+01,-3.073820651171297413e+01,-3.215871643933398616e+01,-2.916857420348840435e+01,-8.711067338185785047e+00,-2.331283825848108648e+01,-1.436725095311149403e+01
2.799630538478076858e+00,1.003744992528920932e+01,-3.841582664904984767e+01,-2.675951267316921189e+01,-3.396079966641437409e+01,-1.808982082323367990e+00,-1.318755191225804424e+01,-2.122124330042876750e+01,-1.653260978802089198e+01,-1.197494796247737270e+01,-2.993573452522888090e+01,-3.155165990029875900e+01,-2.879898805666869066e+01,-8.746550133598418597e+00,-2.274262774081581995e+01,-1.380803811507315970e+01
3.156103945115045661e+00,1.047110712152791479e+01,-3.753202726853111670e+01,-2.555571418640200321e+01,-3.345924453014848154e+01,-1.419022247853988006e+00,-1.200369473272255050e+01,-2.117092913073473426e+01,-1.629346931700948176e+01,-1.149063584321964981e+01,-2.914258435788670454e+01,-3.094373701689801237e+01,-2.844856580208950447e+01,-8.807576867873763149e+00,-2.217215496211402126e+01,-1.326339710652019477e+01
3.411399152195265572e+00,1.081910451525073569e+01,-3.676293869159131589e+01,-2.444829640068108034e+01,-3.297648798884874566e+01,-1.052461971745046299e+00,-1.093143227266378403e+01,-2.121459779099014042e+01,-1.612343945137067180e+01,-1.102382644334453232e+01,-2.839655809279399534e+01,-3.036255615719548473e+01,-2.813592732712547217e+01,-8.882766717603388429e+00,-2.162417314669984592e+01,-1.274781665764911764e+01
3.551099514416780067e+00,1.106897133883535744e+01,-3.615170591992412596e+01,-2.348177027661100524e+01,-3.253539865917818474e+01,-7.178816420286509015e-01,-1.002545808137807626e+01,-2.134923926860136589e+01,-1.603253705801546403e+01,-1.058805506240197758e+01,-2.773246647114083885e+01,-2.983401358963767791e+01,-2.787685752757403179e+01,-8.960937441642812473e+00,-2.112053420122236957e+01,-1.227484691991726606e+01
3.565095186615032219e+00,1.121208416293880106e+01,-3.573950780219502121e+01,-2.269848280559461529e+01,-3.215694922754497043e+01,-4.231233435801016185e-01,-9.338135706532909808e+00,-2.156839749407913587e+01,-1.602982881237807078e+01,-1.019591994419846515e+01,-2.718373676010794782e+01,-2.938278044801572975e+01,-2.768408024852155336e+01,-9.031044331212441989e+00,-2.068232741003285469e+01,-1.185722260867919431e+01
3.448367749010564864e+00,1.124427646466028463e+01,-3.555716041885628442e+01,-2.213165550521042491e+01,-3.185664170596575673e+01,-1.754249269818899393e-01,-8.908561471101279494e+00,-2.186149396151779456e+01,-1.611996593602557937e+01,-9.857452307894533305e+00,-2.677496647652631623e+01,-2.902748142086825567e+01,-2.756503140030110899e+01,-9.082898774165016675e+00,-2.032672838281607852e+01,-1.150459569215782807e+01
3.201211739295818148e+00,1.116601704101486447e+01,-3.562408209875136578e+01,-2.180382024322172185e+01,-3.164349922833440587e+01,1.955235968367219357e-02,-8.761475158327868940e+00,-2.221384684883642535e+01,-1.630282270563034785e+01,-9.578976608311521090e+00,-2.652117244206872471e+01,-2.877960388225270094e+01,-2.752104016056058811e+01,-9.106783163925229019e+00,-2.006592792583721518e+01,-1.122264792965971480e+01
2.828573437987813577e+00,1.098180911943388338e+01,-3.594754791106644376e+01,-2.172654629527402648e+01,-3.152130587663121730e+01,1.565430169437291852e-01,-8.905564711465046912e+00,-2.260907766972528066e+01,-1.657504643142266332e+01,-9.364809097143279359e+00,-2.642789199237627429e+01,-2.864441726343532224e+01,-2.754883360670567072e+01,-9.095678964949129863e+00,-1.990800905624453776e+01,-1.101421363174657841e+01
2.339071199650092581e+00,1.069937471565277676e+01,-3.652949417965904644e+01,-2.190528264693228522e+01,-3.149157785222236328e+01,2.316564603136441747e-01,-9.341999984610993124e+00,-2.303123539302876566e+01,-1.693373369130776496e+01,-9.218054316350190902e+00,-2.649737633364119915e+01,-2.862472560491785600e+01,-2.764268261716482300e+01,-9.045072835096277686e+00,-1.985927816409800784e+01,-1.088113019488543642e+01
1.745411127591523837e+00,1.032976678605446708e+01,-3.735760815286907643e+01,-2.233185292954501477e+01,-3.154935089159835115e+01,2.423904910671339508e-01,-1.005380974760390700e+01,-2.346338568898680421e+01,-1.737152161020981112e+01,-9.138372327341443224e+00,-2.672022628429179036e+01,-2.871525992775694647e+01,-2.779188328783732231e+01,-8.952514050179956939e+00,-1.992026119821606045e+01,-1.082109133344847862e+01
1.062534630513908951e+00,9.885776333236933056e+00,-3.841684102827758807e+01,-2.299378729932032428e+01,-3.168932499617835674e+01,1.874942707670967934e-01,-1.102014917485598744e+01,-2.389156670820405282e+01,-1.788340081325395658e+01,-9.125311024218689226e+00,-2.708636740516748631e+01,-2.891033317188619378e+01,-2.798542258159992002e+01,-8.818747165850140846e+00,-2.009075290536770808e+01,-1.083176399323943428e+01
3.075972423173567449e-01,9.381685055786132210e+00,-3.968433367674811052e+01,-2.387005550890727434e+01,-3.190334904730401888e+01,6.710867000418829775e-02,-1.221057030104805108e+01,-2.430380221666199247e+01,-1.846328471517756498e+01,-9.176720979372731790e+00,-2.757993635924481879e+01,-2.920028484622319098e+01,-2.821064965215371956e+01,-8.646981960881134910e+00,-2.036729215288759320e+01,-1.090877969743833376e+01
-5.012700848107130014e-01,8.832125320549920389e+00,-4.113658182419595732e+01,-2.493685412453968553e+01,-3.218374977153544592e+01,-1.167372206873409368e-01,-1.359424657189720165e+01,-2.469184765208018462e+01,-1.910735106243160430e+01,-9.289987469219312288e+00,-2.818571448753482400e+01,-2.957569438613317914e+01,-2.845576917981279053e+01,-8.442580368655001166e+00,-2.074575623756743425e+01,-1.104771914839230362e+01
-1.344195702287329652e+00,8.252432602766294423e+00,-4.273717010197847799e+01,-2.615763526503311454e+01,-3.251682740382466363e+01,-3.598533503350651586e-01,-1.512562703003254683e+01,-2.504746722235108791e+01,-1.980599110960099551e+01,-9.458277845399535977e+00,-2.887713815257327354e+01,-3.001892578044797943e+01,-2.870558774729769880e+01,-8.211319419453971591e+00,-2.121531041202567280e+01,-1.123912786721685109e+01
-2.201948247898570798e+00,7.656735578532657627e+00,-4.445153748567211949e+01,-2.749607306071385082e+01,-3.289130956775430548e+01,-6.568242832551760557e-01,-1.676201514879659271e+01,-2.536717876379228187e+01,-2.055263160891973939e+01,-9.675606053388122518e+00,-2.963047742284793529e+01,-3.051435862368695950e+01,-2.894778931989026205e+01,-7.961273972291706968e+00,-2.176547322320719502e+01,-1.147440434347073079e+01
-3.054922267795095792e+00,7.058564534250113098e+00,-4.623539708655626868e+01,-2.890658123562706194e+01,-3.329155619784333453e+01,-1.000051776614384380e+00,-1.845005111418072374e+01,-2.564769523780952909e+01,-2.133531240493530845e+01,-9.932329440610615734e+00,-3.041317329306088624e+01,-3.103975153929368958e+01,-2.916816927455286645e+01,-7.700153478935902740e+00,-2.237992481641133224e+01,-1.174059816725650762e+01
-3.884697696322071181e+00,6.469695629299284434e+00,-4.804430724386075013e+01,-3.034304768817819209e+01,-3.370297827673553570e+01,-1.380578151119806307e+00,-2.013696895125428910e+01,-2.588849943924309116e+01,-2.214213920559737403e+01,-1.021850724780108521e+01,-3.119300498787336196e+01,-3.157279916387575724e+01,-2.935462745572533549e+01,-7.436399636043830697e+00,-2.304102175969545385e+01,-1.202419034818967702e+01
-4.673539874646518655e+00,5.900560043587333325e+00,-4.982626590184904103e+01,-3.175318150468899603e+01,-3.410782405657955962e+01,-1.788044219350680919e+00,-2.176189587900404376e+01,-2.608879140100972904e+01,-2.295589195108334479e+01,-1.052149702898233841e+01,-3.193073803105486874e+01,-3.208583415171412412e+01,-2.949423918726573390e+01,-7.177833111744959638e+00,-2.372605085292603633e+01,-1.230796647974134572e+01
-5.406949002138077276e+00,5.358486999439325160e+00,-5.154054852055535463e+01,-3.309502015081128690e+01,-3.449558579776271472e+01,-2.212116902478832969e+00,-2.327803827359014122e+01,-2.625294092806976209e+01,-2.376533128208679102e+01,-1.083241863066071176e+01,-3.259808592949751471e+01,-3.255880164593896353e+01,-2.958073701005233147e+01,-6.934139286340652575e+00,-2.441645347589110315e+01,-1.257877523076025739e+01
-6.071757766915421684e+00,4.849361007449726202e+00,-5.314289160248004862e+01,-3.432440879059021199e+01,-3.485347828692901828e+01,-2.641192970736923940e+00,-2.463568418695274431e+01,-2.638380794658213802e+01,-2.455418126742097229e+01,-1.113986559828578038e+01,-3.316273491706211018e+01,-3.296788803984411231e+01,-2.960741300082898420e+01,-6.713190391161873549e+00,-2.508977519537587852e+01,-1.282064969527829135e+01
-6.658465073311333526e+00,4.376177248605465309e+00,-5.460288348023968297e+01,-3.541046964283670206e+01,-3.517642308854115640e+01,-3.064529131976726717e+00,-2.580254167291661815e+01,-2.648821254850410867e+01,-2.531227759094272756e+01,-1.143673182903627605e+01,-3.360531260950008203e+01,-3.329819490702965368e+01,-2.957436553244451716e+01,-6.524287526160179596e+00,-2.572881658309768227e+01,-1.302252379443270058e+01
-7.159721966138491211e+00,3.940488707292821857e+00,-5.589393464452912497e+01,-3.632693000111073900e+01,-3.546007350208758169e+01,-3.471230268129168905e+00,-2.675247711350414193e+01,-2.657187197361093922e+01,-2.602780746269938561e+01,-1.171550281413125560e+01,-3.390918419780339121e+01,-3.353580572305990870e+01,-2.948314002000535083e+01,-6.375228553662964259e+00,-2.631612730223647389e+01,-1.317347108848904469e+01
-7.571948772234701863e+00,3.541563531607661020e+00,-5.700628874155830772e+01,-3.706357915350065468e+01,-3.570813213048563739e+01,-3.851780558978873614e+00,-2.748048355968984424e+01,-2.664335607448037990e+01,-2.669579827080886503e+01,-1.197314494422363396e+01,-3.407312017687236505e+01,-3.367728373237174821e+01,-2.934191708006169108e+01,-6.274553583580996019e+00,-2.684107342111208538e+01,-1.326864565504305915e+01
-7.892653220807495984e+00,3.178796427351660014e+00,-5.792738155614125617e+01,-3.760928936185129601e+01,-3.592008896731647383e+01,-4.196430653701980873e+00,-2.797986883326223051e+01,-2.670613384711029425e+01,-2.730480618756288891e+01,-1.220322398581004109e+01,-3.409207407572855431e+01,-3.371524748661891380e+01,-2.915618430469135092e+01,-6.227310878589747745e+00,-2.728974749886648965e+01,-1.330061027723225209e+01
-8.122673697382321478e+00,2.850321969883005124e+00,-5.865752855534357479e+01,-3.796604562019268769e+01,-3.610126366005198406e+01,-4.497872218570293512e+00,-2.825960347293471386e+01,-2.676495779095988325e+01,-2.784859367870726032e+01,-1.240327435542076273e+01,-3.397310858483560025e+01,-3.365086578888186608e+01,-2.893607128999344980e+01,-6.239209135575549681e+00,-2.765441733236299626e+01,-1.326743178155583536e+01
-8.263896420225108841e+00,2.555023934866230917e+00,-5.919480307480885983e+01,-3.813538896518539900e+01,-3.625305043583794884e+01,-4.749383159640125029e+00,-2.832663315583010899e+01,-2.681957840381906522e+01,-2.831594844382762233e+01,-1.256811014855870212e+01,-3.372046699242510215e+01,-3.348248734439829377e+01,-2.868875725505870378e+01,-6.312618255762671993e+00,-2.792562630596770390e+01,-1.316578366830694335e+01
-8.320567830124502962e+00,2.291731691466541321e+00,-5.954371525252285835e+01,-3.812618380878100055e+01,-3.637895195111836699e+01,-4.946704056657381443e+00,-2.819481329467532760e+01,-2.686891230129127450e+01,-2.869798668214862403e+01,-1.269453432790245984e+01,-3.334459376262402941e+01,-3.321304940445902787e+01,-2.842279242984760401e+01,-6.449313250920255314e+00,-2.809791006022564375e+01,-1.299586820813370736e+01
